HF BASIS=def2-svp cutoff=1.0e-9 denserms=1.0e-6  zmake GRADIENT DIPOLE CHARGE=0

C          2.71900       -0.91940       -2.01340
C          2.82250       -0.67820       -0.52420
C          1.61590       -0.24410        0.17610
C          0.41580        0.00360       -0.38340
C         -0.84580        0.45570        0.34460
O         -0.54070        0.61220        1.72940
C         -1.25440        1.81570       -0.21960
C         -2.23170        1.95570       -1.13390
C         -2.96450        0.78800       -1.67990
O         -3.82480        0.97080       -2.53770
C         -2.58350       -0.59820       -1.21030
C         -2.01770       -0.59590        0.22520
C         -1.53680       -2.02590        0.56910
C         -3.17390       -0.28180        1.21600
C         -0.47600        3.02380        0.23890
C          4.01540       -0.88430        0.07180
C          4.37340       -0.71450        1.49280
O          5.65120       -1.09460        1.67730
O          3.70020       -0.30430        2.41520
H          1.97330       -1.69220       -2.23060
H          3.66600       -1.25990       -2.44730
H          2.44160        0.00200       -2.53720
H          1.69490       -0.11160        1.25390
H          0.29760       -0.11120       -1.45730
H         -1.22710        1.16840        2.13050
H         -2.51560        2.91690       -1.54890
H         -1.85940       -1.00210       -1.92720
H         -3.47930       -1.22960       -1.26060
H         -2.37310       -2.73480        0.55500
H         -1.08660       -2.06560        1.56710
H         -0.79780       -2.39390       -0.15050
H         -2.85460       -0.40590        2.25680
H         -3.55360        0.73860        1.10640
H         -4.01940       -0.96210        1.05930
H          0.59630        2.88180        0.07200
H         -0.64280        3.21230        1.30390
H         -0.77150        3.92960       -0.30200
H          4.85500       -1.21670       -0.53390
H          5.79270       -0.94850        2.63610

