HF BASIS=def2-svp cutoff=1.0e-9 denserms=1.0e-6  zmake GRADIENT DIPOLE CHARGE=0

N         -3.73030       -0.23580       -0.46420
C         -3.49500        0.89770        0.43400
C         -2.44760        0.56770        1.49290
C         -1.03200        0.56670        0.94970
O         -0.12570        1.19520        1.49200
N         -0.84050       -0.23970       -0.14160
C          0.43040       -0.33270       -0.87030
C          1.48690       -1.14600       -0.09910
C          2.65120       -0.31850        0.33650
N          2.53690        0.72730        1.22120
C          3.78110        1.25970        1.39390
N          4.68290        0.61820        0.68660
C          3.99260       -0.36450        0.02520
C          0.15920       -0.99360       -2.21980
O          1.16710       -0.83810       -3.10140
O         -0.84550       -1.61330       -2.53670
H         -4.40440        0.04140       -1.18130
H         -4.18680       -0.99120        0.05170
H         -4.44050        1.15940        0.92090
H         -3.17580        1.76120       -0.16000
H         -2.64370       -0.39920        1.97050
H         -2.49370        1.33190        2.27840
H         -1.68330       -0.59370       -0.60830
H          0.75160        0.69740       -1.06970
H          1.04480       -1.61340        0.79060
H          1.86850       -1.97270       -0.71230
H          1.67060        1.06600        1.63420
H          3.96340        2.10810        2.03930
H          4.49920       -1.05160       -0.64040
H          0.85820       -1.29380       -3.91270

