HF BASIS=def2-svp cutoff=1.0e-9 denserms=1.0e-6  zmake GRADIENT DIPOLE CHARGE=0

C         -2.23990       -2.98280       -2.54640
N         -1.72070       -2.44100       -1.29130
C         -0.24890       -2.47850       -1.28080
C          0.32940       -1.93130        0.03510
C         -0.16190       -0.51620        0.32010
C         -1.68250       -0.46590        0.23540
C         -2.19800       -1.06360       -1.08540
C          0.63490        0.55890        0.56280
C          0.12590        1.89780        0.76750
C          0.52350        2.98240       -0.00200
S         -0.24880        4.42550        0.52560
C         -1.05720        3.62100        1.79470
C         -0.76130        2.27810        1.82350
C          1.45630        3.05460       -1.12960
O          1.70330        4.10090       -1.73860
C          2.10980        1.76610       -1.61410
C          2.83520        0.99570       -0.53410
C          4.23240        0.88280       -0.55670
C          4.90170        0.19300        0.45550
C          4.18610       -0.38250        1.50370
C          2.79630       -0.27560        1.54030
C          2.11360        0.39580        0.51670
H         -1.91810       -4.02170       -2.67860
H         -3.33540       -2.99240       -2.53660
H         -1.90770       -2.40540       -3.41680
H          0.09020       -3.51560       -1.39430
H          0.16120       -1.90760       -2.12520
H          1.41780       -2.00490       -0.03020
H          0.02470       -2.57810        0.86840
H         -2.09770       -1.02780        1.08210
H         -2.08060        0.54900        0.30870
H         -3.29450       -1.05840       -1.05410
H         -1.89350       -0.41800       -1.92070
H         -1.70340        4.17220        2.46420
H         -1.16420        1.59980        2.56640
H          1.34870        1.13540       -2.08990
H          2.81620        2.03030       -2.41170
H          4.81200        1.33850       -1.35720
H          5.98600        0.11370        0.43160
H          4.71170       -0.90790        2.29700
H          2.24710       -0.71410        2.37030

