HF BASIS=def2-svp cutoff=1.0e-9 denserms=1.0e-6  zmake GRADIENT DIPOLE CHARGE=0

O         -1.53470       -3.73470        7.43450
C         -1.34210       -3.54500        6.11980
O         -2.03750       -4.09100        5.27970
C         -0.22370       -2.63240        5.80160
C          0.54750       -2.05570        6.82220
C          1.60190       -1.21240        6.49190
O          2.35480       -0.67150        7.49320
C          1.89830       -0.91960        5.16570
O          2.96060       -0.09470        4.91320
C          1.12110       -1.46960        4.15230
O          1.43940       -1.18460        2.82200
C          0.54880       -0.29000        2.26070
O         -0.27460        0.39660        2.84740
C          0.77050       -0.20620        0.79180
C          1.63620       -1.06840        0.11080
C          1.79880       -0.91840       -1.26130
O          2.66270       -1.75640       -1.91200
C          1.10650        0.05650       -1.98350
O          1.36230        0.08570       -3.32580
C          0.24200        0.91420       -1.30820
O         -0.45460        2.01280       -1.86510
C         -0.95420        2.04960       -3.15300
O         -0.85580        1.16060       -3.98690
C         -1.66200        3.33190       -3.39990
C         -1.57310        4.41730       -2.51320
C         -2.25250        5.59230       -2.80760
O         -2.16300        6.64700       -1.94800
C         -3.01190        5.69950       -3.96380
O         -3.66630        6.87260       -4.22240
C         -3.10290        4.62790       -4.84460
O         -3.86720        4.79000       -5.96410
C         -2.43160        3.43990       -4.57350
C          0.07910        0.78720        0.07800
C          0.07320       -2.34590        4.45760
O         -0.61600       -2.89760        3.40610
H         -2.29470       -4.34960        7.49700
H          0.34260       -2.26130        7.86880
H          3.01760       -0.11470        7.03730
H          3.02480       -0.00780        3.94320
H          2.18410       -1.85580        0.62090
H          2.63730       -1.46230       -2.84680
H          0.54740        0.40010       -3.77630
H         -0.98110        4.37060       -1.60280
H         -2.71610        7.34690       -2.35030
H         -4.13090        6.71040       -5.06800
H         -3.84730        3.96350       -6.47920
H         -2.49500        2.59790       -5.25880
H         -0.58630        1.47020        0.60450
H         -1.33730       -3.46360        3.75850

