HF BASIS=def2-svp cutoff=1.0e-9 denserms=1.0e-6  zmake GRADIENT DIPOLE CHARGE=0

C         -4.99510        1.65340       -0.55290
C         -4.06030        0.49360       -0.90340
C         -4.81810       -0.60680       -1.64740
C         -2.86350        0.95810       -1.69480
C         -1.55880        0.74070       -1.43540
C         -0.95680       -0.08820       -0.31530
C         -0.59630        0.84320        0.87620
C         -0.28780        0.17900        2.20620
C          0.81870       -0.56090        2.44060
C          1.72520       -0.84830        1.26190
C          0.91180       -1.73790        0.28680
O          1.79300       -2.81010       -0.09370
C          2.55590       -3.06710        1.10720
O          1.66030       -3.67320        2.05140
C          2.07140       -3.58750        3.40890
C          2.33230       -2.15980        3.90070
O          2.78690       -2.23010        5.25440
C          1.14830       -1.15560        3.79830
O          1.50000       -0.04260        4.64700
C          3.39970       -1.64530        2.96380
O          4.50750       -1.23880        3.31750
C          2.99570       -1.66150        1.51110
O          4.05940       -1.17330        0.68630
C          0.18490       -1.02220       -0.87870
C         -0.47390       -2.14000       -1.74330
C          1.17340       -0.22860       -1.77410
C          0.48120        0.49560       -2.93610
C         -0.66540        1.40950       -2.46710
C         -0.11300        2.75300       -1.95710
C         -1.67080        1.66850       -3.61030
C         -3.03440        1.79060       -2.93560
H         -5.80640        1.30930        0.09800
H         -5.45200        2.09350       -1.44620
H         -4.45530        2.44540       -0.02180
H         -3.72480        0.06890        0.04960
H         -5.25490       -0.24050       -2.58280
H         -5.63510       -0.99570       -1.03000
H         -4.15540       -1.44540       -1.88880
H         -1.73480       -0.76470        0.06510
H          0.23860        1.50310        0.61950
H         -1.44260        1.52000        1.06210
H         -0.99680        0.37540        3.00880
H          2.02490        0.10500        0.81640
H          0.10730       -2.24750        0.84220
H          3.38310       -3.74390        0.87150
H          2.96320       -4.21430        3.54320
H          1.28830       -4.04880        4.02150
H          2.88200       -1.29450        5.53460
H          0.25570       -1.61330        4.24150
H          0.77980        0.61010        4.58900
H          4.77770       -0.88850        1.28970
H          0.28360       -2.76080       -2.23480
H         -1.12710       -1.74200       -2.52560
H         -1.09230       -2.80030       -1.12380
H          1.71860        0.51810       -1.18980
H          1.93320       -0.90600       -2.18400
H          1.22600        1.08020       -3.49140
H          0.11570       -0.25450       -3.64770
H          0.65830        2.62060       -1.19400
H          0.34670        3.31870       -2.77610
H         -0.90100        3.38120       -1.52590
H         -1.43300        2.55900       -4.20250
H         -1.70100        0.82260       -4.31050
H         -3.82100        1.41250       -3.59460
H         -3.25870        2.83000       -2.67310

