HF BASIS=def2-svp cutoff=1.0e-9 denserms=1.0e-6  zmake GRADIENT DIPOLE CHARGE=0

C         -0.77740        1.58230       -3.31910
C          0.25670        1.06160       -2.33510
O          1.44400        0.67950       -3.05770
C          1.91430       -0.57520       -2.53470
C          1.10140       -0.90250       -1.29140
S          1.83770       -0.19090        0.21600
C          0.28060       -0.03260        1.15540
C          0.03410       -1.26650        2.01250
C         -0.86870       -0.73590        3.11160
O         -0.53550        0.64490        3.30940
C          0.35870        1.05370        2.24770
C          0.03210        2.48300        1.84370
S         -1.11200        0.15360       -0.04340
C         -0.19750       -0.18490       -1.57300
H         -0.37920        2.44210       -3.86850
H         -1.02480        0.82210       -4.06810
H         -1.69610        1.88830       -2.81040
H          0.54860        1.87500       -1.65940
H          2.99500       -0.52420       -2.36890
H          1.73160       -1.32540       -3.31250
H          0.98940       -1.98130       -1.14640
H         -0.39930       -2.12700        1.49160
H          0.96770       -1.60890        2.47990
H         -0.73820       -1.27940        4.05200
H         -1.92520       -0.79080        2.82930
H          1.35840        1.05150        2.70340
H          0.21100        3.15730        2.68890
H          0.64920        2.81580        1.00420
H         -1.02530        2.60270        1.58700
H         -0.82400       -0.81000       -2.22120

