HF BASIS=def2-svp cutoff=1.0e-9 denserms=1.0e-6  zmake GRADIENT DIPOLE CHARGE=0

C          0.19860        0.16280        4.02520
C          0.46330        0.31190        2.71790
C         -0.20720       -0.45650        1.65810
C         -0.51930       -1.80750        1.80540
C         -1.14850       -2.49650        0.77110
O         -1.41640       -3.82110        1.00570
C         -1.48620       -1.88120       -0.44770
C         -2.21400       -2.62140       -1.54970
O         -1.92610       -4.02790       -1.71260
C         -1.44010       -3.15410       -2.73800
C         -2.10450       -3.34170       -4.07350
C         -2.12490       -2.02570       -4.84670
C         -1.38120       -4.42250       -4.87940
C         -1.13620       -0.52060       -0.59860
O         -1.48490        0.03540       -1.80680
C         -0.91040        1.29570       -2.17960
O          0.50740        1.13950       -2.33750
C          1.15720        2.35610       -2.73400
C          0.64620        2.85380       -4.09190
O          1.17110        4.15150       -4.40970
C         -0.87690        2.98280       -4.05770
O         -1.23540        4.08610       -3.19960
C         -1.55150        1.72120       -3.52200
O         -2.95540        1.98200       -3.37260
C          2.64050        2.03560       -2.87110
O          2.97150        0.82890       -2.35270
O          3.45140        2.78000       -3.40300
C         -0.50410        0.17600        0.44320
C          0.87250        0.93260        5.07920
C          1.07250        2.31440        4.97500
C          1.68500        2.99770        6.01620
O          1.87000        4.34800        5.90520
C          2.10110        2.33080        7.16480
O          2.69870        3.06840        8.14740
C          1.90240        0.96190        7.29180
C          1.28150        0.26670        6.24910
H         -0.53820       -0.55900        4.37220
H          1.20350        1.03670        2.38350
H         -0.27400       -2.34440        2.71780
H         -1.70070       -4.22260        0.16090
H         -3.24360       -2.31890       -1.72040
H         -0.37280       -2.97670       -2.79230
H         -3.14230       -3.66710       -3.92690
H         -2.60050       -2.15350       -5.82470
H         -1.10970       -1.64430       -5.00610
H         -2.68420       -1.26330       -4.29490
H         -0.34430       -4.13700       -5.08440
H         -1.87910       -4.59630       -5.83610
H         -1.36420       -5.37110       -4.32980
H         -1.14160        2.04710       -1.41500
H          1.05980        3.10490       -1.93890
H          0.92840        2.15730       -4.89230
H          2.14930        4.06960       -4.44490
H         -1.27080        3.23810       -5.04840
H         -0.69240        4.83640       -3.53020
H         -1.44180        0.90890       -4.25030
H         -3.02010        2.88930       -3.01060
H          2.15580        0.38420       -2.02150
H         -0.25430        1.22670        0.34600
H          0.74520        2.86680        4.10070
H          2.29010        4.60510        6.75010
H          2.93270        2.46760        8.87520
H          2.21420        0.42160        8.17950
H          1.12580       -0.80750        6.35190

