HF BASIS=def2-svp cutoff=1.0e-9 denserms=1.0e-6  zmake GRADIENT DIPOLE CHARGE=0

C          4.00130        3.22710        0.68960
O          3.30460        2.59660        1.75650
C          2.16840        1.89230        1.45000
C          1.65050        1.75410        0.15710
C          0.49670        0.99960       -0.06160
C         -0.14330        0.37490        1.00270
C         -1.34680       -0.41750        0.71770
O         -1.95640       -0.99820        1.60910
C         -1.78760       -0.48320       -0.68320
C         -1.08520        0.16660       -1.62170
C         -1.46950        0.14790       -3.06840
O          0.05290        0.91220       -1.35920
C          0.36450        0.50720        2.30030
O         -0.23310       -0.11000        3.37110
C          1.51320        1.27970        2.54030
C          2.07670        1.40160        3.93300
H          3.37790        3.98570        0.20510
H          4.87300        3.73470        1.11370
H          4.36510        2.49040       -0.03420
H          2.12480        2.21820       -0.70110
H         -2.67560       -1.06470       -0.89470
H         -1.66300        1.16620       -3.42070
H         -0.65900       -0.27760       -3.66880
H         -2.37050       -0.44760       -3.24830
H         -1.02030       -0.60440        3.04960
H          2.86890        0.66080        4.07910
H          2.48550        2.40240        4.10780
H          1.30990        1.25010        4.69930

