HF BASIS=def2-svp cutoff=1.0e-9 denserms=1.0e-6  zmake GRADIENT DIPOLE CHARGE=0

C          3.52070        2.56080       -0.15050
C          2.12950        2.25190        0.45680
C          2.40840        1.65110        1.85270
O          3.17230        0.45020        1.72680
C          2.98970       -0.43610        2.83150
O          1.84510       -1.24380        2.54440
C          1.58370       -2.20200        3.59290
C          0.31380       -2.97430        3.21490
O         -0.77960       -2.06450        3.04140
C          2.77640       -3.15990        3.77530
O          2.57760       -4.04240        4.89000
C          4.06410       -2.34680        4.01480
O          5.17720       -3.25180        4.05980
C          4.25900       -1.29640        2.92560
O          4.52200       -1.98420        1.68600
C          1.23540        1.35130       -0.49420
O          1.77990        0.02610       -0.50780
C          1.31660        1.86310       -1.95710
C         -0.11090        2.10330       -2.44250
O         -0.09850        3.24980       -3.28390
C         -0.84000        0.91470       -3.12150
C         -0.37130        0.60710       -4.54330
C         -0.64880       -0.34830       -2.21940
C         -1.02460        0.01320       -0.76110
O         -0.90570       -1.08700        0.11810
O         -2.40650        0.44660       -0.79720
C         -2.37720        1.74100       -1.50580
C         -3.63000        2.53160       -1.13320
O         -3.55050        2.93310        0.24120
C         -3.88380        3.79290       -1.97580
C         -5.38540        3.95140       -2.26050
C         -3.08260        3.84940       -3.28400
C         -2.85160        2.49150       -3.93940
C         -2.33620        1.37060       -3.01150
O         -3.20190        0.24510       -3.27480
C         -0.95940        2.31700       -1.16410
O         -0.87750        3.64690       -0.70200
C         -0.31670        1.28440       -0.21110
C         -0.71890        1.50880        1.25480
H          4.21170        2.94050        0.60940
H          3.46510        3.34890       -0.90870
H          3.97550        1.67590       -0.60740
H          1.62410        3.21600        0.59450
H          1.49170        1.47590        2.41540
H          2.99760        2.35810        2.45910
H          2.84190        0.12020        3.76550
H          1.38070       -1.64660        4.51960
H          0.03300       -3.67950        4.00250
H          0.43880       -3.52130        2.27740
H         -0.64880       -1.63690        2.16630
H          2.90430       -3.79380        2.89080
H          3.48140       -4.24640        5.21040
H          4.01880       -1.86670        5.00080
H          5.41260       -3.42430        3.12150
H          5.13950       -0.67490        3.11980
H          4.26020       -1.35290        0.97650
H          1.85580       -0.28060        0.41920
H          1.84240        2.81590       -2.01590
H          1.85770        1.17420       -2.61660
H          0.01840        4.02180       -2.69140
H         -1.00670       -0.15840       -5.00170
H          0.65620        0.22300       -4.54240
H         -0.38210        1.48850       -5.19210
H         -1.28750       -1.16680       -2.57150
H          0.37030       -0.74170       -2.28620
H         -1.16510       -1.87380       -0.39040
H         -4.50020        1.86340       -1.20730
H         -3.71950        2.12260        0.76210
H         -3.61000        4.68070       -1.38230
H         -5.95830        3.91260       -1.32960
H         -5.58080        4.91830       -2.73480
H         -5.76010        3.17090       -2.92300
H         -2.12600        4.33260       -3.06990
H         -3.57460        4.51350       -4.00510
H         -2.19750        2.61700       -4.80520
H         -3.81320        2.17930       -4.37240
H         -3.35250       -0.21120       -2.42470
H         -1.64480        3.80820       -0.10730
H         -0.37440        2.47890        1.62670
H         -1.80260        1.48720        1.39570
H         -0.32540        0.71670        1.89610

