HF BASIS=def2-svp cutoff=1.0e-9 denserms=1.0e-6  zmake GRADIENT DIPOLE CHARGE=0

O         -4.80980        0.39700        0.56380
C         -3.81030       -0.60840        0.76060
C         -4.26880       -1.88000        0.04520
C         -3.14980       -2.84910       -0.22670
C         -1.81220       -2.46900       -0.01890
O         -1.47510       -1.21660        0.42580
C         -2.44910       -0.19830        0.18050
C         -1.90400        1.08060        0.79580
C         -1.71040        2.21960       -0.00700
C         -1.19080        3.37850        0.55850
O         -0.93590        4.49420       -0.19130
C         -0.87570        3.42410        1.91290
O         -0.36720        4.56760        2.45810
C         -1.05420        2.31180        2.72060
C         -1.56250        1.13830        2.16120
C         -0.73770       -3.35950       -0.24310
C          0.71990       -2.93960        0.01230
C          1.13760       -1.86700       -1.02270
O          1.58170       -2.53750       -2.22580
C          2.26010       -0.95370       -0.48570
O          2.00510       -0.43630        0.82640
C          1.60970       -1.34220        1.76080
C          0.99640       -2.55320        1.44930
C          0.64790       -3.42000        2.50180
C          0.86960       -3.05620        3.83050
C          1.44400       -1.82580        4.11490
O          1.63480       -1.49820        5.42460
C          1.81460       -0.96420        3.09000
C          2.44180        0.25660       -1.40890
C          1.87270        1.50620       -1.10200
C          1.99830        2.57480       -1.98480
O          1.44610        3.78930       -1.70330
C          2.67390        2.42650       -3.18890
C          3.25420        1.19950       -3.50290
C          3.13830        0.12160       -2.62110
C         -1.03980       -4.63340       -0.73900
O         -0.02130       -5.49900       -1.02190
C         -2.35560       -5.02290       -0.97330
C         -3.39700       -4.13480       -0.71750
O         -4.65250       -4.60230       -0.98910
H         -4.56800        1.15460        1.12840
H         -3.73250       -0.81460        1.83600
H         -4.73980       -1.61480       -0.91050
H         -5.04550       -2.35620        0.65620
H         -2.53200       -0.04710       -0.90590
H         -1.94940        2.18430       -1.06730
H         -1.08840        4.27970       -1.13410
H         -0.39310        5.22450        1.73610
H         -0.78880        2.35050        3.77250
H         -1.66970        0.25820        2.79350
H          1.37110       -3.80770       -0.16020
H          0.28880       -1.24070       -1.32070
H          0.89060       -3.18370       -2.46030
H          3.21680       -1.49390       -0.45430
H          0.18900       -4.38420        2.29150
H          0.59030       -3.72740        4.63780
H          2.07500       -0.63280        5.46390
H          2.27040       -0.00250        3.30100
H          1.32920        1.63460       -0.16940
H          1.23520        3.80770       -0.75070
H          2.75630        3.26290       -3.87580
H          3.78460        1.07620       -4.44430
H          3.57660       -0.83650       -2.89460
H         -0.39640       -6.35710       -1.28520
H         -2.59140       -6.00900       -1.36220
H         -5.30950       -3.90050       -0.85310

