HF BASIS=def2-svp cutoff=1.0e-9 denserms=1.0e-6  zmake GRADIENT DIPOLE CHARGE=0

C          4.81870        1.03300        4.14390
C          4.40220        0.46500        2.81250
C          4.10100        1.49780        1.76370
C          4.31160       -0.86690        2.62950
C          3.95770       -1.58890        1.35740
C          2.46030       -1.90680        1.28960
C          2.11080       -2.78430        0.10620
C          2.21420       -4.26560        0.36370
C          1.72860       -2.32840       -1.10420
C          1.60570       -0.89860       -1.56780
C          0.20360       -0.56620       -2.01770
C         -0.70850        0.16230       -1.34260
O         -1.98260        0.46290       -1.79040
C         -2.36980        0.01550       -3.02400
C         -1.53610       -0.73510       -3.84390
C         -1.98130       -1.16920       -5.09610
C         -3.26990       -0.84330       -5.51950
C         -4.09660       -0.08890       -4.69310
O         -5.34590        0.20780       -5.15070
C         -3.65870        0.34530       -3.44550
C         -0.18290       -1.05890       -3.37020
O          0.58440       -1.70930       -4.07060
C         -0.44500        0.74600       -0.01790
C          0.08380        2.04350        0.04390
C          0.32860        2.62660        1.27960
O          0.85390        3.88610        1.32780
C          0.04970        1.94700        2.46060
O          0.32100        2.58400        3.63970
C         -0.48810        0.66790        2.42220
C         -0.72810        0.07120        1.18260
O         -1.23320       -1.20030        1.22380
H          5.69760        1.67570        4.02360
H          4.00910        1.62910        4.57630
H          5.07980        0.25090        4.86330
H          3.64630        1.07710        0.86450
H          5.01710        2.01730        1.47090
H          3.39990        2.24040        2.15890
H          4.52930       -1.52480        3.47110
H          4.25780       -1.00530        0.47930
H          4.54990       -2.51230        1.31460
H          1.89970       -0.96940        1.24820
H          2.12940       -2.40080        2.21350
H          3.22160       -4.52730        0.69820
H          1.50090       -4.56850        1.13850
H          2.00300       -4.85740       -0.53290
H          1.52350       -3.06130       -1.88690
H          2.30240       -0.75000       -2.40470
H          1.95090       -0.19720       -0.80190
H         -1.33060       -1.75550       -5.74040
H         -3.62560       -1.17310       -6.49120
H         -5.79820        0.77120       -4.50100
H         -4.29930        0.93370       -2.79690
H          0.30460        2.60260       -0.86110
H          0.94910        4.07630        2.28260
H          0.04300        1.99830        4.36590
H         -0.71700        0.11850        3.32910
H         -1.20450       -1.58270        0.33020

