HF BASIS=def2-svp cutoff=1.0e-9 denserms=1.0e-6  zmake GRADIENT DIPOLE CHARGE=0

C         -4.56430        0.37070        2.22620
O         -3.55060        0.28140        3.22010
C         -2.34400       -0.22790        2.82580
C         -1.34910       -0.19460        3.80120
C         -0.07210       -0.67800        3.52420
C          0.22100       -1.20490        2.26530
C         -0.76130       -1.25780        1.26710
C         -2.04810       -0.76220        1.56940
C         -0.51310       -1.82420       -0.12460
C          0.79150       -2.58970       -0.35880
O          1.95910       -1.76010       -0.33140
C          1.87440       -0.67190       -1.15700
C          0.67070       -0.14390       -1.62680
C          0.66890        0.96610       -2.47800
C          1.87910        1.55600       -2.84340
C          3.07390        1.03830       -2.35270
O          4.23080        1.65340       -2.72920
C          3.08290       -0.06910       -1.50850
C         -0.60180       -0.75270       -1.19150
O         -1.67070       -0.37160       -1.66340
H         -4.24590        1.00180        1.38970
H         -5.43960        0.84200        2.68380
H         -4.86500       -0.62390        1.88110
H         -1.57020        0.21680        4.78280
H          0.69740       -0.64120        4.29110
H          1.23140       -1.56560        2.09130
H         -2.80920       -0.80180        0.79380
H         -1.31860       -2.54570       -0.32340
H          0.92400       -3.36620        0.40350
H          0.76750       -3.10710       -1.32800
H         -0.26760        1.37920       -2.84620
H          1.88970        2.42170       -3.50050
H          4.97990        1.20620       -2.30130
H          4.01300       -0.47720       -1.12580

