HF BASIS=def2-svp cutoff=1.0e-9 denserms=1.0e-6  zmake GRADIENT DIPOLE CHARGE=0

C          1.75860        1.36600       -0.42610
C          0.51780        0.51990       -0.04310
C         -0.51440        1.42950        0.67960
C         -0.03890        1.91460        2.05250
C          0.39860        0.76310        2.95480
C          1.36790       -0.15590        2.25310
C          2.55100       -0.48580        2.79640
C          0.94420       -0.66200        0.87810
C         -0.16300       -1.73020        1.03080
C         -0.67090       -2.27560       -0.32120
O          0.45920       -2.88550       -0.95950
C         -1.15840       -1.09260       -1.18120
C         -0.08280       -0.01950       -1.36490
C         -1.76590       -3.33070       -0.18330
C         -2.45410       -3.65360        0.92630
C         -2.11370       -4.12300       -1.39880
O         -1.51810       -3.98750       -2.46260
H          2.49160        0.76150       -0.97290
H          2.27320        1.78080        0.44550
H          1.47530        2.20490       -1.07210
H         -1.46190        0.89610        0.81890
H         -0.74740        2.30220        0.05630
H         -0.84970        2.46860        2.54040
H          0.78690        2.62580        1.93290
H          0.83630        1.17650        3.87150
H         -0.48090        0.18770        3.26720
H          3.24830       -1.13950        2.28030
H          2.85490       -0.11400        3.77000
H          1.80660       -1.15640        0.40770
H          0.24470       -2.55860        1.62740
H         -1.00390       -1.31210        1.59720
H          0.14600       -3.22820       -1.82340
H         -2.05820       -0.64790       -0.73890
H         -1.44330       -1.43400       -2.18380
H          0.71920       -0.44450       -1.98340
H         -0.50490        0.80840       -1.94920
H         -2.27980       -3.15840        1.87610
H         -3.21280       -4.43120        0.93990
H         -2.93330       -4.85310       -1.28920

