HF BASIS=def2-svp cutoff=1.0e-9 denserms=1.0e-6  zmake GRADIENT DIPOLE CHARGE=0

C         -0.89760       -3.12450        2.18510
O         -2.03910       -3.07890        1.32440
C         -1.67100       -3.10510       -0.00180
C         -2.13790       -4.20030       -0.73950
O         -2.92770       -5.14680       -0.14800
C         -1.80550       -4.36430       -2.07610
C         -0.99330       -3.41640       -2.69310
C         -0.54310       -2.30150       -1.96860
C         -0.89950       -2.10350       -0.62330
N         -0.49030       -0.91330        0.06020
C         -1.69860       -0.08450        0.31310
C          0.55220       -0.08510       -0.47930
C          0.93240       -0.22910       -1.82840
C          1.89600        0.61460       -2.39490
O          2.28300        0.53630       -3.70620
C          2.51630        1.58660       -1.62280
C          2.19470        1.70950       -0.27190
C          1.23780        0.86870        0.31830
C          1.04360        0.96830        1.76530
C          1.62310        1.97540        2.42460
C          2.49060        3.00710        1.74660
C          3.78820        3.17930        2.54570
C          1.74800        4.34620        1.67510
O          2.89870        2.66580        0.40770
C          0.31460       -1.30220       -2.63450
O          0.54510       -1.37000       -3.83990
H         -1.20500       -3.61340        3.11470
H         -0.56970       -2.11250        2.43630
H         -0.06950       -3.70400        1.76030
H         -3.08170       -4.82860        0.76250
H         -2.16790       -5.22610       -2.62930
H         -0.71590       -3.54290       -3.73770
H         -2.18540        0.20240       -0.62870
H         -2.43220       -0.61450        0.92980
H         -1.47120        0.83820        0.85700
H          1.75520       -0.17600       -4.13470
H          3.26610        2.23580       -2.06690
H          0.44110        0.22940        2.27960
H          1.46670        2.06970        3.49590
H          4.44370        3.91910        2.07120
H          3.59750        3.50030        3.57580
H          4.35530        2.24090        2.57690
H          2.36710        5.10970        1.18960
H          1.46570        4.71120        2.66870
H          0.83740        4.25870        1.07040

