HF BASIS=def2-svp cutoff=1.0e-9 denserms=1.0e-6  zmake GRADIENT DIPOLE CHARGE=0

C         -2.38210       -1.84070        3.28440
O         -1.51950       -1.41160        2.23570
C         -1.63170       -0.10880        1.82300
C         -0.61360        0.35090        0.96640
C          0.55130       -0.54310        0.57410
C          0.19380       -1.47000       -0.60420
O         -0.47860       -2.64780       -0.14110
C          1.41930       -1.93160       -1.36520
C          1.66470       -1.51030       -2.61940
C          2.36120       -2.87440       -0.66050
O          1.74060       -4.13590       -0.46060
C         -0.71490        1.65670        0.45670
C         -1.76730        2.50710        0.79580
C         -1.81050        3.84940        0.23820
C         -0.85060        4.24880       -0.60100
C          0.26620        3.37410       -0.99300
O          1.12690        3.76480       -1.77230
O          0.28520        2.10180       -0.43920
C         -2.75590        2.04250        1.66000
C         -2.69200        0.73930        2.16550
H         -2.07750       -2.85110        3.57340
H         -2.28790       -1.19830        4.16620
H         -3.41950       -1.89200        2.93880
H          0.86040       -1.12850        1.44990
H          1.41500        0.08520        0.32320
H         -0.49720       -0.96210       -1.28870
H         -1.10800       -2.35380        0.54650
H          2.54000       -1.84490       -3.16880
H          0.99410       -0.82980       -3.13560
H          3.27800       -3.04220       -1.23500
H          2.65760       -2.47210        0.31320
H          0.78600       -3.94830       -0.33490
H         -2.62500        4.51130        0.51150
H         -0.84830        5.24010       -1.03760
H         -3.59200        2.67870        1.94170
H         -3.49710        0.41210        2.81640

