HF BASIS=def2-svp cutoff=1.0e-9 denserms=1.0e-6  zmake GRADIENT DIPOLE CHARGE=0

O          0.13210       -1.21290       -3.40730
C         -0.43800       -0.34100       -2.41770
C         -1.61450       -1.06540       -1.74600
C         -2.39990       -0.22160       -0.74340
C         -3.18760        0.87550       -1.40670
O         -3.82120        1.65350       -0.50940
O         -3.28780        1.09190       -2.60190
C          0.68430        0.13290       -1.47410
C          1.22940       -0.90140       -0.51140
C          1.05200       -0.70210        0.86930
C          1.57430       -1.61320        1.77870
O          1.38420       -1.40250        3.11450
C          2.28850       -2.72460        1.34600
O          2.78100       -3.57690        2.29540
C          2.48450       -2.94150       -0.00950
C          1.94860       -2.03500       -0.92710
O          2.17810       -2.32160       -2.24360
H         -0.56250       -1.36350       -4.07760
H         -0.79850        0.53540       -2.96710
H         -1.25040       -1.97210       -1.24710
H         -2.29400       -1.43140       -2.52760
H         -1.73600        0.22230        0.00300
H         -3.11630       -0.86960       -0.22560
H         -4.30320        2.31420       -1.05000
H          0.32280        1.00160       -0.90950
H          1.53040        0.49790       -2.07170
H          0.51680        0.16440        1.24820
H          1.84240       -2.15190        3.54530
H          3.26640       -4.28380        1.83490
H          3.03890       -3.79890       -0.37550
H          1.50750       -1.85200       -2.78770

