HF BASIS=def2-svp cutoff=1.0e-9 denserms=1.0e-6  zmake GRADIENT DIPOLE CHARGE=+1

C          1.56400       -0.87880        6.01920
O          0.42710       -0.84320        5.16040
C          0.62760       -0.37250        3.89050
C         -0.51620       -0.35490        3.08310
O         -1.70880       -0.79520        3.60440
C         -0.48310        0.09770        1.75520
C          0.73180        0.54790        1.22340
C          1.88330        0.52980        2.03090
C          1.83160        0.07330        3.35480
C          0.75780        1.00120       -0.09940
C         -0.40830        1.01000       -0.88270
C         -0.46100        1.45480       -2.29100
C          0.51330        2.30680       -2.84750
C          0.42060        2.64810       -4.18290
C         -0.59030        2.18490       -4.98410
O         -0.49120        2.63630       -6.26050
C          0.70620        3.43970       -6.17730
O          1.28610        3.45350       -4.85330
C         -1.57520        1.36030       -4.49400
C         -1.51780        1.00820       -3.13520
C         -2.57540        0.11720       -2.54470
C         -2.83800        0.56010       -1.11660
N         -1.57140        0.54850       -0.33920
C         -1.61730        0.11490        0.94240
H          2.33400       -1.54980        5.62440
H          1.96230        0.12730        6.18620
H          1.23920       -1.27480        6.98610
H         -1.50470       -1.05940        4.52810
H          2.84120        0.87330        1.64000
H          2.74990        0.08100        3.93520
H          1.70390        1.33380       -0.52280
H          1.33740        2.71590       -2.27110
H          0.46010        4.46860       -6.46360
H          1.44650        3.04240       -6.88110
H         -2.36570        1.00890       -5.15090
H         -2.22290       -0.92040       -2.57310
H         -3.50550        0.17960       -3.12020
H         -3.22250        1.58560       -1.05770
H         -3.55580       -0.11690       -0.64210
H         -2.58150       -0.21930        1.31950

