HF BASIS=def2-svp cutoff=1.0e-9 denserms=1.0e-6  zmake GRADIENT DIPOLE CHARGE=0

C          1.92680       -0.28430       -0.73830
O          0.87250       -0.09860        0.21060
C          0.56020        1.24190        0.30710
C         -0.40530        1.80000       -0.55680
C         -1.13050        1.03430       -1.58200
C         -1.74370       -0.12980       -1.32060
C         -2.46480       -0.84300       -2.40650
O         -2.71300       -0.30470       -3.48130
C         -2.92050       -2.23730       -2.15320
C         -4.01310       -2.71020       -2.89850
C         -4.46340       -4.00940       -2.69980
O         -5.52470       -4.52080       -3.39410
C         -3.83410       -4.83880       -1.77550
O         -4.28320       -6.11360       -1.58640
C         -2.74430       -4.39110       -1.04350
C         -2.27990       -3.08670       -1.23540
C         -0.68120        3.16910       -0.45970
C         -0.04400        3.95380        0.50250
C          0.87560        3.38280        1.38340
C          1.17870        2.02100        1.30550
C          2.11410        1.45250        2.26980
C          2.70730        2.27340        3.14050
C          2.45250        3.76120        3.18140
C          2.01900        4.15960        4.59730
C          3.73680        4.50930        2.80520
O          1.41820        4.24040        2.29870
H          1.61990        0.01940       -1.74450
H          2.83250        0.25520       -0.44060
H          2.16370       -1.35210       -0.76630
H         -1.16840        1.47520       -2.57610
H         -1.73820       -0.55790       -0.32590
H         -4.49530       -2.05630       -3.62020
H         -5.83730       -3.84060       -4.01680
H         -5.03860       -6.20320       -2.20160
H         -2.25550       -5.05450       -0.33570
H         -1.40630       -2.76450       -0.67500
H         -1.40830        3.63510       -1.12190
H         -0.27390        5.01390        0.57500
H          2.30840        0.38630        2.26650
H          3.41280        1.86290        3.85820
H          1.83060        5.23790        4.65920
H          1.07800        3.66670        4.87040
H          2.77400        3.89910        5.34730
H          4.04030        4.27310        1.77820
H          4.56770        4.26070        3.47460
H          3.58050        5.59400        2.83780

