HF BASIS=def2-svp cutoff=1.0e-9 denserms=1.0e-6  zmake GRADIENT DIPOLE CHARGE=0

N          2.48050        1.06040        1.28500
C          2.60260        0.29800        2.39200
N          3.90490        0.17020        2.72620
N          1.70210       -0.26510        3.10270
C          0.29030       -0.05450        2.75690
C         -0.13750       -0.86080        1.51070
N          0.06110       -0.14760        0.21120
C         -1.00610        0.86580        0.03260
C         -0.76890        1.91560       -1.06700
C         -0.85610        1.40150       -2.50400
C          0.47960        1.08520       -3.17840
C          1.56060        0.41580       -2.33660
C          1.24050       -0.98520       -1.82400
C          0.03740       -1.13300       -0.89070
H          3.22690        0.87310        0.62700
H          1.58930        0.88000        0.81280
H          3.97590       -0.25740        3.64440
H          4.38410        1.06200        2.71310
H          0.06250        1.01410        2.68310
H         -0.29730       -0.41960        3.60810
H          0.44750       -1.79010        1.52030
H         -1.19210       -1.15040        1.60810
H         -1.98020        0.38180       -0.12150
H         -1.11060        1.44330        0.95810
H          0.16920        2.45440       -0.89120
H         -1.56080        2.66780       -0.94630
H         -1.53620        0.54680       -2.57370
H         -1.33470        2.18150       -3.11220
H          0.28580        0.48010       -4.07280
H          0.89820        2.03170       -3.54620
H          1.85240        1.06790       -1.50820
H          2.45990        0.33570       -2.96210
H          1.09750       -1.65490       -2.68140
H          2.13050       -1.35520       -1.29720
H          0.07910       -2.16190       -0.50760
H         -0.90070       -1.11310       -1.45410

