HF BASIS=def2-svp cutoff=1.0e-9 denserms=1.0e-6  zmake GRADIENT DIPOLE CHARGE=0

C          1.87930        2.17700       -2.66060
C          1.66770        1.02960       -1.68450
C          1.58520        1.53260       -0.24310
C          1.50040        0.40420        0.79300
C          0.24020       -0.46610        0.68960
C          0.23150       -1.53210        1.77560
C         -1.05950       -2.31700        1.65740
C         -2.25510       -1.38550        1.80360
C         -3.49440       -2.15160        1.43930
O         -4.22350       -2.51050        2.51560
O         -3.82760       -2.51150        0.32220
C         -2.15620       -0.10550        1.01330
O         -3.14530        0.55670        0.71190
O         -0.91420        0.38920        0.78800
H          1.05540        2.89570       -2.60530
H          1.93120        1.79760       -3.68590
H          2.81310        2.70700       -2.44730
H          0.74630        0.50480       -1.95820
H          2.49350        0.31600       -1.78420
H          2.47880        2.12940       -0.02070
H          0.72740        2.20700       -0.13440
H          1.52640        0.87410        1.78490
H          2.39330       -0.22810        0.71470
H          0.20860       -0.94680       -0.29520
H          0.28520       -1.07060        2.76930
H          1.09240       -2.20130        1.66970
H         -1.09440       -3.09760        2.42720
H         -1.08560       -2.83510        0.68960
H         -2.33110       -1.07010        2.85310
H         -4.99320       -2.98570        2.13530

