HF BASIS=def2-svp cutoff=1.0e-9 denserms=1.0e-6  zmake GRADIENT DIPOLE CHARGE=0

O         -3.47770       -3.93470       -1.29980
C         -2.55720       -2.83800       -1.15220
C         -1.21900       -3.38090       -0.66400
O         -1.40830       -4.02350        0.59900
C         -0.17120       -2.24860       -0.61600
O         -0.51780       -1.24710        0.35190
C          0.57200       -0.77120        1.06450
C          0.97400        0.51420        1.01340
O          2.00080        1.06160        1.76290
C          2.60920        0.27830        2.70910
C          3.57490        0.88440        3.51300
C          4.21300        0.13840        4.50060
O          5.14330        0.77100        5.27160
C          3.90840       -1.20600        4.69390
C          2.95050       -1.80760        3.88090
O          2.69410       -3.13250        4.11340
C          2.29790       -1.06540        2.88800
C          1.27990       -1.66820        2.02000
O          1.05370       -2.87100        2.10450
C          0.35210        1.49690        0.11540
C         -0.59820        2.40250        0.61230
C         -1.18220        3.34730       -0.23340
C         -0.81180        3.37970       -1.56950
O         -1.39090        4.29220       -2.40180
C          0.12620        2.48350       -2.07160
O          0.40800        2.53730       -3.41020
C          0.72150        1.54690       -1.23690
O         -0.06120       -1.64820       -1.91820
C         -1.28880       -1.06380       -2.38520
C         -2.40650       -2.10920       -2.48980
O         -3.69050       -1.53600       -2.78430
C         -0.99440       -0.41570       -3.73950
O         -2.10580       -0.13740       -4.45860
O          0.09990       -0.07770       -4.17200
H         -4.28420       -3.53670       -1.69160
H         -3.00490       -2.17890       -0.39680
H         -0.87530       -4.15430       -1.36250
H         -2.19780       -4.59010        0.49060
H          0.80260       -2.69980       -0.39340
H          3.82630        1.93260        3.37860
H          5.46050        0.15120        5.95230
H          4.39980       -1.79600        5.46110
H          2.01600       -3.43240        3.46330
H         -0.88630        2.37770        1.66150
H         -1.91830        4.04700        0.14560
H         -0.92410        4.17710       -3.25300
H          0.81060        1.67670       -3.66980
H          1.45900        0.84950       -1.62810
H         -1.59160       -0.24490       -1.72170
H         -2.19000       -2.83510       -3.28350
H         -3.57990       -0.97960       -3.58300
H         -1.76730        0.33740       -5.25170

