HF BASIS=def2-svp cutoff=1.0e-9 denserms=1.0e-6  zmake GRADIENT DIPOLE CHARGE=0

O          1.52540        7.12720       -0.60850
S          1.27260        6.86380        0.96360
O         -0.21910        6.81100        1.12930
C          1.83200        5.09500        0.85150
N          1.07380        4.54240       -0.27930
C          1.29770        3.20570       -0.63850
C          2.52330        2.55020       -0.46040
C          2.71670        1.23990       -0.91380
C          1.68240        0.58110       -1.57730
C          0.47260        1.22980       -1.81930
C          0.29370        2.53740       -1.35930
S          1.91340       -1.08010       -2.16850
O          1.31930       -1.14000       -3.49160
O          3.30740       -1.43290       -1.96840
C          0.95780       -2.12110       -1.09070
C         -0.23960       -2.67900       -1.53470
C         -0.97990       -3.50070       -0.67600
C         -0.55440       -3.75690        0.63310
N         -1.21450       -4.61540        1.51010
C         -2.65580       -4.85410        1.43650
S         -3.51200       -3.62740        2.52630
O         -3.25850       -2.38670        1.53860
O         -2.61090       -3.37480        3.70100
C          0.68360       -3.22500        1.03190
C          1.43580       -2.40390        0.18700
H          1.27800        6.29450       -1.09400
H          2.91020        5.11950        0.67270
H          1.58990        4.60150        1.79680
H          0.07160        4.70020       -0.11200
H          3.36330        3.04220        0.02140
H          3.67940        0.75650       -0.75880
H         -0.32430        0.74120       -2.37560
H         -0.64780        3.03960       -1.57650
H         -0.60120       -2.49990       -2.54520
H         -1.89040       -3.94230       -1.06890
H         -0.94380       -4.45390        2.48300
H         -2.86960       -5.83640        1.86880
H         -3.09020       -4.82160        0.43490
H         -2.47050       -1.90650        1.88920
H          1.07990       -3.45610        2.01930
H          2.39090       -2.01180        0.52860

