HF BASIS=def2-svp cutoff=1.0e-9 denserms=1.0e-6  zmake GRADIENT DIPOLE CHARGE=0

O         -0.12140       -0.17580       -2.82400
C         -0.71200        0.15460       -1.61940
C         -0.05760        0.52590       -0.49720
O         -0.73670        0.84460        0.68400
C         -2.10260        0.78600        0.72940
C         -2.71690        1.11600        1.93740
C         -4.10910        1.07500        2.04550
C         -4.88680        0.70430        0.94680
C         -4.27260        0.37410       -0.26160
C         -2.87880        0.41840       -0.35920
C         -2.19690        0.08010       -1.60660
O         -2.79510       -0.25690       -2.62470
C          1.43060        0.65230       -0.33740
C          1.96590        1.05300        0.90590
C          3.34420        1.18810        1.11370
C          4.23210        0.92510        0.07960
C          3.73910        0.52850       -1.15710
C          2.35830        0.39490       -1.36000
H         -0.87020       -0.39430       -3.42060
H         -2.11460        1.40510        2.79480
H         -4.58800        1.33230        2.98750
H         -5.97060        0.67270        1.03230
H         -4.87620        0.08500       -1.11910
H          1.31480        1.27150        1.74980
H          3.71710        1.49910        2.08610
H          5.30230        1.02820        0.23520
H          4.42500        0.31980       -1.97450
H          2.04380        0.08180       -2.34970

