HF BASIS=def2-svp cutoff=1.0e-9 denserms=1.0e-6  zmake GRADIENT DIPOLE CHARGE=0

C          0.07640        3.25480        3.03320
C          0.23810        3.87330        1.63500
C         -1.07090        3.72880        0.84130
C          0.54400        5.37450        1.80390
N          1.39170        3.30020        0.91160
C          1.30890        1.85420        0.62580
C          2.63300        1.40290       -0.02930
O          3.72780        1.81700        0.79830
C          2.68370       -0.11410       -0.22710
O          1.62560       -0.50530       -1.10210
C          1.38430       -1.84830       -1.23680
C          2.25780       -2.85200       -0.81050
C          1.92260       -4.19440       -0.97980
C          0.71320       -4.54230       -1.57420
C         -0.17760       -3.55230       -2.01360
C          0.17030       -2.19390       -1.86710
C         -0.78020       -1.10860       -2.31440
C         -1.79770       -1.58210       -3.35350
O         -2.80770       -0.57740       -3.52920
C         -2.48300       -2.87350       -2.90230
O         -3.23940       -2.63370       -1.70740
C         -1.46740       -3.99200       -2.67310
H         -0.24740        2.20980        2.98660
H         -0.67810        3.79680        3.61550
H          1.01580        3.29370        3.59680
H         -0.96840        4.12990       -0.17370
H         -1.38770        2.68340        0.76080
H         -1.88640        4.27530        1.32940
H          0.65340        5.87450        0.83400
H          1.47090        5.53280        2.36810
H         -0.26160        5.88380        2.34560
H          1.50180        3.79730        0.02490
H          0.46980        1.62900       -0.03970
H          1.18210        1.29860        1.56020
H          2.74070        1.90230       -1.00000
H          3.42290        2.65720        1.20210
H          2.59370       -0.60890        0.74880
H          3.65310       -0.38320       -0.66460
H          3.21090       -2.62300       -0.34540
H          2.60510       -4.97090       -0.64390
H          0.46370       -5.59490       -1.69260
H         -0.22520       -0.26990       -2.75350
H         -1.29710       -0.70590       -1.43350
H         -1.30920       -1.74510       -4.32200
H         -2.35740        0.22750       -3.84180
H         -3.21580       -3.19200       -3.65280
H         -3.72180       -1.80100       -1.88100
H         -1.19870       -4.42450       -3.64540
H         -1.92720       -4.77930       -2.06310

