HF BASIS=def2-svp cutoff=1.0e-9 denserms=1.0e-6  zmake GRADIENT DIPOLE CHARGE=0

C          4.88580        2.13430       -4.65170
O          4.88690        1.59530       -3.33680
C          3.69540        1.57950       -2.65750
C          3.70300        0.91400       -1.41910
O          4.82260        0.27440       -0.96640
C          5.64900        1.18170       -0.23840
C          2.51860        0.85240       -0.71230
C          1.34120        1.43740       -1.16460
C          1.31920        2.11510       -2.36940
C          2.50560        2.18400       -3.11630
C          0.32810        1.14490       -0.14290
C         -0.95610        1.51910       -0.22080
C         -1.95370        1.20430        0.81500
C         -2.09700        2.07480        1.91640
O         -1.34810        3.22260        1.96150
C         -0.50150        3.24900        3.10950
C         -3.04490        1.77300        2.87830
C         -3.81900        0.64150        2.78370
O         -4.69350        0.51490        3.81840
C         -4.39790        1.70810        4.56910
O         -3.35090        2.50620        3.98580
C         -3.70040       -0.24260        1.73220
C         -2.76030        0.03440        0.72160
C         -2.62670       -0.95220       -0.42420
C         -1.67060       -2.10670       -0.07690
N         -1.51170       -3.07920       -1.17890
C         -0.86950       -4.29670       -0.67270
C         -0.70060       -2.52250       -2.26650
N          0.89230        0.41450        0.89530
C          2.12990        0.26180        0.54920
O          3.00530       -0.38860        1.30750
H          4.18490        1.59850       -5.30040
H          5.88960        2.00370       -5.06720
H          4.67010        3.20750       -4.63540
H          6.50030        0.61750        0.15410
H          5.11160        1.61770        0.61110
H          6.03850        1.97390       -0.88650
H          0.41220        2.58270       -2.73880
H          2.47200        2.71850       -4.06120
H         -1.33730        2.09430       -1.05710
H          0.33320        3.92220        2.89100
H         -0.08350        2.26290        3.34350
H         -1.03770        3.65330        3.97300
H         -5.30770        2.31600        4.63510
H         -4.09540        1.41910        5.58220
H         -4.32760       -1.12790        1.69250
H         -2.31130       -0.42290       -1.32880
H         -3.61980       -1.35660       -0.66230
H         -2.09270       -2.62610        0.79440
H         -0.69330       -1.72640        0.24190
H         -0.76800       -5.03960       -1.47200
H         -1.48450       -4.76150        0.10600
H          0.12490       -4.09830       -0.25630
H         -0.56420       -3.26550       -3.06090
H         -1.19610       -1.66790       -2.73680
H          0.29060       -2.20330       -1.92370
H          2.53180       -0.70940        2.09280

