HF BASIS=def2-svp cutoff=1.0e-9 denserms=1.0e-6  zmake GRADIENT DIPOLE CHARGE=0

C         -0.88540        1.31200       -0.71210
C         -1.44020        0.55480       -1.91510
C         -0.20650       -0.12780       -2.53980
C          0.97200        0.14200       -1.57160
C          2.14890       -0.87210       -1.59500
C          3.14080       -0.46270       -2.69920
C          1.74480       -2.35200       -1.79260
C          2.87540       -3.33330       -1.44090
C          2.42510       -4.81610       -1.35260
C          3.62090       -5.72630       -0.97480
C          4.24110       -5.40510        0.38030
C          1.68300       -5.30810       -2.63470
C          1.08670       -6.71060       -2.46060
C          2.54410       -5.27060       -3.90010
C          0.26810        0.41650       -0.21060
C         -0.20980       -0.88230        0.47560
C          1.09440        1.25350        0.77940
C          0.23290        1.76940        1.94560
C         -1.05810        2.51030        1.50020
C         -1.84740        1.74270        0.39940
C         -2.96720        2.63070       -0.16400
C         -3.71970        3.38290        0.88830
C         -3.32050        3.52140        2.16540
C         -4.18050        4.28530        3.14960
C         -3.38230        5.33760        3.92150
O         -4.19940        5.92680        4.93180
C         -2.14160        4.72900        4.56820
C         -1.26350        4.02680        3.53320
C         -2.00080        2.93960        2.69540
C         -2.34170        1.73480        3.60490
H         -0.44770        2.24020       -1.11780
H         -2.17780       -0.19630       -1.61080
H         -1.92710        1.22520       -2.63090
H          0.01150        0.28610       -3.53060
H         -0.42260       -1.19160       -2.67250
H          1.39880        1.10970       -1.88110
H          2.68300       -0.77900       -0.64100
H          2.68240       -0.53710       -3.69130
H          4.03630       -1.09090       -2.68930
H          3.47800        0.57020       -2.55840
H          0.88170       -2.60060       -1.17240
H          1.44320       -2.50530       -2.83500
H          3.28280       -3.03200       -0.46920
H          3.69350       -3.24170       -2.16330
H          1.70020       -4.87670       -0.52800
H          3.29490       -6.77070       -0.93680
H          4.40310       -5.66450       -1.73980
H          4.77010       -4.44810        0.36620
H          4.97170       -6.17570        0.64790
H          3.47960       -5.37400        1.16580
H          0.82570       -4.64470       -2.80230
H          0.50970       -6.77890       -1.53280
H          0.40820       -6.94050       -3.28980
H          1.85710       -7.48740       -2.44820
H          1.95540       -5.57700       -4.77190
H          3.40070       -5.94770       -3.82860
H          2.91910       -4.26320       -4.10170
H         -0.83560       -0.69400        1.35190
H          0.64490       -1.47100        0.82660
H         -0.80360       -1.51330       -0.19190
H          1.53960        2.11610        0.26660
H          1.93070        0.66670        1.17760
H         -0.01230        0.92200        2.59180
H          0.85300        2.44170        2.54940
H         -0.70640        3.43940        1.02230
H         -2.31680        0.85400        0.83620
H         -3.67400        2.00490       -0.72210
H         -2.56120        3.36170       -0.87420
H         -4.65450        3.83450        0.56100
H         -5.02270        4.78110        2.64980
H         -4.64500        3.58100        3.85130
H         -3.08190        6.14250        3.24000
H         -4.45710        5.22590        5.55480
H         -2.43050        4.03190        5.36440
H         -1.56640        5.51780        5.06860
H         -0.40480        3.58840        4.05570
H         -0.85640        4.79450        2.86100
H         -1.45870        1.36680        4.13720
H         -3.07610        1.99010        4.37630
H         -2.76260        0.90070        3.03420

