HF BASIS=def2-svp cutoff=1.0e-9 denserms=1.0e-6  zmake GRADIENT DIPOLE CHARGE=0

C          0.29770        5.69850       -1.75620
N          0.14520        4.30540       -2.16650
C          1.39850        3.56100       -1.98780
C          1.28370        2.09040       -2.42740
C          0.00760        1.42430       -1.87460
C         -0.04730       -0.08810       -2.14540
O          0.79250       -0.72200       -1.10590
C          0.63290        0.11380       -0.02170
C          0.83780       -0.19760        1.30470
O          1.36110       -1.41950        1.60410
C          0.59620       -2.18660        2.55350
O         -0.77640       -2.35770        2.18290
C         -0.91520       -3.10590        0.95860
C         -0.36860       -4.51650        1.09820
O         -1.05140       -5.22180        2.14430
C          1.10880       -4.43210        1.48170
O          1.58520       -5.75580        1.76750
C          1.30370       -3.54820        2.72050
O          2.71670       -3.38690        2.93960
C         -2.37130       -3.09800        0.52490
O         -3.19330       -2.58590        1.47340
O         -2.76690       -3.42900       -0.58370
C          0.50300        0.77270        2.25860
C         -0.08680        2.00000        1.86940
C         -0.29910        2.28910        0.51930
C         -1.02100        3.50380        0.00490
C         -1.04350        3.64570       -1.56310
C         -1.19750        2.27430       -2.28460
C         -2.54400        1.58260       -2.04910
C         -2.53900        0.19090       -2.67630
C         -1.47360       -0.68830       -2.03710
O         -1.49410       -1.97660       -2.64760
C          0.10890        1.33460       -0.39120
H          0.60930        5.79950       -0.71430
H         -0.63660        6.24880       -1.89300
H          1.04270        6.20120       -2.37840
H          2.18740        4.02880       -2.58920
H          1.73910        3.61160       -0.94580
H          1.26070        2.04810       -3.52480
H          2.18920        1.55340       -2.11650
H          0.39410       -0.34590       -3.11570
H          0.63090       -1.67670        3.52220
H         -0.37880       -2.58010        0.17040
H         -0.49500       -5.10030        0.18150
H         -0.51370       -6.02940        2.28990
H          1.70770       -4.05340        0.64620
H          2.44540       -5.63650        2.21760
H          0.90220       -4.06370        3.60110
H          3.00980       -2.70510        2.29750
H         -2.64650       -2.36550        2.26250
H          0.67530        0.59450        3.31570
H         -0.38080        2.71650        2.63480
H         -2.06060        3.42430        0.33660
H         -0.61400        4.40090        0.47590
H         -1.91690        4.26060       -1.81980
H         -1.14330        2.44280       -3.37210
H         -3.34330        2.17790       -2.50370
H         -2.77530        1.50660       -0.98110
H         -2.36700        0.25610       -3.75670
H         -3.52170       -0.27590       -2.56090
H         -1.73210       -0.83950       -0.98530
H         -2.24170       -2.47040       -2.25320

