HF BASIS=def2-svp cutoff=1.0e-9 denserms=1.0e-6  zmake GRADIENT DIPOLE CHARGE=0

C          2.68660        2.65810        1.98630
C          4.06970        2.30390        1.40750
C          4.64460        1.13540        2.22810
O          4.07130        2.01900       -0.02300
C          3.20430        1.05680       -0.48410
C          1.91580        1.42560       -0.91200
C          1.49900        2.81770       -1.06690
C          0.27610        3.18940       -1.48930
C         -0.70700        2.11510       -1.81790
O         -1.84730        2.35000       -2.20840
O         -0.28150        0.80000       -1.67550
C          1.01570        0.43150       -1.28210
C          1.38890       -0.91420       -1.31710
O          0.56090       -1.94860       -1.70330
C         -0.68510       -2.05100       -1.11390
C         -0.84780       -2.44280        0.22130
C          0.25870       -2.76730        1.12290
C          0.10920       -3.09270        2.42170
C         -1.27360       -3.13240        2.97530
O         -1.51680       -3.34390        4.15720
O         -2.30670       -2.91470        2.07930
C         -2.14990       -2.57660        0.71270
C         -3.32700       -2.39210       -0.06320
C         -3.11350       -2.01510       -1.40450
C         -1.81180       -1.85730       -1.93500
C         -1.66140       -1.46960       -3.34150
C         -2.72500       -0.95360       -3.96190
C         -4.07090       -0.86250       -3.28680
C         -5.15230       -1.22790       -4.31300
C         -4.36200        0.54200       -2.70240
O         -4.12150        1.59380       -3.63410
O         -4.20220       -1.83260       -2.22180
C         -4.72500       -2.58870        0.59080
C         -4.93650       -1.45730        1.63160
C         -5.95440       -2.49820       -0.34640
C         -4.82780       -4.01020        1.16890
C         -5.09010       -4.36820        2.43290
C          1.27570       -3.42560        3.38410
C          1.35230       -2.35710        4.50110
C          1.08820       -4.81620        4.03400
C          2.61860       -3.52800        2.63660
C          3.69960       -2.74550        2.76400
C          2.73330       -1.24110       -1.09310
C          3.65230       -0.26280       -0.68420
C          5.05500       -0.64850       -0.53480
C          5.43150       -1.86690       -0.93750
C          4.46450       -2.86100       -1.52970
C          4.72310       -4.25230       -0.93940
C          4.63450       -2.92450       -3.05390
O          3.08380       -2.56120       -1.24810
C         -0.17670        4.66040       -1.64740
C          1.00380        5.66090       -1.49340
C         -0.73150        4.92550       -3.07160
C         -1.28050        4.95860       -0.62790
C         -1.19960        5.68440        0.49610
C          4.91770        3.56740        1.50650
C          6.03080        3.77230        2.22310
H          2.75760        2.92090        3.04880
H          2.23420        3.51320        1.47580
H          1.98480        1.82130        1.91010
H          5.65190        0.86380        1.89960
H          4.69370        1.37500        3.29710
H          4.01860        0.24260        2.13150
H          2.26480        3.55170       -0.84110
H          1.24360       -2.76240        0.67560
H         -0.69680       -1.53580       -3.82970
H         -2.63280       -0.57160       -4.97480
H         -6.14470       -1.22410       -3.84710
H         -5.00170       -2.24450       -4.69930
H         -5.16940       -0.53490       -5.16250
H         -3.77240        0.72300       -1.79650
H         -5.40970        0.60720       -2.38390
H         -3.32610        2.06120       -3.29230
H         -4.22230       -1.48640        2.45860
H         -4.83740       -0.47390        1.15740
H         -5.93660       -1.50240        2.07670
H         -5.90440       -3.22530       -1.16550
H         -6.07460       -1.49450       -0.77120
H         -6.88440       -2.70680        0.19920
H         -4.66710       -4.81170        0.44630
H         -5.25500       -3.64550        3.22460
H         -5.12990       -5.41890        2.70770
H          1.45700       -1.34840        4.08060
H          2.20420       -2.53470        5.17050
H          0.46360       -2.35500        5.13770
H          0.88270       -5.58700        3.28020
H          1.98890       -5.12420        4.58240
H          0.26870       -4.83390        4.75820
H          2.68520       -4.34790        1.91960
H          4.58640       -2.93630        2.16810
H          3.74370       -1.90670        3.44790
H          5.78150        0.07170       -0.17740
H          6.48090       -2.14230       -0.88770
H          4.02140       -4.98660       -1.35360
H          5.74150       -4.60070       -1.14060
H          4.56980       -4.26010        0.14420
H          4.42940       -1.95070       -3.51510
H          3.92240       -3.63230       -3.49270
H          5.64720       -3.23040       -3.34000
H          1.49380        5.59030       -0.51530
H          1.76720        5.48730       -2.26210
H          0.66740        6.69960       -1.60650
H         -0.03770        4.56650       -3.83960
H         -0.88640        5.99680       -3.24680
H         -1.70030        4.45210       -3.25460
H         -2.25200        4.50840       -0.84230
H         -0.28810        6.17800        0.81890
H         -2.07350        5.80530        1.13250
H          4.56440        4.40010        0.89910
H          6.47420        3.00830        2.85240
H          6.54160        4.73000        2.18250

