HF BASIS=def2-svp cutoff=1.0e-9 denserms=1.0e-6  zmake GRADIENT DIPOLE CHARGE=0

C         -2.18930       -3.71690        3.90080
C         -2.65960       -3.39020        2.48980
C         -2.07340       -2.09040        1.94740
S         -0.29470       -2.25830        1.57030
O         -0.17330       -3.19130        0.40020
C         -0.05250       -0.59200        0.89870
C          0.05200       -0.40040       -0.48830
C          0.24090        0.91030       -0.93260
C          0.33170        2.00160       -0.07960
C          0.23570        1.79900        1.30420
C          0.04670        0.49320        1.78140
N          0.51390        3.16440       -0.78810
C          0.54180        2.80990       -2.05920
N          0.38170        1.45240       -2.18180
N          0.69610        3.55260       -3.17410
C          0.84920        4.82710       -3.03410
O          0.87130        5.50540       -1.87180
O          1.01370        5.68970       -4.06300
C          1.01520        5.11400       -5.37000
H         -2.69460       -4.61710        4.26540
H         -2.41950       -2.89830        4.59020
H         -1.11190       -3.90340        3.93460
H         -3.75190       -3.29510        2.50860
H         -2.42580       -4.22940        1.82420
H         -2.58540       -1.81780        1.01830
H         -2.20540       -1.27780        2.66880
H         -0.00910       -1.23370       -1.18210
H          0.31180        2.63920        1.98600
H         -0.01710        0.33680        2.85610
H          0.37390        0.95950       -3.06090
H          0.75320        4.87410       -1.13520
H          1.84210        4.40500       -5.47660
H          1.15750        5.92080       -6.09440
H          0.05610        4.62940       -5.57740

