HF BASIS=def2-svp cutoff=1.0e-9 denserms=1.0e-6  zmake GRADIENT DIPOLE CHARGE=0

C        -11.99060       -4.84180       -4.90720
O        -11.15340       -4.73770       -3.75520
C         -9.95060       -4.16260       -4.00570
O         -9.55240       -3.75000       -5.08190
C         -9.19300       -4.12010       -2.73710
C         -7.95860       -3.59290       -2.71070
C         -7.08460       -3.47910       -1.53850
C         -7.61540       -4.00440       -0.22690
C         -5.86890       -2.91510       -1.70520
C         -4.84620       -2.69990       -0.69840
C         -3.66660       -2.11990       -0.98120
C         -2.57050       -1.85750       -0.04120
C         -2.77250       -2.28000        1.39350
C         -1.45620       -1.25840       -0.51460
C         -0.25870       -0.90640        0.22360
C          0.79670       -0.30640       -0.35230
C          1.99550        0.04390        0.38450
C          3.10790        0.64610       -0.08950
C          3.30330        1.07920       -1.52200
C          4.20870        0.90120        0.84700
C          5.38840        1.47970        0.56160
C          6.41730        1.68650        1.56370
C          7.63300        2.24950        1.39290
C          8.15610        2.78330        0.08160
C          8.51500        2.35350        2.56000
C          9.75190        2.87550        2.58060
C         10.51950        2.90700        3.84350
O         10.12690        2.49220        4.92100
O         11.72450        3.47450        3.58590
C         12.57220        3.56650        4.73140
H        -12.92980       -5.31190       -4.60220
H        -12.21500       -3.84900       -5.30960
H        -11.51930       -5.47190       -5.66810
H         -9.68590       -4.52890       -1.86520
H         -7.55130       -3.20650       -3.64730
H         -6.92010       -3.89450        0.60750
H         -8.53030       -3.47210        0.05640
H         -7.84170       -5.07360       -0.30620
H         -5.59150       -2.56970       -2.70250
H         -5.05850       -3.02510        0.31280
H         -3.48600       -1.80440       -2.00910
H         -3.64020       -1.76860        1.82520
H         -1.92470       -2.05510        2.04360
H         -2.93490       -3.36190        1.45500
H         -1.41950       -0.99540       -1.57270
H         -0.22010       -1.14040        1.28230
H          0.75790       -0.07280       -1.41120
H          1.96280       -0.22570        1.44100
H          2.44700        0.87220       -2.16690
H          3.47820        2.15970       -1.57530
H          4.16120        0.56120       -1.96530
H          4.03220        0.58030        1.87410
H          5.59640        1.80940       -0.44910
H          6.14570        1.33450        2.56030
H          9.07090        2.25510       -0.20930
H          7.45700        2.67590       -0.75000
H          8.37980        3.85270        0.16580
H          8.11270        1.96330        3.49710
H         10.24040        3.28690        1.70740
H         13.51280        4.02960        4.42050
H         12.11250        4.19750        5.49870
H         12.79140        2.57010        5.12800

