HF BASIS=def2-svp cutoff=1.0e-9 denserms=1.0e-6  zmake GRADIENT DIPOLE CHARGE=0

C         -3.51540       -0.05880       -2.36010
C         -2.74880        1.09860       -1.74040
C         -2.15300        0.71410       -0.38560
C         -1.37670        1.88120        0.22820
C         -0.81600        1.57380        1.62200
C          0.24240        0.46780        1.67190
C          1.49340        0.81350        0.94630
C          1.96890        0.35450       -0.26490
C          1.48450       -0.59010       -1.28510
O          3.16130        0.97550       -0.51020
C          3.34880        1.77970        0.57910
C          4.58250        2.58790        0.59390
N          2.38630        1.71890        1.47530
H         -3.93330        0.23780       -3.32730
H         -4.34200       -0.37230       -1.71450
H         -2.86030       -0.92060       -2.52310
H         -3.42340        1.95450       -1.62190
H         -1.94930        1.40700       -2.42420
H         -1.49530       -0.15120       -0.51830
H         -2.95620        0.40880        0.29580
H         -2.04810        2.74470        0.31690
H         -0.56820        2.18780       -0.44540
H         -0.39120        2.49880        2.03280
H         -1.64540        1.29390        2.28350
H         -0.16900       -0.47560        1.29760
H          0.49980        0.28480        2.72310
H          0.82340       -0.07930       -1.99170
H          2.31740       -1.02390       -1.84710
H          0.92710       -1.41140       -0.82470
H          5.46440        1.94140        0.55900
H          4.60970        3.26130       -0.26780
H          4.63710        3.19310        1.50360

