HF BASIS=def2-svp cutoff=1.0e-9 denserms=1.0e-6  zmake GRADIENT DIPOLE CHARGE=0

O         -4.51280       -3.24370        3.38710
C         -3.58020       -2.33930        2.97530
C         -3.48000       -1.14650        3.67900
C         -2.54000       -0.18890        3.28960
C         -1.68940       -0.42330        2.19660
C         -1.81370       -1.63450        1.49880
C         -2.75590       -2.59250        1.88550
C         -0.68800        0.57940        1.78470
C          0.14500        1.12340        2.68680
O          1.12770        2.05370        2.44850
C          1.29450        2.48400        1.15750
C          0.52220        2.01390        0.09750
C          0.73760        2.48860       -1.20520
C          1.73260        3.43920       -1.44460
C          2.49830        3.90240       -0.38260
O          3.47000        4.83090       -0.61990
C          2.28500        3.43150        0.91060
O          3.07650        3.93020        1.91200
C         -0.52340        1.00960        0.36600
O         -1.20930        0.56620       -0.54730
H         -4.49850       -4.00110        2.77900
H         -4.13690       -0.95800        4.52350
H         -2.49170        0.74590        3.84320
H         -1.18010       -1.84130        0.63780
H         -2.83050       -3.51790        1.32320
H          0.13820        0.87130        3.74120
H          0.13250        2.12040       -2.03160
H          1.90810        3.81430       -2.44900
H          3.87150        5.00640        0.25470
H          2.79160        3.49360        2.73730

