HF BASIS=def2-svp cutoff=1.0e-9 denserms=1.0e-6  zmake GRADIENT DIPOLE CHARGE=0

C         -6.36130        1.76590        3.31210
O         -6.49270        0.57030        2.55320
C         -5.33770       -0.01040        2.10400
C         -5.52810       -1.13820        1.30340
C         -4.43660       -1.82190        0.77140
C         -3.14050       -1.38560        1.04720
C         -2.92510       -0.26430        1.85970
C         -4.03740        0.42350        2.37930
C         -1.55010        0.17390        2.16580
C         -1.15900        0.34980        3.43450
O          0.08290        0.73890        3.86150
C          1.08330        0.87790        2.92780
C          2.37150        1.18370        3.41140
C          2.62490        1.33880        4.89050
C          3.44280        1.26410        2.50250
O          4.68020        1.49240        3.04800
C          5.80770        1.33830        2.19290
C          3.20430        1.10000        1.13660
C          1.91410        0.83840        0.66320
O          1.72460        0.59300       -0.67090
C          2.03760        1.71260       -1.50630
O          3.34030        1.58610       -2.10050
C          3.48980        0.46370       -2.98090
C          2.43780        0.46590       -4.09870
O          2.71240        1.57010       -4.99700
C          1.01970        0.64880       -3.54830
O          0.13750        0.86620       -4.66650
C          0.95210        1.84540       -2.59000
O          1.11300        3.06020       -3.35290
C          3.64020       -0.88460       -2.26200
O          3.18290       -1.93800       -2.96170
O          4.15360       -1.06930       -1.16830
C          0.84840        0.70940        1.56010
C         -0.53090        0.41050        1.10530
O         -0.82970        0.37700       -0.08340
H         -5.87800        2.55420        2.72610
H         -7.36710        2.11000        3.56910
H         -5.82330        1.58290        4.24770
H         -6.53680       -1.48100        1.08570
H         -4.59560       -2.69120        0.13910
H         -2.29960       -1.92810        0.61850
H         -3.86670        1.30320        2.99120
H         -1.80240        0.19390        4.29340
H          3.00940        0.40120        5.30310
H          3.34480        2.13930        5.08480
H          1.71800        1.61090        5.43410
H          5.83990        2.13270        1.43950
H          5.82370        0.34800        1.72790
H          6.70750        1.42770        2.80810
H          4.01690        1.14140        0.41820
H          2.04970        2.65080       -0.93450
H          4.46660        0.61780       -3.45720
H          2.49120       -0.43340       -4.72070
H          2.02120        1.49950       -5.68520
H          0.69510       -0.26290       -3.03820
H         -0.11360        1.81190       -4.62950
H         -0.04560        1.89560       -2.14100
H          1.99340        3.00210       -3.78600
H          3.31840       -2.70080       -2.35620

