HF BASIS=def2-svp cutoff=1.0e-9 denserms=1.0e-6  zmake GRADIENT DIPOLE CHARGE=0

C         -5.52130        2.73250       -5.04730
C         -4.82490        1.39510       -4.72160
C         -5.91140        0.31120       -4.60370
C         -3.85460        1.02140       -5.85980
C         -2.42970        1.47000       -5.54590
C         -1.82850        0.69280       -4.32730
C         -0.54850        1.44730       -3.88770
C         -0.70940        2.20740       -2.56980
C         -1.14490        1.30460       -1.38470
C         -0.04990        0.20560       -1.18740
C         -2.43370        0.57520       -1.74940
C         -3.21690        0.06440       -0.77800
C         -3.02430        0.27320        0.69690
C         -1.82450        1.16550        1.11620
C         -1.93070        1.77060        2.59880
C         -3.36110        2.29930        2.87890
C         -1.68360        0.57080        3.56840
C         -1.39570        0.94930        5.01290
C         -0.16870        1.85810        5.10390
O          0.97610        1.20100        4.53890
C          1.70360        0.36780        5.44680
O          1.05220       -0.89920        5.56020
C          1.77150       -1.99670        5.00400
C          2.29910       -1.70460        3.59030
O          1.26000       -1.48670        2.62510
C          3.20900       -0.45400        3.58930
O          4.55670       -0.91740        3.34280
C          5.26740       -0.12390        2.38180
O          5.43910        1.19850        2.87780
C          6.19690        2.02550        1.97680
C          6.20360        3.45750        2.51990
O          6.73680        4.35040        1.55090
C          7.61740        1.46500        1.79140
O          8.31350        1.42850        3.04530
C          7.51750        0.03650        1.25320
O          8.83130       -0.54450        1.19270
C          6.62310       -0.82210        2.14860
O          6.45390       -2.10710        1.52080
C          3.16610        0.26440        4.95510
O          3.77980        1.56010        4.90790
C          0.88380       -3.23150        4.95820
O          1.52790       -4.35410        5.32810
O         -0.28950       -3.27220        4.61800
C         -0.40620        3.18620        4.33000
C         -1.45850        4.04590        5.08420
C          0.89110        4.04120        4.40140
C         -0.85910        2.92240        2.82330
C          0.33230        2.69610        1.86650
C         -0.06300        2.87460        0.40010
C         -1.37060        2.15060       -0.02400
C         -2.44550        3.25390       -0.24430
C         -2.91550        0.52240       -3.20420
C         -4.07100        1.54880       -3.37710
C         -1.39350       -0.69670       -4.84280
O         -1.21920       -0.96850       -6.02670
O         -1.22940       -1.57710       -3.82500
C         -0.79200       -2.89520       -4.18850
O         -1.58630       -3.83640       -3.44610
C         -1.23530       -5.20700       -3.65240
C         -1.63360       -5.70530       -5.05520
O         -1.45530       -7.11110       -5.18810
C          0.24040       -5.45000       -3.28590
O          0.66210       -6.79120       -3.56660
C          1.14930       -4.47890       -4.04000
O          2.50670       -4.62520       -3.58330
C          0.69960       -3.03430       -3.82330
O          1.52530       -2.16720       -4.60910
H         -6.17780        3.04760       -4.22870
H         -6.13300        2.64980       -5.95130
H         -4.78880        3.52880       -5.21500
H         -6.66460        0.58230       -3.85620
H         -5.48730       -0.65340       -4.30980
H         -6.42720        0.16740       -5.56030
H         -4.17840        1.47200       -6.80600
H         -3.85680       -0.06190       -6.02830
H         -2.43240        2.54960       -5.34220
H         -1.80570        1.34220       -6.43940
H         -0.24800        2.17220       -4.65560
H          0.31010        0.76850       -3.82340
H         -1.42960        3.01060       -2.74490
H          0.24420        2.69930       -2.34680
H          0.09460       -0.40310       -2.08230
H          0.92860        0.63190       -0.94790
H         -0.29810       -0.51830       -0.40500
H         -4.13400       -0.45730       -1.05000
H         -2.93420       -0.70860        1.18000
H         -3.96580        0.70530        1.04790
H         -0.98930        0.45790        1.19500
H         -3.41590        2.94780        3.75090
H         -4.06580        1.48170        3.07340
H         -3.76520        2.87980        2.04720
H         -0.83370       -0.01800        3.21110
H         -2.53880       -0.11590        3.55000
H         -2.27780        1.40960        5.46710
H         -1.22170        0.02670        5.57750
H          0.02420        2.09860        6.15800
H          1.71440        0.83840        6.43670
H          2.59990       -2.22640        5.68910
H          2.85190       -2.57940        3.22830
H          0.39460       -1.70200        3.02830
H          2.90600        0.23830        2.79190
H          4.68780       -0.11120        1.44850
H          5.68860        2.03670        1.00490
H          5.17960        3.76730        2.76580
H          6.78570        3.54030        3.44310
H          6.12360        5.10520        1.49030
H          8.20910        2.08930        1.11290
H          9.13250        0.92330        2.86640
H          7.12590        0.04520        0.22780
H          8.69060       -1.47740        0.94490
H          7.12150       -1.01730        3.10670
H          5.70930       -2.53360        1.99090
H          3.75620       -0.31020        5.68000
H          4.56620        1.47430        4.32920
H          0.84370       -5.05940        5.28890
H         -2.37040        3.50640        5.33770
H         -1.73750        4.93140        4.50130
H         -1.05930        4.40370        6.04380
H          0.78290        4.96970        3.82920
H          1.12260        4.31960        5.43780
H          1.77340        3.50990        4.03140
H         -1.31740        3.86480        2.48850
H          0.76730        1.70130        2.01810
H          1.13880        3.41330        2.03880
H         -0.14990        3.95180        0.19870
H          0.79870        2.56390       -0.19640
H         -3.43350        2.84500       -0.47290
H         -2.17430        3.93460       -1.05650
H         -2.55280        3.89570        0.63350
H         -3.37630       -0.46720       -3.33830
H         -3.65470        2.56250       -3.29290
H         -4.79530        1.46600       -2.55450
H         -0.94690       -3.07490       -5.25820
H         -1.83180       -5.79310       -2.94300
H         -1.06290       -5.21420       -5.84790
H         -2.68750       -5.47730       -5.24210
H         -0.50540       -7.29400       -5.03950
H          0.38430       -5.28730       -2.20990
H          0.22340       -7.36710       -2.90730
H          1.17390       -4.71380       -5.11150
H          2.73420       -5.55940       -3.76620
H          0.85460       -2.74570       -2.77780
H          2.44530       -2.39670       -4.36790

