HF BASIS=def2-svp cutoff=1.0e-9 denserms=1.0e-6  zmake GRADIENT DIPOLE CHARGE=0

C          1.76470        3.41890        1.98500
C          1.88100        2.10130        1.25350
C          2.82160        1.14180        1.93970
C          1.20590        1.80140        0.11880
C          1.28400        0.51030       -0.65920
C          0.21030       -0.48120       -0.19860
C         -1.21690       -0.07150       -0.61620
C         -2.00570       -1.34500       -0.28000
C         -1.07230       -2.50680       -0.64640
C          0.33100       -1.89250       -0.80840
C          1.42010       -2.73730       -0.15690
O          0.62030       -1.78250       -2.20330
C         -1.67870        1.24290       -0.01300
C         -2.51960        1.35540        1.03010
C         -1.16760        2.48700       -0.72000
C          0.30790        2.82120       -0.51280
O          0.77430        3.89660       -0.89410
H          2.70190        3.97840        1.89880
H          0.95390        4.05580        1.62370
H          1.56630        3.24250        3.04800
H          2.83580        0.14460        1.49440
H          2.52920        1.01220        2.98750
H          3.84310        1.53520        1.91300
H          2.28070        0.06800       -0.56040
H          1.17850        0.72450       -1.73110
H          0.24700       -0.56850        0.89840
H         -1.26100        0.04280       -1.70990
H         -2.95280       -1.39820       -0.82690
H         -2.23530       -1.41520        0.78910
H         -1.10600       -3.25830        0.15060
H         -1.41260       -2.98580       -1.57150
H          1.43820       -3.74480       -0.58780
H          2.41180       -2.30750       -0.33360
H          1.26870       -2.82860        0.92340
H          0.66960       -2.68140       -2.57370
H         -2.83000        2.32800        1.40360
H         -2.92720        0.49870        1.55450
H         -1.34020        2.39060       -1.79850
H         -1.73330        3.36520       -0.38330

