HF BASIS=def2-svp cutoff=1.0e-9 denserms=1.0e-6  zmake GRADIENT DIPOLE CHARGE=0

O          4.79200        2.73200        2.01880
C          3.70580        1.94360        1.78000
C          2.85590        2.18560        0.70700
C          1.75410        1.35130        0.50150
C          1.50110        0.26970        1.36210
C          2.37170        0.05020        2.44210
C          3.47150        0.88490        2.64790
C          0.29390       -0.63010        1.16930
C         -0.93990       -0.00810        1.80970
C         -2.09630       -0.94180        1.60030
O         -3.04160       -1.03080        2.38060
C         -2.10310       -1.72910        0.35590
C         -1.00790       -1.61940       -0.50960
O          0.08930       -0.84430       -0.23780
C         -1.00820       -2.29440       -1.73200
C         -2.09190       -3.09880       -2.06230
O         -2.09050       -3.76840       -3.25100
C         -3.17130       -3.22530       -1.19470
O         -4.22130       -4.02650       -1.55470
C         -3.18780       -2.54130        0.01510
O         -4.29610       -2.70450        0.80670
H          4.83940        3.41150        1.32660
H          3.03110        3.01080        0.02400
H          1.09410        1.54770       -0.34150
H          2.20300       -0.77300        3.13310
H          4.14430        0.70950        3.48280
H          0.51660       -1.60870        1.61990
H         -1.20080        0.95490        1.35570
H         -0.78850        0.13450        2.88530
H         -0.16930       -2.20320       -2.41590
H         -2.93790       -4.25860       -3.26490
H         -4.85160       -3.95370       -0.80700
H         -4.17220       -2.14850        1.61190

