HF BASIS=def2-svp cutoff=1.0e-9 denserms=1.0e-6  zmake GRADIENT DIPOLE CHARGE=0

C         -4.70870       -1.48890        1.49090
C         -4.41010       -0.78250        0.17580
C         -2.91210       -0.58680       -0.07910
N         -2.31600        0.28930        0.93080
C         -0.90110        0.60130        0.65680
C         -0.45200        1.71860        1.60700
C          0.96600        2.17590        1.26700
C          1.94140        1.04090        1.07590
C          1.49180       -0.27330        0.85030
C          0.02000       -0.61890        0.85410
C          2.42820       -1.30380        0.66720
C          3.79580       -1.03300        0.67600
C          4.24520        0.27010        0.87140
C          3.32020        1.29450        1.06580
O          3.75310        2.57900        1.24820
H         -5.78570       -1.65750        1.59080
H         -4.38290       -0.89370        2.34950
H         -4.20830       -2.46150        1.53530
H         -4.92530        0.18560        0.15780
H         -4.82900       -1.37720       -0.64490
H         -2.78630       -0.14980       -1.07670
H         -2.42530       -1.56790       -0.07730
H         -2.84940        1.15830        0.96930
H         -0.80560        0.97390       -0.37250
H         -0.48630        1.36450        2.64650
H         -1.12500        2.58280        1.54330
H          1.31140        2.83770        2.07030
H          0.94210        2.76280        0.34010
H         -0.20500       -1.10690        1.81180
H         -0.17020       -1.34890        0.05800
H          2.09070       -2.32720        0.51590
H          4.50910       -1.83960        0.52910
H          5.31230        0.46730        0.86920
H          4.72360        2.58450        1.23000

