HF BASIS=def2-svp cutoff=1.0e-9 denserms=1.0e-6  zmake GRADIENT DIPOLE CHARGE=0

O          3.27930        1.90820       -2.21360
C          2.14670        1.77070       -3.06120
C          1.13000        0.82940       -2.46570
C          1.43760       -0.01820       -1.39020
C          0.47180       -0.86850       -0.82270
C         -0.79820       -0.92580       -1.41340
C         -1.11110       -0.09040       -2.49300
O         -2.33620       -0.08070       -3.10330
C         -0.15910        0.78330       -3.00990
C         -1.78160       -1.91520       -0.92620
O         -2.94870       -1.87320       -1.31150
C         -1.33270       -2.99490       -0.02180
C         -0.07470       -2.90020        0.59480
C          0.35950       -3.95910        1.41270
C         -0.45230       -5.07490        1.62350
C         -1.70800       -5.14820        1.02520
C         -2.14680       -4.11240        0.20700
O         -3.38910       -4.26000       -0.34720
C          0.79460       -1.65870        0.43850
C          0.78040       -0.77770        1.76110
C          2.05040        0.05530        1.88440
C          2.04870        1.43540        1.62290
C          3.24760        2.16070        1.65900
O          3.31950        3.50210        1.39520
C          4.44390        1.52850        1.98070
C          4.45330        0.16440        2.26320
C          3.26700       -0.56960        2.21330
C          0.76940        2.11920        1.33660
O          0.76110        3.27820        0.92500
C         -0.50240        1.42390        1.63300
C         -0.48640        0.05260        1.93340
C         -1.68260       -0.55300        2.36080
C         -2.88170        0.17450        2.42140
C         -2.89210        1.52430        2.06490
C         -1.70590        2.14390        1.68180
O         -1.79070        3.47640        1.37900
C         -4.10670       -0.53280        2.86450
O         -5.20190        0.24390        2.83260
O         -4.15780       -1.69370        3.22690
H          3.81400        2.63450       -2.57650
H          2.48130        1.38880       -4.03110
H          1.69990        2.76240       -3.19200
H          2.44740        0.00680       -0.98000
H         -2.92370       -0.69670       -2.61240
H         -0.42900        1.42260       -3.84800
H          1.33260       -3.92220        1.89900
H         -0.11090       -5.88810        2.26030
H         -2.34690       -6.01150        1.19440
H         -3.61050       -3.42780       -0.82020
H          1.81130       -2.05250        0.28690
H          0.80890       -1.45010        2.63230
H          2.43040        3.79380        1.09550
H          5.36730        2.10100        2.01080
H          5.39030       -0.32700        2.51500
H          3.30350       -1.63640        2.42660
H         -1.69510       -1.60570        2.64480
H         -3.81020        2.10630        2.09710
H         -0.90360        3.77860        1.08140
H         -5.92590       -0.34710        3.12860

