HF BASIS=def2-svp cutoff=1.0e-9 denserms=1.0e-6  zmake GRADIENT DIPOLE CHARGE=0

C          1.75630       -1.17280        0.24640
C          0.98650       -0.60120       -0.94500
C          1.76930        0.60350       -1.48340
O          1.23920        1.04040       -2.73670
C         -0.10350        1.02000       -2.91820
O         -0.58290        1.14320       -4.04240
C         -0.94780        0.89980       -1.64020
O         -2.27540        0.50880       -2.01110
C         -2.37640       -0.88640       -1.78220
C         -3.84220       -1.29520       -1.86260
O         -1.67810       -1.54040       -2.83680
C         -1.63180       -1.14190       -0.44710
C         -1.27950       -2.64180       -0.30950
C         -0.92040       -3.09820        1.07640
C         -1.12220       -2.39820        2.20230
C         -0.69310       -2.84410        3.56270
C         -1.82800       -1.09410        2.10180
O         -1.90930       -0.34380        3.07500
C         -2.51120       -0.74710        0.77470
O         -2.84090        0.64070        0.77950
C         -0.44020       -0.12220       -0.59260
H          1.39760       -2.16150        0.52690
H          1.68980       -0.51760        1.12120
H          2.81780       -1.29490        0.00260
H          0.93750       -1.35490       -1.74000
H          2.81290        0.32720       -1.66970
H          1.77340        1.44790       -0.78380
H         -1.00900        1.90480       -1.20710
H         -4.47110       -0.71050       -1.18450
H         -3.97940       -2.36100       -1.65850
H         -4.23090       -1.11460       -2.87230
H         -2.03970       -1.14680       -3.65470
H         -2.13360       -3.25690       -0.61990
H         -0.46230       -2.91300       -0.98590
H         -0.43270       -4.07070        1.13720
H          0.02170       -2.13410        3.99120
H         -1.55620       -2.91820        4.23230
H         -0.20940       -3.82620        3.53440
H         -3.45620       -1.30340        0.77600
H         -3.04670        0.87320        1.70860
H         -0.33780        0.42970        0.35260

