HF BASIS=def2-svp cutoff=1.0e-9 denserms=1.0e-6  zmake GRADIENT DIPOLE CHARGE=0

C         -0.31130       -1.83740        3.09680
C         -1.63780       -1.64920        2.34380
O         -2.13000       -0.31300        2.54020
C         -3.40960       -0.10980        2.12270
O         -4.14110       -0.96610        1.65050
C         -3.76900        1.34590        2.31220
C         -5.18950        1.65240        1.84380
C         -5.57820        3.12690        1.99820
C         -4.69090        4.12580        1.25120
C         -4.69110        3.92530       -0.26690
C         -3.70910        4.87720       -0.95310
C         -3.76070        4.71670       -2.47440
C         -2.65070        5.47730       -3.14460
C         -1.56820        4.95850       -3.75020
C         -1.19190        3.50500       -3.85130
C         -1.37480        3.00240       -5.25460
C         -0.49960        2.32470       -6.01620
C          0.89010        1.88670       -5.65240
C          0.99870        0.35820       -5.65690
C          2.40830       -0.09890       -5.28660
C          2.50930       -1.62700       -5.28430
C          3.90400       -2.09420       -4.90840
C          0.39630       -3.10150        2.59600
O          0.80820       -2.93010        1.25060
P          1.56180       -4.16010        0.55120
O          0.36850       -5.18240        0.23700
O          2.64520       -4.78590        1.37100
O          1.98340       -3.60270       -0.88680
C          2.47350       -4.48780       -1.87890
C          3.95710       -4.80820       -1.67570
N          4.15950       -5.89250       -0.71070
O         -0.55680       -2.04270        4.48890
C         -0.64620       -1.05630        5.41160
C         -0.48450        0.27620        5.41200
C         -0.10370        1.27960        4.36640
C          1.02780        2.20960        4.81640
C          2.35440        1.52870        5.17060
C          2.96660        0.63870        4.08650
C          3.20760        1.36370        2.76010
C          3.88100        0.44220        1.74210
C          4.05290        1.14370        0.42260
C          3.44670        0.86040       -0.74250
C          2.45650       -0.23610       -1.02000
C          1.07450        0.32550       -1.36740
C          0.10270       -0.80030       -1.72460
C         -1.28630       -0.26680       -2.07340
C         -2.22470       -1.34760       -2.61830
C         -2.53910       -2.44950       -1.60370
C         -3.54010       -3.45490       -2.16690
C         -3.85450       -4.54860       -1.15740
H          0.36720       -1.00540        2.92080
H         -1.49060       -1.78780        1.26740
H         -2.37790       -2.37150        2.71240
H         -3.04430        1.93020        1.73560
H         -3.66900        1.59400        3.37430
H         -5.31720        1.33800        0.80290
H         -5.89770        1.04710        2.42420
H         -5.56570        3.38250        3.06390
H         -6.61600        3.25210        1.66380
H         -5.05330        5.13930        1.47190
H         -3.66670        4.08140        1.63350
H         -5.70330        4.09030       -0.65760
H         -4.40770        2.89820       -0.51920
H         -2.69320        4.67000       -0.59330
H         -3.93790        5.91770       -0.68710
H         -4.71900        5.09460       -2.85210
H         -3.73550        3.65670       -2.74230
H         -2.76480        6.56100       -3.15130
H         -0.86310        5.65260       -4.20960
H         -1.79130        2.88530       -3.17670
H         -0.15660        3.40800       -3.51060
H         -2.35200        3.21440       -5.68690
H         -0.82380        2.04660       -7.01960
H          1.58540        2.30360       -6.39220
H          1.19790        2.26880       -4.67450
H          0.27820       -0.06660       -4.94540
H          0.73410       -0.03190       -6.64900
H          3.13110        0.31200       -6.00200
H          2.67840        0.28830       -4.29620
H          2.25610       -2.01640       -6.27630
H          1.78950       -2.04710       -4.57640
H          3.95100       -3.18650       -4.89630
H          4.18610       -1.73260       -3.91610
H          4.64550       -1.73020       -5.62600
H          1.27720       -3.30080        3.21790
H         -0.26460       -3.97240        2.67980
H          0.69920       -6.09720        0.23330
H          2.35110       -3.97400       -2.83650
H          1.86240       -5.39420       -1.92700
H          4.38870       -5.13040       -2.62890
H          4.49720       -3.91720       -1.33920
H          3.87280       -5.57310        0.22940
H          5.16270       -6.06260       -0.61410
H         -0.91720       -1.54220        6.35060
H         -0.67010        0.74960        6.37890
H         -0.99010        1.90250        4.17240
H          0.15940        0.83880        3.40760
H          0.69620        2.78250        5.69370
H          1.19890        2.95750        4.03090
H          2.22490        0.93090        6.08010
H          3.07910        2.31170        5.42640
H          2.32950       -0.23700        3.92290
H          3.92120        0.25270        4.46340
H          2.25490        1.72120        2.34580
H          3.83390        2.24660        2.93130
H          4.87140        0.15180        2.10720
H          3.30290       -0.48400        1.64160
H          4.75360        1.97730        0.43060
H          3.69420        1.48530       -1.59950
H          2.83390       -0.82920       -1.86200
H          2.36530       -0.92410       -0.17560
H          1.15420        1.01940       -2.21440
H          0.68180        0.89720       -0.51670
H          0.03050       -1.48780       -0.87650
H          0.50160       -1.37130       -2.57200
H         -1.73500        0.20370       -1.19000
H         -1.18980        0.51640       -2.83340
H         -3.16210       -0.86380       -2.92500
H         -1.78260       -1.79260       -3.51590
H         -2.94740       -1.99880       -0.69100
H         -1.62410       -2.97740       -1.31990
H         -4.46960       -2.93880       -2.44270
H         -3.13700       -3.90880       -3.07750
H         -2.95180       -5.10810       -0.89180
H         -4.27500       -4.12110       -0.24060
H         -4.58160       -5.25220       -1.57710

