HF BASIS=def2-svp cutoff=1.0e-9 denserms=1.0e-6  zmake GRADIENT DIPOLE CHARGE=0

C          2.62910       -0.73560       -5.61650
C          3.29550       -0.16150       -4.39820
C          2.68060        1.19290       -4.02550
C          3.30860        1.75420       -2.74760
C          2.69280        3.10570       -2.38110
C          3.27170        3.72810       -1.10870
C          3.13500        2.89070        0.16740
C          1.69180        2.49970        0.49190
C          1.59130        1.76980        1.82450
C          1.84100       -1.82160       -5.67870
C          1.39860       -2.69480       -4.53790
C          2.12170       -4.04650       -4.56060
C          1.66710       -5.00020       -3.44830
C          2.57550       -5.02060       -2.21400
C          2.66210       -3.72400       -1.40630
C          1.32540       -3.30960       -0.78910
C          1.46260       -2.03250        0.03470
C          0.14960       -1.64290        0.66530
O         -0.02000       -1.55040        1.87630
O         -0.78900       -1.41630       -0.28720
C         -2.11430       -1.03330        0.13490
C         -2.67610       -0.09430       -0.94440
C         -1.85280        1.18920       -1.08050
C         -2.45790        2.12260       -2.13300
C         -1.64110        3.39760       -2.35120
C         -1.64860        4.33440       -1.14070
C         -0.86050        5.61430       -1.43150
C         -0.99570        6.66620       -0.32730
C         -0.38300        6.24020        0.99730
C         -3.01800       -2.27840        0.26760
C         -2.57310       -3.19800        1.40770
C         -3.60720       -4.27480        1.74230
C         -3.14890       -5.19820        2.88050
C         -3.56210       -4.76530        4.29340
C         -3.07500       -3.39880        4.77010
C         -1.55340       -3.27860        4.86410
C         -1.13690       -1.84300        5.16620
C          0.35220       -1.74450        5.36950
O          1.05920       -1.64670        4.22460
O          0.88810       -1.76450        6.46830
H          2.83790       -0.21090       -6.54970
H          4.36410       -0.03110       -4.62160
H          3.23950       -0.84620       -3.54500
H          1.59870        1.08440       -3.87820
H          2.82390        1.90470       -4.85050
H          4.39120        1.87020       -2.88550
H          3.16040        1.03650       -1.93170
H          1.60950        3.00030       -2.27610
H          2.85170        3.80810       -3.21030
H          4.33430        3.94810       -1.27190
H          2.77920        4.69590       -0.94560
H          3.75800        1.98990        0.09450
H          3.54530        3.47430        1.00160
H          1.06680        3.39660        0.52830
H          1.28990        1.84730       -0.29300
H          0.55140        1.49710        2.02730
H          1.94350        2.40020        2.64650
H          2.18250        0.85110        1.81500
H          1.45920       -2.11310       -6.65720
H          0.31550       -2.85190       -4.63160
H          1.54310       -2.19280       -3.57940
H          1.90800       -4.52760       -5.52500
H          3.20810       -3.90380       -4.51900
H          1.67860       -6.01940       -3.86220
H          0.62620       -4.80870       -3.16690
H          2.23540       -5.82540       -1.54890
H          3.58960       -5.29820       -2.53160
H          3.38910       -3.87560       -0.59690
H          3.06040       -2.91590       -2.03050
H          0.58080       -3.15670       -1.57680
H          0.94280       -4.11930       -0.15740
H          1.81350       -1.19440       -0.57670
H          2.19530       -2.18050        0.83490
H         -2.07240       -0.49150        1.08870
H         -3.71330        0.16240       -0.70300
H         -2.67980       -0.60690       -1.91640
H         -0.82180        0.94780       -1.36690
H         -1.80760        1.69120       -0.10930
H         -2.51870        1.58560       -3.08890
H         -3.48410        2.38310       -1.85380
H         -2.05810        3.92800       -3.21700
H         -0.61180        3.13110       -2.61730
H         -2.68410        4.58470       -0.87880
H         -1.20520        3.83020       -0.27610
H         -1.22040        6.05550       -2.36930
H          0.19860        5.36920       -1.58360
H         -2.05510        6.90910       -0.17840
H         -0.49700        7.58340       -0.66220
H         -0.90410        5.37860        1.42860
H          0.67600        5.97680        0.87660
H         -0.45040        7.06240        1.71920
H         -3.01230       -2.85300       -0.66900
H         -4.04880       -1.94670        0.45030
H         -2.38740       -2.57850        2.28660
H         -1.62650       -3.68550        1.14190
H         -4.57530       -3.82440        1.99050
H         -3.75930       -4.88870        0.84530
H         -3.60000       -6.18290        2.70930
H         -2.07020       -5.36650        2.83180
H         -3.22730       -5.53110        5.00660
H         -4.65760       -4.76890        4.33940
H         -3.50000       -3.21390        5.76610
H         -3.49100       -2.61550        4.13000
H         -1.07390       -3.60660        3.93630
H         -1.18830       -3.94920        5.65190
H         -1.43450       -1.16270        4.36150
H         -1.62620       -1.47860        6.08010
H          0.49860       -1.64860        3.40430

