HF BASIS=def2-svp cutoff=1.0e-9 denserms=1.0e-6  zmake GRADIENT DIPOLE CHARGE=+1

C          2.03520        4.52350        2.07410
N          2.05500        3.58850        0.96380
C          3.17970        3.69060        0.04800
C          1.21230        2.48720        0.99860
O          0.34380        2.31520        1.85060
O          1.44940        1.59180       -0.04920
C          0.66950        0.42450       -0.09950
C         -0.72550        0.46830       -0.04760
C         -1.47280       -0.71790       -0.06960
C         -0.78640       -1.93360       -0.21110
C          0.61160       -1.96190       -0.31070
C          1.34350       -0.78030       -0.25360
N         -2.98460       -0.64290        0.07810
C         -3.30800        0.04250        1.40770
C         -3.63910       -2.01870        0.09160
C         -3.55490        0.14590       -1.09420
H          2.13070        5.54220        1.68730
H          2.87850        4.30040        2.73460
H          1.10730        4.45050        2.64760
H          4.07670        3.32620        0.55720
H          3.31820        4.73760       -0.23680
H          3.02190        3.10250       -0.85900
H         -1.20380        1.43830        0.03970
H         -1.28970       -2.89370       -0.24730
H          1.13200       -2.91210       -0.42270
H          2.42900       -0.80220       -0.31850
H         -4.39430        0.02510        1.54260
H         -2.96860        1.08160        1.38060
H         -2.81840       -0.51110        2.21530
H         -4.71920       -1.88290        0.21330
H         -3.44640       -2.51790       -0.86340
H         -3.25050       -2.59390        0.93810
H         -3.25190       -0.34240       -2.02600
H         -3.19110        1.17660       -1.05780
H         -4.64610        0.14650       -1.00620

