HF BASIS=def2-svp cutoff=1.0e-9 denserms=1.0e-6  zmake GRADIENT DIPOLE CHARGE=0

C         -9.40830        2.90020        3.51190
C         -8.49880        2.05340        4.38460
C         -7.51020        2.92610        5.15720
C         -6.61900        2.13010        6.10920
C         -5.59790        1.24360        5.38940
C         -4.71070        0.49800        6.38940
C         -3.62440       -0.31800        5.68180
C         -2.81940       -1.14910        6.68510
C         -1.61240       -1.87620        6.08070
C         -1.89430       -3.27930        5.52810
C         -2.71640       -3.36780        4.24480
C         -2.06760       -2.65800        3.05420
C         -2.93430       -2.78540        1.79770
C         -2.26090       -2.13390        0.58680
C         -3.18160       -2.16140       -0.63590
C         -2.57380       -1.47930       -1.86290
C         -1.46690       -2.29420       -2.53260
C         -0.93470       -1.58060       -3.77690
C          0.07460       -2.44960       -4.52300
C          0.63500       -1.76290       -5.76740
O          1.26110       -0.52810       -5.42670
C          1.99090        0.00560       -6.54570
C          2.47640        1.44240       -6.27620
C          3.40450        1.51640       -5.06280
O          4.55220        0.71290       -5.25950
P          5.17480       -0.02860       -3.97020
O          6.44850       -0.73520       -4.35320
O          5.11640        0.87440       -2.76590
O          4.06820       -1.20130       -3.76110
C          3.38430       -1.22680       -2.52850
C          4.28500       -1.52740       -1.31940
N          5.03380       -2.89560       -1.36510
C          5.61780       -3.13350        0.01530
C          4.11690       -4.03340       -1.74950
C          6.19440       -2.82330       -2.36950
O          1.36650        2.33960       -6.02300
C          0.60930        2.68860       -7.09540
O          0.77360        2.29840       -8.24210
C         -0.49680        3.61890       -6.66830
C         -1.82250        2.89230       -6.48030
C         -1.78870        1.91840       -5.29930
C         -3.16300        1.42010       -4.95700
C         -3.94050        1.84810       -3.94690
C         -3.64230        2.96130       -2.98090
C         -3.43900        2.43700       -1.58870
C         -2.28780        2.34510       -0.90030
C         -0.90940        2.72090       -1.36540
C         -0.21150        3.57750       -0.34880
C          0.81970        3.22510        0.44080
C          1.49090        1.88220        0.52980
C          2.88940        1.93330       -0.00760
C          4.04580        1.79950        0.66420
C          4.22570        1.60470        2.14000
C          4.74650        0.20050        2.44430
C          4.67760       -0.19610        3.92590
C          5.57630        0.62670        4.85570
C          4.86940        1.81380        5.49530
H         -8.82520        3.46250        2.77560
H        -10.11370        2.26120        2.96810
H         -9.98620        3.61100        4.11350
H         -9.10840        1.46990        5.08480
H         -7.96250        1.34190        3.74740
H         -8.07040        3.66220        5.74550
H         -6.88910        3.49650        4.45360
H         -7.24060        1.51670        6.77450
H         -6.07950        2.83970        6.75100
H         -4.97630        1.86380        4.73210
H         -6.10990        0.51410        4.75160
H         -5.33830       -0.16590        6.99650
H         -4.23910        1.21480        7.07210
H         -4.09490       -0.96690        4.94150
H         -2.95420        0.36210        5.14180
H         -2.43730       -0.46250        7.45610
H         -3.47580       -1.86310        7.20270
H         -1.11210       -1.25020        5.33400
H         -0.88350       -2.01100        6.89260
H         -0.92950       -3.76960        5.34470
H         -2.39160       -3.87400        6.30380
H         -3.72690       -2.98460        4.41380
H         -2.84160       -4.42620        3.99480
H         -1.07740       -3.08750        2.87010
H         -1.92400       -1.59350        3.27140
H         -3.12550       -3.84510        1.58560
H         -3.90660       -2.31030        1.97800
H         -1.99870       -1.09520        0.82130
H         -1.32440       -2.66020        0.36800
H         -4.11420       -1.63980       -0.37980
H         -3.45140       -3.19770       -0.87630
H         -3.37930       -1.31130       -2.59440
H         -2.19190       -0.49100       -1.58210
H         -1.85490       -3.28600       -2.80590
H         -0.64060       -2.45220       -1.82750
H         -0.46910       -0.63400       -3.47540
H         -1.76760       -1.33770       -4.44730
H          0.89840       -2.70440       -3.85090
H         -0.39750       -3.39200       -4.82430
H         -0.17320       -1.56460       -6.47960
H          1.36530       -2.42830       -6.24330
H          1.33540       -0.00760       -7.42250
H          2.84210       -0.65260       -6.75350
H          3.03020        1.79220       -7.15690
H          3.73780        2.54840       -4.91050
H          2.85800        1.23840       -4.15460
H          2.86260       -0.27280       -2.37270
H          2.59780       -1.98300       -2.59580
H          5.05670       -0.77450       -1.14590
H          3.65110       -1.55870       -0.42310
H          6.20600       -4.05730       -0.00130
H          4.79260       -3.22270        0.72860
H          6.24860       -2.27920        0.27820
H          3.80130       -3.90320       -2.78900
H          4.67140       -4.97150       -1.65170
H          3.25320       -4.02100       -1.07750
H          6.75060       -1.90110       -2.18170
H          5.78960       -2.89320       -3.38450
H          6.84240       -3.68470       -2.18760
H         -0.59630        4.38530       -7.44740
H         -0.20400        4.15080       -5.75470
H         -2.60620        3.64750       -6.32070
H         -2.08610        2.34740       -7.39870
H         -1.16410        1.05360       -5.55130
H         -1.31380        2.38560       -4.43100
H         -3.54000        0.61640       -5.58560
H         -4.90680        1.36430       -3.81740
H         -4.50230        3.64530       -2.96770
H         -2.80360        3.57290       -3.31850
H         -4.34040        2.08490       -1.09120
H         -2.33470        1.91170        0.09790
H         -0.35160        1.80490       -1.57650
H         -0.93230        3.27910       -2.30660
H         -0.58030        4.60230       -0.27810
H          1.22950        3.98360        1.10800
H          1.46880        1.56080        1.57510
H          0.94740        1.11180       -0.02020
H          2.96600        2.09240       -1.08430
H          4.96290        1.86740        0.07490
H          3.29250        1.78750        2.67910
H          4.93980        2.35650        2.48900
H          4.16300       -0.53820        1.87490
H          5.78080        0.10750        2.09060
H          5.00790       -1.24210        3.98720
H          3.63640       -0.17830        4.27510
H          5.91130       -0.02480        5.67340
H          6.48180        0.96110        4.33200
H          3.99790        1.48530        6.07140
H          5.54920        2.32030        6.18810
H          4.53590        2.54250        4.75110

