HF BASIS=def2-svp cutoff=1.0e-9 denserms=1.0e-6  zmake GRADIENT DIPOLE CHARGE=0

C          0.45990        6.77370       -2.35020
O          0.26130        6.10470       -1.11120
C          0.06470        4.75250       -1.16410
C          0.01990        3.97310       -2.31870
C         -0.19100        2.59200       -2.22860
C         -0.35460        1.96710       -0.98310
C         -0.31410        2.75980        0.17180
C         -0.10450        4.13820        0.07800
C         -0.61110        0.47560       -0.87150
C         -2.08860        0.17280       -1.08020
C         -2.28500       -1.30910       -0.94530
O         -3.32810       -1.81330       -0.53530
C         -1.17890       -2.17310       -1.39620
C         -1.30030       -3.56710       -1.42130
O         -2.42330       -4.22560       -0.99790
C         -0.25650       -4.35490       -1.90070
C          0.90270       -3.73720       -2.36240
O          1.94700       -4.46630       -2.84980
C          1.03610       -2.35130       -2.34120
C         -0.00210       -1.56730       -1.84090
O          0.19540       -0.21140       -1.84340
H          1.35720        6.40580       -2.85870
H         -0.42310        6.68590       -2.99180
H          0.61090        7.83610       -2.13590
H          0.14520        4.40480       -3.30600
H         -0.22120        2.00450       -3.14470
H         -0.44420        2.31560        1.15630
H         -0.07240        4.74060        0.98290
H         -0.28060        0.14110        0.12310
H         -2.69910        0.68250       -0.32660
H         -2.43490        0.46700       -2.07780
H         -3.08130       -3.55390       -0.70590
H         -0.36850       -5.43450       -1.91400
H          1.71770       -5.41020       -2.80920
H          1.94950       -1.88770       -2.70380

