HF BASIS=def2-svp cutoff=1.0e-9 denserms=1.0e-6  zmake GRADIENT DIPOLE CHARGE=0

C         -4.46620       -0.46890       -3.38310
C         -3.71820        0.82260       -3.02180
C         -2.88610        1.41140       -4.17690
C         -1.96640        0.37230       -4.83000
C         -3.74070        2.22530       -5.19820
C         -3.26140        3.67430       -5.34100
C         -3.82540        4.05730       -6.68610
C         -3.64200        2.77830       -7.47350
O         -3.57120        1.69630       -6.53300
O         -5.14960        2.20290       -4.95520
C         -5.64920        2.29030       -3.61160
C         -4.64860        1.93680       -2.51080
O         -5.32080        1.47220       -1.34650
C         -5.75580        2.42840       -0.38050
C         -4.75820        2.51520        0.78380
C         -3.72140        3.63860        0.66850
O         -2.68880        3.17490       -0.19620
C         -1.40170        3.75370        0.05390
C         -0.49150        2.60800        0.48020
C          0.90500        2.73090       -0.12090
O          1.51170        3.89700        0.45640
C          2.89610        3.68990        0.78250
C          3.29630        4.66630        1.91300
C          3.66820        3.89160        3.15640
C          4.88910        3.41560        3.46060
C          6.16310        3.63940        2.69280
C          6.57350        2.53800        1.69100
O          6.95730        1.33680        2.40590
C          5.98130        0.28900        2.39390
C          6.21580       -0.53030        3.63510
C          5.41330       -1.54510        3.99750
C          4.20080       -1.97870        3.20910
O          3.60530       -3.03750        3.96520
C          2.37340       -3.49530        3.37970
C          2.66780       -4.13160        2.01880
C          3.36180       -3.12790        1.11000
C          4.55860       -2.42120        1.76800
O          4.84140       -1.31720        0.88980
C          6.07470       -0.61600        1.11900
C          6.34040        0.08170       -0.20220
C          6.14680        1.38280       -0.47680
C          5.56150        2.33390        0.52630
O          5.24620        3.57680       -0.10870
C          3.85130        3.81900       -0.43850
C          3.44710        2.98740       -1.66980
C          2.12350        3.39340       -2.32890
O          2.06270        4.82250       -2.45340
C          0.83800        2.81700       -1.66340
C          0.61150        1.39150       -2.22220
O         -0.29900        3.57680       -2.14840
C         -0.89440        4.48910       -1.19910
C         -2.00580        5.20660       -1.97300
C         -2.70740        6.39920       -1.30110
C         -1.71900        7.56470       -1.12290
C         -3.44130        6.14750        0.03440
C         -4.38790        4.94070        0.17540
O         -5.11940        4.73070       -1.03790
C         -6.22300        3.82290       -0.85500
C         -7.10030        3.84790       -2.11830
C         -8.30610        2.90360       -1.99740
C         -6.31140        3.66570       -3.42250
O         -7.21300        3.88280       -4.52410
O          3.51810       -5.26780        2.17170
C          3.00490       -6.29320        3.04270
C          4.12550       -6.69160        4.01700
C          3.93370       -7.99920        4.73710
C          2.77950       -8.65870        4.92960
C          1.39090       -8.19610        4.57630
O          1.28130       -6.79530        4.81460
C          1.68060       -5.93620        3.74520
C          1.74030       -4.51550        4.34040
O          0.42390       -4.06190        4.69500
C          0.37790       -8.82130        5.49660
C         -0.44400       -9.85860        5.26780
C         -0.52340      -10.64220        4.05870
C         -1.32510      -11.70840        3.94240
H         -5.10870       -0.79200       -2.55680
H         -3.76380       -1.28580       -3.57640
H         -5.09070       -0.35510       -4.27570
H         -3.03810        0.55550       -2.20060
H         -2.20910        2.12940       -3.69520
H         -1.27790        0.84920       -5.53970
H         -2.53800       -0.38620       -5.37650
H         -1.36290       -0.13710       -4.07290
H         -3.60650        4.33530       -4.54560
H         -2.16790        3.72020       -5.38700
H         -3.33270        4.91480       -7.15120
H         -4.88940        4.29060       -6.59740
H         -2.70960        2.78990       -8.04500
H         -4.46610        2.60180       -8.17350
H         -6.46170        1.55320       -3.59560
H         -4.02620        2.79460       -2.26390
H         -6.64310        1.93820        0.04660
H         -5.33460        2.71280        1.69510
H         -4.24630        1.55240        0.91580
H         -3.30340        3.79760        1.66900
H         -1.44460        4.47290        0.87910
H         -0.41650        2.60800        1.57650
H         -0.93250        1.64410        0.20790
H          1.46500        1.83350        0.17710
H          2.95630        2.68200        1.19700
H          4.11970        5.32130        1.60850
H          2.46150        5.33190        2.16360
H          2.83790        3.64340        3.81510
H          4.99330        2.82300        4.36820
H          6.96080        3.74230        3.44030
H          6.13040        4.60830        2.17650
H          7.50910        2.90830        1.24600
H          4.97520        0.71170        2.51220
H          7.07320       -0.27910        4.25490
H          5.63600       -2.09500        4.90840
H          3.49500       -1.14000        3.19000
H          1.70710       -2.63110        3.26280
H          1.74600       -4.45220        1.52010
H          2.63350       -2.36970        0.78760
H          3.70910       -3.61800        0.19030
H          5.40790       -3.11400        1.77400
H          6.89030       -1.34170        1.24380
H          6.73570       -0.55760       -0.98850
H          6.40010        1.77430       -1.45870
H          4.65130        1.86810        0.89280
H          3.83570        4.87220       -0.74830
H          3.44690        1.91740       -1.44010
H          4.24200        3.12310       -2.41190
H          2.14850        3.03720       -3.36730
H          1.12750        5.01490       -2.64090
H          1.41860        0.70890       -1.94730
H         -0.33480        0.96850       -1.86560
H          0.53320        1.41250       -3.31380
H         -0.13080        5.22210       -0.91520
H         -1.57900        5.56480       -2.92190
H         -2.75770        4.48290       -2.29980
H         -3.46770        6.73830       -2.02110
H         -1.13160        7.45370       -0.21010
H         -1.02240        7.61820       -1.95980
H         -2.25450        8.51450       -1.07130
H         -2.74510        6.15970        0.87980
H         -4.06850        7.04150        0.19280
H         -5.11450        5.23390        0.95190
H         -6.83750        4.24300       -0.04350
H         -7.52350        4.86260       -2.17610
H         -8.99670        3.04240       -2.83550
H         -8.01000        1.85020       -1.98670
H         -8.86130        3.10560       -1.07380
H         -5.55520        4.45310       -3.50610
H         -6.73100        3.56740       -5.31300
H          2.82080       -7.15460        2.38580
H          5.05810       -6.77230        3.44310
H          4.30820       -5.89580        4.74790
H          4.85280       -8.46030        5.10120
H          2.84020       -9.63150        5.41520
H          1.15480       -8.42990        3.53180
H          0.86970       -5.96910        3.00470
H          2.29130       -4.54130        5.28960
H         -0.19080       -4.81760        4.61400
H          0.32300       -8.35810        6.48120
H         -1.10590      -10.15710        6.08040
H          0.09500      -10.37110        3.21010
H         -1.96370      -12.03610        4.75310
H         -1.35980      -12.27840        3.02130

