HF BASIS=def2-svp cutoff=1.0e-9 denserms=1.0e-6  zmake GRADIENT DIPOLE CHARGE=0

C          2.06370       -0.24880       -1.00510
C          1.96100        1.29660       -1.13790
C          0.72560        1.73920       -0.34530
C          0.29570        0.48510        0.41080
C         -1.07550        0.38650        1.03100
C         -1.90510        1.43290        1.16530
C         -3.09610        1.36400        1.96930
C         -3.59200        0.20520        2.43360
C         -4.86790        0.18250        3.24250
C         -4.77450       -0.73300        4.46390
O         -6.05190       -0.84790        5.08740
C         -4.30760       -2.12880        4.06400
C         -2.95680       -2.06900        3.35450
C         -2.92780       -1.14020        2.10460
C         -3.77740       -1.77350        0.97420
C         -1.39990       -0.96410        1.67270
C         -0.86420       -2.16930        0.84840
C          0.53600       -1.96890        0.24750
C          0.62230       -0.66540       -0.57230
C         -0.33990       -0.71030       -1.78320
C          2.69230       -0.90070       -2.26770
C          2.80300       -2.42430       -2.16020
C          4.07460       -0.29830       -2.63620
C          5.17250       -0.49130       -1.58440
C          6.47590        0.09570       -2.05560
C          7.05740        1.24280       -1.65360
C          6.47640        2.20600       -0.65550
C          8.38980        1.66510       -2.21640
H          2.72760       -0.45830       -0.15440
H          2.86520        1.77270       -0.74310
H          1.85170        1.61340       -2.18130
H         -0.05300        2.08880       -1.03320
H          0.96190        2.56630        0.33270
H          0.98910        0.40650        1.26600
H         -1.65920        2.41020        0.76000
H         -3.58930        2.30960        2.18050
H         -5.69930       -0.14240        2.60380
H         -5.14470        1.19040        3.57800
H         -4.08060       -0.31050        5.20100
H         -6.31720        0.04280        5.37390
H         -5.05910       -2.61510        3.42990
H         -4.22900       -2.75930        4.95830
H         -2.65900       -3.08720        3.07610
H         -2.21580       -1.72260        4.08780
H         -3.51190       -2.82300        0.80720
H         -4.84910       -1.76800        1.20130
H         -3.64850       -1.23210        0.02970
H         -0.79980       -0.95460        2.59670
H         -0.84510       -3.06200        1.48510
H         -1.53540       -2.40460        0.01750
H          0.77020       -2.84180       -0.36730
H          1.27330       -1.95670        1.06050
H         -1.39170       -0.71830       -1.48180
H         -0.21250        0.15110       -2.44680
H         -0.16990       -1.60930       -2.38460
H          2.04060       -0.68810       -3.12540
H          3.24440       -2.73170       -1.20690
H          1.82250       -2.89730       -2.25510
H          3.42130       -2.83250       -2.96730
H          3.96150        0.77190       -2.84950
H          4.40470       -0.74810       -3.58310
H          4.87250       -0.06410       -0.62490
H          5.33740       -1.55920       -1.40030
H          6.98980       -0.51170       -2.80110
H          6.42640        3.21080       -1.08860
H          5.46400        1.94720       -0.33900
H          7.10730        2.24740        0.23830
H          8.29660        2.62650       -2.73190
H          8.78710        0.94010       -2.93450
H          9.12410        1.77110       -1.41110

