HF BASIS=def2-svp cutoff=1.0e-9 denserms=1.0e-6  zmake GRADIENT DIPOLE CHARGE=0

O         -1.15690        3.06490        0.19560
C         -0.69960        3.05500        1.54290
C          0.72440        2.49120        1.67520
O          0.75500        1.05450        1.61290
C          0.49310        0.46960        0.31630
C          1.56680        0.95260       -0.67600
O          2.85820        0.41930       -0.30690
C          1.65730        2.48540       -0.70600
O          2.83970        2.83980       -1.45410
C          1.74520        3.08960        0.70190
O          3.07950        2.82880        1.19540
C          0.44050       -1.08790        0.51620
C         -0.76600       -1.41570        1.40080
C         -2.01450       -1.68910        0.82670
C         -3.14550       -1.84850        1.63530
O         -4.39630       -2.08220        1.13230
C         -3.03620       -1.77650        3.02100
C         -1.79130       -1.54280        3.61800
C         -1.67110       -1.42750        5.11400
O         -1.78180       -0.06800        5.51260
C         -0.66640       -1.34900        2.80150
C         -2.10260       -1.85780       -0.63730
O         -3.19520       -1.85520       -1.20050
C         -0.86060       -2.13390       -1.39270
C         -0.93450       -2.76020       -2.64600
O         -2.11590       -3.02490       -3.28310
C          0.22360       -3.16930       -3.29420
C          1.45950       -2.95580       -2.69030
C          1.53600       -2.29630       -1.46340
O          2.79540       -2.12480       -0.96400
C          0.38400       -1.85570       -0.79510
H         -2.07210        3.40230        0.20940
H         -1.39910        2.45250        2.13170
H         -0.72380        4.08770        1.90530
H          1.05360        2.71780        2.69700
H         -0.48970        0.80170       -0.03450
H          1.36130        0.59180       -1.68950
H          3.48690        0.91790       -0.87740
H          0.79780        2.89190       -1.24590
H          3.45950        3.23390       -0.80390
H          1.65740        4.18020        0.65470
H          3.12440        1.86170        1.35540
H          1.32520       -1.41820        1.07750
H         -4.33880       -2.05680        0.15170
H         -3.92750       -1.90740        3.63130
H         -2.45830       -2.00210        5.61350
H         -0.70950       -1.81970        5.46110
H         -2.24300        0.40950        4.80290
H          0.29350       -1.11460        3.26330
H         -2.84580       -2.65020       -2.74310
H          0.16330       -3.66960       -4.25690
H          2.36890       -3.29170       -3.18290
H          2.85480       -1.26420       -0.49680

