HF BASIS=def2-svp cutoff=1.0e-9 denserms=1.0e-6  zmake GRADIENT DIPOLE CHARGE=0

C          1.19910        3.08110       -5.36860
C          2.21920        3.16840       -4.22390
O          2.40530        4.54050       -3.84050
C          3.44450        4.65640       -2.95480
C          3.27840        4.98670       -1.66970
C          1.94580        5.20100       -1.01190
C          1.82340        6.60650       -0.40460
C          0.41050        6.92570        0.10770
C         -0.18090        5.92200        1.09210
C          0.63460        5.75550        2.38060
C         -0.02720        4.82410        3.40160
C         -0.19380        3.39090        2.87410
C         -0.75480        2.41660        3.92280
C          0.23480        2.10350        5.04630
C         -0.26090        1.02010        6.01290
C         -0.46990       -0.37300        5.40870
C          0.79250       -0.94540        4.74780
C          0.62050       -2.41750        4.38540
C          1.83540       -2.99190        3.65340
C          1.62750       -4.47550        3.34670
C          2.86130       -5.06770        2.68730
C         -0.13010        3.74670       -4.98480
O         -0.73040        3.05430       -3.89400
P         -2.08010        3.69920       -3.28500
O         -1.52510        4.66000       -2.13200
O         -2.99560        4.35240       -4.27530
O         -2.72170        2.47180       -2.46290
C         -4.00860        2.67900       -1.88850
C         -3.87080        3.14230       -0.44770
N         -3.51030        4.58670       -0.35420
O          0.91940        1.70350       -5.69860
C          1.89850        1.00580       -6.33290
O          2.96010        1.46540       -6.71240
C          1.51350       -0.44900       -6.45610
C          1.30130       -1.10430       -5.08640
C          2.59010       -1.11460       -4.25580
C          2.38150       -1.58210       -2.81630
C          1.92320       -3.03810       -2.69900
C          1.88800       -3.48850       -1.23920
C          1.55260       -4.96760       -1.06560
C          0.14440       -5.33910       -1.52940
C         -0.20720       -6.81040       -1.26680
C         -0.32880       -7.15700        0.18870
C         -1.47590       -7.18770        0.89230
C         -2.82860       -6.78900        0.38820
C         -3.69160       -6.13350        1.43500
C         -3.51920       -4.94240        2.03090
C         -2.36020       -3.99760        1.84580
C         -2.73270       -2.74460        1.06440
C         -1.54420       -1.78050        1.00650
C         -1.77060       -0.66950       -0.01830
C         -0.59930        0.30350       -0.04800
H          1.57750        3.59040       -6.26260
H          3.17520        2.72990       -4.53670
H          1.87520        2.58820       -3.36020
H          4.41130        4.47310       -3.40570
H          4.16340        5.05790       -1.03770
H          1.84590        4.45310       -0.21950
H          1.13250        5.03260       -1.71390
H          2.10490        7.35840       -1.14840
H          2.53600        6.70460        0.41630
H          0.42620        7.91530        0.57340
H         -0.26850        7.01880       -0.75560
H         -1.19850        6.25030        1.35470
H         -0.29750        4.95980        0.59040
H          1.63860        5.38000        2.15860
H          0.76650        6.74040        2.84650
H         -1.00600        5.23120        3.68400
H          0.58630        4.82260        4.30620
H         -0.90850        3.40040        2.04120
H          0.76190        3.01720        2.48360
H         -1.03420        1.50060        3.39800
H         -1.68280        2.81640        4.35050
H          1.20550        1.80630        4.63710
H          0.42550        3.01570        5.62920
H         -1.19310        1.34600        6.48420
H          0.46000        0.94530        6.83810
H         -1.29360       -0.34160        4.69010
H         -0.78870       -1.04550        6.21790
H          1.63510       -0.85390        5.43500
H          1.03500       -0.37300        3.84440
H          0.45380       -2.98920        5.30430
H         -0.26460       -2.54940        3.76000
H          2.72990       -2.85410        4.27400
H          1.98880       -2.44670        2.71500
H          0.76520       -4.60790        2.67910
H          1.42250       -5.03340        4.26810
H          2.69780       -6.11590        2.41910
H          3.73180       -5.02130        3.34570
H          3.10660       -4.51690        1.77320
H          0.00960        4.79860       -4.71750
H         -0.81040        3.68560       -5.84260
H         -2.27000        4.95500       -1.55760
H         -4.58830        3.39840       -2.47850
H         -4.54560        1.72430       -1.91250
H         -4.81320        3.00220        0.08300
H         -3.09910        2.55400        0.07220
H         -4.39100        5.11750       -0.37500
H         -3.16220        4.70620        0.61470
H          0.60450       -0.50510       -7.06050
H          2.30160       -0.97110       -7.00760
H          0.50890       -0.58780       -4.53210
H          0.95320       -2.12800       -5.24430
H          3.33910       -1.73970       -4.75630
H          3.00710       -0.10010       -4.21870
H          3.32500       -1.44690       -2.27260
H          1.64640       -0.92910       -2.32520
H          2.58810       -3.69540       -3.27240
H          0.92120       -3.12690       -3.13660
H          1.16830       -2.88240       -0.69360
H          2.86170       -3.29160       -0.76600
H          1.65780       -5.21050       -0.00350
H          2.29180       -5.57260       -1.60690
H         -0.59390       -4.69030       -1.03630
H          0.05450       -5.16770       -2.60870
H          0.55360       -7.45330       -1.72160
H         -1.14150       -7.04730       -1.78630
H          0.59140       -7.43820        0.70250
H         -1.42190       -7.51230        1.93290
H         -2.77340       -6.12800       -0.48510
H         -3.35510       -7.69880        0.04380
H         -4.58540       -6.69790        1.70050
H         -4.26690       -4.62480        2.76660
H         -1.51850       -4.47920        1.34890
H         -1.99950       -3.72740        2.84500
H         -3.57920       -2.23340        1.54540
H         -3.06180       -3.02210        0.05220
H         -0.63810       -2.33790        0.75180
H         -1.38750       -1.33980        1.99720
H         -2.70410       -0.13210        0.19270
H         -1.87820       -1.11430       -1.00930
H         -0.71110        1.01550       -0.86980
H         -0.53300        0.86410        0.89090
H          0.34960       -0.23010       -0.20110

