HF BASIS=def2-svp cutoff=1.0e-9 denserms=1.0e-6  zmake GRADIENT DIPOLE CHARGE=0

O         -2.26360        2.23040        4.02380
C         -1.88740        2.18150        2.73240
O         -2.71670        2.15850        1.83870
C         -0.39630        2.23800        2.56950
C          0.01440        1.58840        1.25370
N          1.36830        1.99130        0.85880
C          1.96290        1.39730       -0.23730
O          2.83410        1.99100       -0.86380
C          1.34820        0.04350       -0.65810
C          2.40060       -0.80170       -1.38920
C          1.84190       -2.09710       -1.93260
C          1.02880       -2.09670       -3.07430
C          0.49530       -3.29050       -3.56180
C          0.76950       -4.49380       -2.91490
C          1.58010       -4.50570       -1.78160
C          2.11540       -3.31360       -1.29210
N          0.81110       -0.62970        0.52680
C         -0.02960        0.04770        1.38340
O         -0.80620       -0.56240        2.11020
H         -3.24110        2.15960        3.99700
H         -0.10600        3.29450        2.59440
H          0.08390        1.73190        3.41540
H         -0.65250        1.87010        0.42960
H          1.66210        2.95260        0.98820
H          0.49970        0.26610       -1.31760
H          2.83110       -0.23740       -2.22690
H          3.24150       -1.01580       -0.71580
H          0.80830       -1.16780       -3.59580
H         -0.13330       -3.28260       -4.44870
H          0.35440       -5.42320       -3.29620
H          1.79720       -5.44520       -1.27970
H          2.74820       -3.34270       -0.40740
H          0.61240       -1.62310        0.47520

