HF BASIS=def2-svp cutoff=1.0e-9 denserms=1.0e-6  zmake GRADIENT DIPOLE CHARGE=0

C          1.09200        0.03850       -5.23720
O         -0.30240        0.34290       -5.35020
C          1.33130       -1.18830       -4.34720
O          0.95470       -0.90200       -3.00390
P         -0.30890       -1.68240       -2.40280
O         -1.48100       -1.19300       -3.38220
O         -0.17400       -3.16100       -2.27360
O         -0.63700       -0.87060       -1.05840
C         -0.64060       -1.58360        0.17490
C         -1.91980       -2.41460        0.36450
C         -1.86500       -3.24480        1.65370
O         -1.42910       -2.43840        2.75940
C         -1.16800       -3.14460        3.89370
O         -1.35100       -4.34560        4.02920
C         -0.59800       -2.25420        4.96790
C          0.74460       -1.64310        4.57700
C          1.82390       -2.69110        4.29170
C          3.17960       -2.03370        4.02120
C          4.20510       -3.05510        3.52650
C          5.56430       -2.40120        3.26520
C          6.55010       -3.40220        2.65770
C          7.95820       -2.83400        2.44880
C          8.00940       -1.69230        1.42890
C          9.42780       -1.17080        1.17270
C         10.38280       -2.15180        0.48450
C          9.91950       -2.56660       -0.91370
C         10.97110       -3.42490       -1.61990
C         10.52950       -3.78280       -3.03910
C         11.56950       -4.63360       -3.75010
O         -3.05290       -1.51490        0.44800
C         -3.68880       -1.24520       -0.72530
O         -3.39970       -1.74520       -1.80810
C         -4.74960       -0.19000       -0.52030
C         -5.78090       -0.20980       -1.64930
C         -6.64600        1.05190       -1.70960
C         -5.87720        2.25590       -2.26250
C         -6.79460        3.45860       -2.48600
C         -6.02150        4.63690       -3.08190
C         -6.94920        5.81340       -3.38080
C         -6.18000        6.99700       -3.90090
C         -5.91470        8.13130       -3.23000
C         -6.27710        8.41610       -1.79980
C         -7.56630        9.23400       -1.70720
C         -8.06540        9.41530       -0.27020
C         -8.57690        8.11080        0.34920
C         -9.20460        8.34660        1.72430
C         -9.67630        7.02970        2.34350
C        -10.31940        7.25130        3.71130
C        -10.77000        5.93900        4.33190
C          1.84060        1.27840       -4.74080
O          3.22120        0.99060       -4.61340
P          4.10850        1.88300       -3.62300
O          5.59300        1.62390       -4.16780
O          3.77700        3.33550       -3.53330
O          4.13810        1.08860       -2.23080
C          3.12490        1.38750       -1.28070
C          3.15800        0.35790       -0.15190
C          2.07510        0.65610        0.88270
O          2.46580        1.74910        1.72290
C          1.57280        2.00120        2.72070
O          0.49200        1.44240        2.84950
C          2.08910        3.05820        3.66260
C          1.82790        4.47770        3.17660
C          0.36100        4.81760        2.88910
C         -0.58500        4.57390        4.06750
C         -2.02270        5.06220        3.83140
C         -2.69640        4.46560        2.58870
C         -2.68610        5.43670        1.40370
C         -3.07650        4.75470        0.12320
C         -2.29460        4.55190       -0.95200
C         -0.84280        4.90960       -1.11050
C         -0.65430        6.08870       -2.02160
C          0.52190        6.52940       -2.50000
C          1.88150        5.94770       -2.22480
C          2.80630        6.98560       -1.57940
C          4.22590        6.46230       -1.34020
C          4.30700        5.46010       -0.18880
C          5.72310        4.94050        0.00160
O          2.87550       -0.93890       -0.72760
C          3.89250       -1.84690       -0.70380
O          4.95570       -1.69780       -0.12040
C          3.49950       -3.06530       -1.50710
C          4.62170       -4.10310       -1.55340
C          4.35580       -5.24290       -2.54130
C          3.69660       -6.48890       -1.94160
C          2.28800       -6.24880       -1.40040
C          1.58730       -7.56690       -1.05620
C          0.14240       -7.36500       -0.58660
C          0.05130       -6.77120        0.79210
C         -0.57980       -7.27880        1.86290
C         -1.33160       -8.57610        1.96230
C         -2.84270       -8.37440        2.11760
C         -3.49330       -7.74700        0.88020
C         -5.00920       -7.62610        1.04980
C         -5.65850       -7.02470       -0.19680
C         -7.16630       -6.90870       -0.03920
H          1.44520       -0.20820       -6.24420
H         -0.77320       -0.05930       -4.59040
H          2.38880       -1.46350       -4.34690
H          0.76140       -2.04500       -4.72560
H         -2.34910       -1.52090       -3.03920
H         -0.57340       -0.82130        0.95660
H          0.25730       -2.21150        0.23190
H         -2.06690       -3.11130       -0.46750
H         -2.85880       -3.64680        1.88450
H         -1.15710       -4.06760        1.51170
H         -1.33100       -1.46960        5.18660
H         -0.48900       -2.84880        5.88240
H          1.07880       -0.98420        5.38730
H          0.61770       -1.01580        3.68840
H          1.53150       -3.29270        3.42280
H          1.91480       -3.37490        5.14360
H          3.54250       -1.55340        4.93870
H          3.06740       -1.24490        3.26890
H          4.31980       -3.85620        4.26630
H          3.83940       -3.51740        2.60210
H          5.42910       -1.54890        2.59020
H          5.96850       -2.00850        4.20600
H          6.16170       -3.76820        1.70070
H          6.62730       -4.27340        3.31930
H          8.59930       -3.65690        2.11240
H          8.36200       -2.49040        3.40830
H          7.54910       -2.00920        0.48790
H          7.41400       -0.85070        1.80110
H          9.87030       -0.85660        2.12620
H          9.35320       -0.26520        0.55670
H         10.53100       -3.04010        1.10790
H         11.36280       -1.66460        0.40630
H          8.98350       -3.13360       -0.84670
H          9.71570       -1.67050       -1.51220
H         11.14160       -4.34280       -1.04360
H         11.92410       -2.88460       -1.65780
H          9.57800       -4.32620       -3.00850
H         10.36100       -2.86670       -3.61730
H         12.52400       -4.10490       -3.82540
H         11.73780       -5.57420       -3.21700
H         11.23300       -4.87320       -4.76390
H         -5.25970       -0.37220        0.43210
H         -4.23310        0.77210       -0.46090
H         -5.29680       -0.35280       -2.62350
H         -6.43270       -1.08110       -1.50590
H         -7.50240        0.84710       -2.36430
H         -7.05050        1.28180       -0.71720
H         -5.07430        2.53720       -1.57300
H         -5.40440        1.98190       -3.21350
H         -7.24700        3.75820       -1.53200
H         -7.61320        3.17710       -3.15990
H         -5.23850        4.94960       -2.38060
H         -5.51810        4.32090       -4.00530
H         -7.68600        5.52250       -4.14030
H         -7.52560        6.07340       -2.48540
H         -5.83510        6.91700       -4.93130
H         -5.36980        8.91890       -3.74940
H         -6.35660        7.48030       -1.23900
H         -5.45270        8.97050       -1.33420
H         -8.35850        8.76690       -2.30700
H         -7.38990       10.22610       -2.14280
H         -7.26600        9.83630        0.35110
H         -8.88020       10.14930       -0.28170
H         -7.75390        7.39550        0.45220
H         -9.32070        7.65620       -0.31750
H         -8.47310        8.82430        2.38650
H        -10.05350        9.03360        1.62760
H         -8.82310        6.34660        2.44530
H        -10.39710        6.54550        1.67370
H        -11.18300        7.91900        3.61330
H         -9.60510        7.74020        4.38400
H        -11.50420        5.43480        3.69550
H         -9.92220        5.26240        4.47820
H        -11.23210        6.11870        5.30710
H          1.41920        1.62850       -3.79340
H          1.71710        2.10010       -5.45560
H          6.22570        2.23790       -3.75720
H          3.29620        2.39320       -0.89010
H          2.15200        1.36470       -1.77690
H          4.14620        0.38810        0.32370
H          1.13060        0.89860        0.38160
H          1.91190       -0.23580        1.49860
H          3.16460        2.90130        3.80680
H          1.63540        2.88740        4.64620
H          2.21550        5.18000        3.92400
H          2.40160        4.65180        2.25810
H          0.03090        4.23420        2.02340
H          0.30970        5.87390        2.59880
H         -0.19110        5.07370        4.96050
H         -0.62270        3.50340        4.29790
H         -2.04250        6.15880        3.79520
H         -2.60980        4.77530        4.71360
H         -3.74290        4.24110        2.83330
H         -2.23360        3.50740        2.32400
H         -3.40560        6.24400        1.59380
H         -1.71340        5.92670        1.31240
H         -4.11280        4.42610        0.06960
H         -2.74200        4.06320       -1.81760
H         -0.32810        4.03290       -1.52250
H         -0.37610        5.12450       -0.14540
H         -1.55050        6.63920       -2.30510
H          0.50950        7.39680       -3.16010
H          2.30800        5.61990       -3.18010
H          1.80700        5.06320       -1.58580
H          2.37840        7.33720       -0.63190
H          2.87330        7.86160       -2.23720
H          4.87390        7.31670       -1.10770
H          4.61640        6.01340       -2.26140
H          3.64300        4.61160       -0.37060
H          3.97380        5.93870        0.73870
H          6.07770        4.42890       -0.89980
H          5.75750        4.22630        0.83140
H          6.41550        5.75810        0.22810
H          2.59530       -3.48500       -1.06120
H          3.27080       -2.73190       -2.52310
H          4.81800       -4.49680       -0.54780
H          5.54480       -3.59690       -1.86750
H          3.76930       -4.88450       -3.39530
H          5.32360       -5.56140       -2.95100
H          4.33200       -6.89430       -1.14520
H          3.65480       -7.25380       -2.72720
H          2.35030       -5.62410       -0.50350
H          1.69520       -5.70540       -2.14630
H          1.57030       -8.20230       -1.95080
H          2.16030       -8.10760       -0.29260
H         -0.38570       -6.70630       -1.28630
H         -0.36860       -8.33190       -0.63470
H          0.53480       -5.80480        0.91800
H         -0.55860       -6.69360        2.78450
H         -1.13420       -9.23300        1.11050
H         -0.95720       -9.11170        2.84360
H         -3.30260       -9.35160        2.30860
H         -3.04630       -7.75210        2.99790
H         -3.07440       -6.75100        0.69790
H         -3.26900       -8.36110       -0.00010
H         -5.23270       -6.99780        1.92030
H         -5.43800       -8.61610        1.24650
H         -5.43690       -7.64910       -1.07020
H         -5.23960       -6.03070       -0.39290
H         -7.61010       -6.47940       -0.94260
H         -7.62060       -7.89020        0.12790
H         -7.42340       -6.26220        0.80620

