HF BASIS=def2-svp cutoff=1.0e-9 denserms=1.0e-6  zmake GRADIENT DIPOLE CHARGE=0

C         -8.24230       -1.29610       -2.03810
O         -7.40440       -1.97060       -1.10140
C         -6.05920       -1.95380       -1.35740
C         -5.26380       -2.60950       -0.41130
O         -5.84230       -3.21170        0.67100
C         -3.88020       -2.67370       -0.53340
C         -3.25710       -2.07290       -1.63140
C         -4.04700       -1.42070       -2.59260
C         -5.43940       -1.36180       -2.45680
C         -1.79440       -2.05320       -1.74260
C         -1.15360       -2.62840       -2.76820
C          0.30090       -2.46230       -2.84230
O          0.97020       -3.04960       -3.68640
C          0.91950       -1.51520       -1.89840
C          2.24330       -1.09250       -2.06590
O          3.01070       -1.53680       -3.11130
C          2.80770       -0.16070       -1.18690
C          4.21640        0.36520       -1.42760
O          4.87190        0.37520       -0.14360
C          6.20670        0.91710       -0.14420
C          7.20200       -0.02560       -0.83740
O          8.53720        0.44080       -0.67520
C          6.21540        2.34560       -0.70040
O          5.43430        3.18270        0.17500
C          5.57650        2.39320       -2.08910
O          5.47540        3.76560       -2.50740
C          4.17460        1.77020       -2.07470
O          3.70790        1.75270       -3.43560
C          2.00400        0.32520       -0.13200
O          2.53270        1.21990        0.76430
C          0.65560       -0.05100        0.03670
C         -0.17680        0.58640        1.14750
O         -0.29170       -0.30330        2.27340
C         -1.56130       -0.92430        2.49490
C         -1.45750       -1.73790        3.79230
O         -2.71400       -2.31240        4.13810
C         -2.74630        0.07340        2.50380
O         -3.29560        0.33820        3.80270
C         -2.37860        1.43110        1.90830
O         -3.58940        2.13830        1.55610
C         -1.50030        1.23000        0.68500
O         -1.24140        2.50080        0.09050
S         -2.00260        2.87460       -1.29290
O         -3.54690        2.51640       -0.98580
O         -1.93090        4.30690       -1.46290
O         -1.53860        1.95630       -2.31250
C          0.13460       -0.99610       -0.86450
O         -1.17500       -1.37570       -0.71320
H         -8.02760       -0.22340       -2.04530
H         -8.15380       -1.72590       -3.04000
H         -9.27670       -1.42370       -1.71260
H         -6.80190       -3.06770        0.56070
H         -3.30370       -3.19280        0.22490
H         -3.58460       -0.92730       -3.44890
H         -5.99890       -0.82900       -3.21820
H         -1.64230       -3.17800       -3.56330
H          2.53810       -2.27300       -3.56740
H          4.76050       -0.32930       -2.07600
H          6.49270        0.97990        0.91400
H          7.12090       -1.02940       -0.40140
H          7.00110       -0.12030       -1.91110
H          9.12990       -0.27560       -0.96520
H          7.22420        2.77290       -0.70560
H          5.36460        4.03910       -0.30010
H          6.20810        1.88710       -2.82670
H          4.91000        3.74390       -3.30790
H          3.49610        2.43740       -1.52100
H          2.82800        1.32960       -3.43220
H          3.50920        1.11660        0.76810
H          0.40490        1.42280        1.54980
H         -1.72920       -1.63050        1.67520
H         -0.71920       -2.53690        3.67850
H         -1.12190       -1.09160        4.61380
H         -2.62540       -2.67490        5.03930
H         -3.57390       -0.36630        1.93140
H         -3.61940       -0.52830        4.12560
H         -1.87050        2.06680        2.64360
H         -4.10880        2.12620        2.39340
H         -2.04890        0.60810       -0.02400
H         -3.72080        2.64360       -0.01840

