HF BASIS=def2-svp cutoff=1.0e-9 denserms=1.0e-6  zmake GRADIENT DIPOLE CHARGE=0

C          2.58820        2.60610       -1.90980
C          3.67690        1.59700       -1.57610
C          3.18180        0.14920       -1.55110
C          2.17570       -0.12650       -0.43090
C          1.76230       -1.60050       -0.40730
C          0.82100       -1.95500        0.74930
C         -0.47380       -1.13980        0.82910
C         -1.34920       -1.26060       -0.42200
C         -2.63450       -0.44180       -0.30470
O         -2.34400        0.95080       -0.10590
C         -2.06930        1.66560       -1.23130
C         -1.75050        3.08360       -0.86870
O         -2.06930        1.22900       -2.37320
H          2.09030        2.35130       -2.85060
H          3.02290        3.60520       -2.01620
H          1.83240        2.65780       -1.12070
H          4.12900        1.85390       -0.61120
H          4.46950        1.67910       -2.32940
H          2.73450       -0.10210       -2.52050
H          4.05030       -0.50870       -1.42340
H          1.29010        0.49940       -0.57810
H          2.61540        0.14770        0.53530
H          1.29730       -1.86990       -1.36270
H          2.65980       -2.22540       -0.31770
H          0.56810       -3.02010        0.67690
H          1.36340       -1.83140        1.69510
H         -1.04580       -1.49030        1.69760
H         -0.23420       -0.08920        1.02750
H         -1.60670       -2.31230       -0.59180
H         -0.78770       -0.91490       -1.29580
H         -3.27200       -0.58210       -1.18570
H         -3.21490       -0.77540        0.56240
H         -0.86560        3.11130       -0.22780
H         -1.53940        3.65180       -1.77910
H         -2.60630        3.53930       -0.36460

