HF BASIS=def2-svp cutoff=1.0e-9 denserms=1.0e-6  zmake GRADIENT DIPOLE CHARGE=0

C         -1.22480       -2.80830       -0.51130
C         -0.69140       -3.88890        0.42710
C          0.83510       -4.01930        0.33130
C          1.56530       -2.82350        0.91870
O          1.02740       -2.07820        1.73780
C          3.01570       -2.64290        0.50300
C          3.47760       -1.17090        0.34530
C          3.63060       -0.50800        1.71920
O          4.78930       -1.24240       -0.23820
C          2.55010       -0.37380       -0.63240
C          2.47590       -1.06120       -2.01780
C          2.00650        0.03850       -2.93210
O          1.75390       -0.14140       -4.12000
C          1.82670        1.36990       -2.20040
C          2.18520        2.54930       -3.11480
C          0.35440        1.49070       -1.72550
C         -0.00210        1.89980       -0.47880
C          1.08850        2.31430        0.47100
O          0.83290        2.86150        1.54300
C          2.53450        2.16130        0.07910
C          2.83290        1.13530       -1.01470
C          4.31080        1.35390       -1.43020
C         -1.48080        2.04140       -0.00130
C         -1.78420        3.55890       -0.05390
C         -1.71000        1.51280        1.44390
C         -3.17720        1.49660        1.86790
C         -4.03950        0.65180        0.94000
O         -5.39610        0.71300        1.37690
C         -3.93100        1.06330       -0.55520
C         -4.59150       -0.07870       -1.38330
C         -4.75490        2.33090       -0.85870
C         -2.40980        1.17450       -0.93700
C         -2.13210        1.52410       -2.40670
C         -0.69910        1.12680       -2.76260
O         -0.68790       -0.29810       -2.88180
C         -1.33060       -5.21750        0.08010
O         -2.62050       -5.30620        0.47440
O         -0.76160       -6.13330       -0.49470
H         -2.31210       -2.71880       -0.43410
H         -0.98580       -3.03320       -1.55450
H         -0.79630       -1.83260       -0.27030
H         -0.96450       -3.65280        1.46230
H          1.12910       -4.13380       -0.71740
H          1.18490       -4.90550        0.87440
H          3.17690       -3.17050       -0.44670
H          3.64280       -3.17590        1.22930
H          2.67420       -0.17360        2.13000
H          4.32020        0.34180        1.67570
H          4.08070       -1.20240        2.44120
H          5.40080       -1.61940        0.42070
H          1.54390       -0.40810       -0.19690
H          1.74750       -1.87630       -2.01950
H          3.44670       -1.41600       -2.37460
H          1.44610        2.69050       -3.91060
H          3.14330        2.39610       -3.62270
H          2.24060        3.48890       -2.55590
H          2.85790        3.16170       -0.24440
H          3.10060        1.93930        0.98660
H          4.62440        0.69000       -2.24200
H          4.98710        1.19700       -0.58270
H          4.49120        2.38270       -1.76490
H         -2.78780        3.80930        0.28240
H         -1.11450        4.12690        0.60310
H         -1.65600        3.97490       -1.05870
H         -1.18790        2.12080        2.18830
H         -1.29970        0.49780        1.53320
H         -3.24830        1.09270        2.88620
H         -3.57680        2.51350        1.94470
H         -3.72200       -0.39320        1.04510
H         -5.41010        0.53970        2.33470
H         -4.01310       -1.00700       -1.31630
H         -4.68400        0.18350       -2.44130
H         -5.60440       -0.29950       -1.02560
H         -4.52710        2.73710       -1.84790
H         -4.61390        3.11930       -0.11950
H         -5.82980        2.11210       -0.85160
H         -2.04870        0.14150       -0.80340
H         -2.28400        2.59040       -2.59670
H         -2.81030        0.98560       -3.07500
H         -0.46090        1.56330       -3.73840
H         -0.38290       -0.49370       -3.79490
H         -2.96110       -4.50770        0.91940

