HF BASIS=def2-svp cutoff=1.0e-9 denserms=1.0e-6  zmake GRADIENT DIPOLE CHARGE=0

C          0.85580       -2.75100       -3.51870
N          0.85840       -2.54010       -2.09190
C         -0.24940       -2.00820       -1.46690
O         -1.31640       -1.80750       -2.05230
C         -0.06240       -1.68180        0.03550
N         -0.89330       -0.50370        0.28710
C         -0.41820        0.75530       -0.00570
O          0.75120        0.96870       -0.31300
C         -1.46160        1.86780        0.03100
C         -2.19340        1.95080        1.38990
C         -1.42030        2.70060        2.49720
C         -0.13310        1.99730        2.92460
C         -2.32780        2.88310        3.71870
C         -2.45920        1.64520       -1.12490
O         -3.19910        0.44090       -0.92240
C         -1.74650        1.75790       -2.48620
O         -1.21410        2.79640       -2.87790
N         -1.78390        0.61900       -3.26060
O         -1.02480        0.70810       -4.45860
C         -0.41400       -2.86930        0.98160
C          0.53950       -4.05580        0.73690
C         -1.86230       -3.36090        0.79690
C         -0.23580       -2.42060        2.44880
H          0.93470       -1.78140       -4.01770
H         -0.07090       -3.24370       -3.82510
H          1.71410       -3.37430       -3.77920
H          1.75730       -2.38150       -1.65220
H          0.98560       -1.39610        0.19390
H         -1.89120       -0.62100        0.10370
H         -0.93180        2.81400       -0.14150
H         -3.13920        2.48750        1.23460
H         -2.46860        0.95330        1.75400
H         -1.15860        3.69990        2.12690
H         -0.31780        0.95040        3.18620
H          0.30760        2.48930        3.79880
H          0.61960        2.03100        2.13310
H         -1.81840        3.45570        4.50120
H         -2.62220        1.91680        4.14240
H         -3.23890        3.42830        3.45020
H         -3.19720        2.45780       -1.11630
H         -3.85250        0.38570       -1.64640
H         -1.78060       -0.30460       -2.80960
H         -0.65900        1.61880       -4.41120
H          1.58720       -3.74380        0.81160
H          0.37820       -4.85060        1.47460
H          0.38680       -4.50230       -0.25090
H         -2.08590       -4.18450        1.48520
H         -2.03680       -3.73240       -0.21810
H         -2.58950       -2.56690        0.99620
H         -0.40870       -3.25240        3.14140
H         -0.93940       -1.62490        2.71680
H          0.77880       -2.04650        2.62620

