HF BASIS=def2-svp cutoff=1.0e-9 denserms=1.0e-6  zmake GRADIENT DIPOLE CHARGE=0

O          3.05430        0.20410        5.46200
C          3.09650       -0.25690        4.17780
C          2.00540       -0.10170        3.32140
C          2.14230       -0.60020        2.04300
C          3.31590       -1.22890        1.63070
C          4.40350       -1.39020        2.46500
C          4.28230       -0.89020        3.76380
C          3.12530       -1.63200        0.24320
O          3.90820       -2.21010       -0.47780
C          1.74560       -1.16060       -0.05420
O          1.18310       -0.54400        1.05820
C          1.15370       -1.34500       -1.24200
C         -0.20650       -0.91780       -1.58780
C         -1.01880       -1.78140       -2.32970
C         -2.31120       -1.39710       -2.69880
C         -2.80770       -0.14080       -2.34290
O         -4.08640        0.11760       -2.76430
S         -4.87170        1.49330       -2.39870
O         -6.30010        1.27670       -3.11520
O         -5.10530        1.55580       -0.97350
O         -4.25800        2.58660       -3.12230
C         -1.99720        0.73340       -1.62070
C         -0.70270        0.34700       -1.25110
H          2.18740        0.61160        5.62580
H          1.08780        0.38340        3.62980
H          5.30800       -1.88260        2.12520
H          5.10880       -0.99010        4.46410
H          1.69600       -1.87430       -2.02380
H         -0.65830       -2.76630       -2.61990
H         -2.93050       -2.08780       -3.26630
H         -6.21240        1.57650       -4.04250
H         -2.32920        1.72550       -1.32740
H         -0.08580        1.05500       -0.70130

