HF BASIS=def2-svp cutoff=1.0e-9 denserms=1.0e-6  zmake GRADIENT DIPOLE CHARGE=0

O          8.82350        2.20900        1.85390
C          8.45630        3.20530        0.89540
C          7.48040        2.61590       -0.13150
O          6.33730        2.11440        0.59030
C          5.39980        1.46250       -0.26430
O          4.31020        0.98050        0.51560
C          4.62770       -0.06260        1.44370
C          4.61720        0.53200        2.85640
O          5.31740       -0.34010        3.75920
C          3.19430        0.78140        3.40720
N          3.07640        2.12430        3.97680
C          3.86890        2.56140        4.97740
O          3.53930        3.81510        5.30970
O          4.78160        1.97130        5.51980
C          2.11690        0.54700        2.33410
O          2.20920       -0.72000        1.68920
C          3.53470       -1.13350        1.28190
C          3.87870       -2.43380        2.02440
O          3.01990       -3.47950        1.56210
O          0.84720        0.57250        2.97300
P         -0.26840        1.52740        2.35340
O         -1.60490        1.48190        3.01070
O          0.39050        2.97840        2.59700
O         -0.23090        1.35320        0.78710
P         -0.65480        0.07390       -0.04390
O         -0.38150       -1.16070        0.93490
O          0.01070       -0.07750       -1.38280
O         -2.25550        0.15330       -0.08790
C         -2.93080       -0.67410       -1.01770
C         -4.42510       -0.59440       -0.73090
C         -5.28840       -1.35290       -1.75070
C         -5.29220       -0.63930       -3.10770
C         -6.74850       -1.47450       -1.25690
C         -6.96700       -2.41940       -0.06940
C         -6.53600       -3.82830       -0.36300
C         -7.23900       -4.78230       -1.00790
C         -8.63720       -4.55830       -1.53170
C         -6.70860       -6.18220       -1.28910
C         -5.30110       -6.46820       -0.83050
C         -4.16610       -6.35340       -1.55690
C         -4.10300       -5.82630       -2.96570
C         -2.82650       -6.73100       -0.98070
C          4.83130        2.44990       -1.33050
N          3.90400        1.80440       -2.26830
C          2.62240        1.54540       -1.90470
O          2.10740        0.61690       -2.71850
O          2.01650        2.00750       -0.95520
C          5.99010        3.09250       -2.09930
O          5.52680        4.15690       -2.94720
C          7.04190        3.67590       -1.14610
O          8.15060        4.14040       -1.91890
H          7.98980        1.81930        2.17550
H          9.36980        3.56090        0.41210
H          7.99470        4.03240        1.44240
H          7.97620        1.77090       -0.63160
H          5.87850        0.61280       -0.77100
H          5.60400       -0.50920        1.20930
H          5.18160        1.47020        2.82450
H          5.78090        0.25510        4.39700
H          3.00950        0.09750        4.24340
H          2.33950        2.76370        3.66540
H          4.16550        4.02910        6.02690
H          2.16490        1.33140        1.57400
H          3.43270       -1.36450        0.21300
H          4.90840       -2.75000        1.82650
H          3.71430       -2.33210        3.10370
H          3.08000       -4.19900        2.22060
H         -0.31300        3.57640        2.92030
H          0.57620       -1.35910        1.03780
H         -2.69950       -0.32020       -2.02560
H         -2.57800       -1.70310       -0.91080
H         -4.58380       -0.97400        0.28520
H         -4.72900        0.45640       -0.68710
H         -4.86710       -2.35550       -1.90500
H         -4.28980       -0.59340       -3.54260
H         -5.66290        0.38670       -3.02400
H         -5.92670       -1.17170       -3.82210
H         -7.38230       -1.80790       -2.08850
H         -7.11120       -0.47790       -0.97960
H         -6.42140       -2.07070        0.81330
H         -8.01820       -2.39130        0.23580
H         -5.53400       -4.05550       -0.00390
H         -8.65760       -4.70160       -2.61290
H         -9.01580       -3.55110       -1.33860
H         -9.33120       -5.27330       -1.07800
H         -7.36970       -6.90990       -0.79680
H         -6.79850       -6.38820       -2.36360
H         -5.23320       -6.84810        0.19020
H         -3.41030       -4.97970       -3.01420
H         -5.06990       -5.46940       -3.32960
H         -3.74720       -6.60570       -3.65300
H         -2.37730       -7.55190       -1.56510
H         -2.88770       -7.05310        0.06920
H         -2.15060       -5.86730       -1.01630
H          4.26470        3.24110       -0.81820
H          4.23860        1.12780       -2.94130
H          1.24280        0.36690       -2.29900
H          6.45920        2.35800       -2.76540
H          4.66290        3.87040       -3.30520
H          6.61930        4.54610       -0.62460
H          7.76530        4.72590       -2.60200

