HF BASIS=def2-svp cutoff=1.0e-9 denserms=1.0e-6  zmake GRADIENT DIPOLE CHARGE=0

C          0.57820       -1.57370        7.78640
O          0.66490       -3.00420        7.75420
C          1.45630       -0.99520        6.67470
O          0.97110       -1.44250        5.40940
P          1.43690       -0.59280        4.12930
O          0.13800        0.28920        3.81450
O          2.68640        0.20770        4.29420
O          1.43250       -1.65270        2.92380
C          2.09030       -1.24960        1.73240
C          1.53350       -2.00230        0.52260
C          0.03830       -1.72300        0.35430
O         -0.45380       -2.50070       -0.75040
C         -1.73090       -2.20500       -1.12360
O         -2.43620       -1.35430       -0.59530
C         -2.12510       -3.07410       -2.29720
C         -3.62090       -3.03060       -2.60240
C         -4.45280       -3.76130       -1.54520
C         -5.95540       -3.75940       -1.84450
C         -6.74190       -2.61850       -1.18600
C         -6.36560       -1.22400       -1.68140
C         -7.35460       -0.16280       -1.19160
C         -7.17630        1.19110       -1.88040
C         -5.85260        1.88600       -1.55150
C         -5.74940        3.22260       -2.29270
C         -4.41510        3.93970       -2.08460
C         -4.09780        4.35090       -0.64690
C         -5.08440        5.37450       -0.08230
C         -4.65120        5.82880        1.31050
C         -5.59150        6.88580        1.88930
C         -5.13510        7.31630        3.28350
C         -6.05250        8.37310        3.87090
O          2.20110       -1.55080       -0.68210
C          3.38260       -2.16330       -0.96150
O          3.93250       -2.99080       -0.24750
C          3.95010       -1.67420       -2.26740
C          4.96740       -0.55790       -2.05280
C          4.37040        0.85170       -2.15920
C          4.02710        1.23130       -3.60360
C          3.66410        2.71120       -3.73540
C          3.45510        3.09080       -5.20160
C          3.14400        4.57910       -5.37030
C          3.04660        4.94790       -6.85450
C          2.73580        6.42880       -7.10580
C          3.81130        7.34910       -6.59360
C          3.65190        8.50860       -5.93760
C          2.36710        9.21190       -5.60170
C          2.14710        9.36200       -4.09240
C          1.81510        8.06300       -3.35410
C          0.43710        7.50540       -3.71930
C          0.07830        6.29890       -2.85240
C         -1.26660        5.71250       -3.24410
C         -0.87640       -1.12930        7.61640
O         -1.61860       -1.43050        8.78500
P         -2.89770       -0.54240        9.15460
O         -2.26990        0.90550        9.43110
O         -3.65840       -1.01840       10.34630
O         -3.77450       -0.40070        7.81910
C         -3.68920        0.70540        6.94350
C         -3.42780        0.25260        5.50310
C         -4.44340       -0.79610        5.03980
O         -3.89770       -1.46100        3.88560
C         -4.64690       -2.50320        3.43160
O         -5.76010       -2.80360        3.83910
C         -3.88890       -3.27090        2.38200
C         -2.74150       -4.04500        3.02290
C         -1.94870       -4.85610        2.00040
C         -0.79470       -5.59730        2.67800
C          0.12720       -6.27120        1.66060
C          1.26080       -7.02160        2.36720
C          2.24380       -7.69580        1.40590
C          2.98760       -6.71210        0.55040
C          4.26550       -6.32430        0.66750
C          5.26880       -6.75060        1.69910
C          6.30220       -7.69940        1.08850
C          7.44270       -8.00000        2.06010
C          8.42010       -9.01110        1.46220
C          9.58870       -9.28890        2.40860
C         10.57160      -10.27590        1.79990
O         -3.53260        1.38860        4.61370
C         -2.44700        2.20860        4.51390
O         -1.38980        2.05190        5.11050
C         -2.78100        3.33980        3.56440
C         -1.68490        4.39640        3.43750
C         -0.41700        3.92660        2.72000
C         -0.60450        3.64120        1.22680
C          0.62670        2.92050        0.67790
C          0.67340        2.82870       -0.84620
C         -0.50040        2.07610       -1.47640
C         -0.26570        1.86620       -2.97510
C         -1.42800        1.11860       -3.63030
C         -1.35410        1.12210       -5.16100
C         -0.13110        0.43150       -5.76960
C         -0.07690       -1.06790       -5.47160
C          1.08660       -1.73880       -6.20600
C          1.10390       -3.26330       -6.05220
C          1.32790       -3.72200       -4.60950
C          1.45570       -5.24260       -4.51380
C          1.63120       -5.68510       -3.06950
H          0.95720       -1.25400        8.76310
H          0.50340       -3.28050        6.83390
H          1.43990        0.09880        6.71440
H          2.48810       -1.34940        6.78070
H          0.06500        1.08240        4.39290
H          1.98050       -0.16970        1.58040
H          3.16210       -1.44340        1.84870
H          1.66040       -3.08740        0.64200
H         -0.51570       -1.99960        1.25750
H         -0.11310       -0.66000        0.14300
H         -1.81420       -4.10800       -2.09750
H         -1.57720       -2.70610       -3.17130
H         -3.94190       -1.98940       -2.70780
H         -3.78750       -3.50960       -3.57560
H         -4.26990       -3.34910       -0.55070
H         -4.11540       -4.80470       -1.51590
H         -6.13670       -3.76750       -2.92590
H         -6.37340       -4.69800       -1.45560
H         -6.62230       -2.66680       -0.09890
H         -7.80770       -2.79600       -1.38460
H         -6.33330       -1.21920       -2.77440
H         -5.36560       -0.97230       -1.31790
H         -7.26710       -0.04920       -0.10500
H         -8.37630       -0.50800       -1.38890
H         -7.26620        1.05690       -2.96630
H         -8.00420        1.84200       -1.57480
H         -5.00670        1.25070       -1.83770
H         -5.79370        2.04540       -0.46940
H         -5.86370        3.03610       -3.36950
H         -6.58000        3.87690       -2.00550
H         -3.60800        3.29160       -2.44360
H         -4.39510        4.83180       -2.72270
H         -4.05610        3.46860        0.00230
H         -3.09030        4.78700       -0.63450
H         -5.13810        6.24240       -0.75110
H         -6.08950        4.94090       -0.02290
H         -4.62700        4.96120        1.98050
H         -3.63320        6.23650        1.26390
H         -6.61150        6.48580        1.94140
H         -5.61880        7.75840        1.22420
H         -5.10940        6.44790        3.95170
H         -4.11440        7.71410        3.23340
H         -5.69610        8.67850        4.85890
H         -7.07080        7.98940        3.98330
H         -6.08900        9.26070        3.23340
H          4.44040       -2.53780       -2.73490
H          3.13820       -1.38920       -2.94100
H          5.76780       -0.65710       -2.79630
H          5.44280       -0.66430       -1.06890
H          3.48460        0.93590       -1.52020
H          5.11340        1.56130       -1.77260
H          3.19350        0.62240       -3.96750
H          4.88900        1.01720       -4.24740
H          2.75330        2.92800       -3.16540
H          4.46320        3.32820       -3.31150
H          4.35800        2.84350       -5.77160
H          2.63760        2.49660       -5.62600
H          2.20050        4.81730       -4.86860
H          3.92890        5.16850       -4.88460
H          3.98570        4.68400       -7.35850
H          2.25920        4.34280       -7.32200
H          1.76100        6.66090       -6.66810
H          2.64730        6.57950       -8.18860
H          4.83300        7.02450       -6.79040
H          4.55570        9.04260       -5.63830
H          1.50000        8.73870       -6.07260
H          2.42580       10.21730       -6.03970
H          3.04630        9.80020       -3.64110
H          1.33770       10.08350       -3.92640
H          2.58330        7.30610       -3.54180
H          1.83820        8.26980       -2.27840
H          0.41530        7.20810       -4.77310
H         -0.32310        8.28380       -3.58880
H          0.85060        5.52990       -2.94960
H          0.04700        6.59440       -1.79710
H         -2.06150        6.46160       -3.16750
H         -1.52000        4.88110       -2.58150
H         -1.24560        5.33090       -4.26940
H         -1.34510       -1.66420        6.78150
H         -0.90710       -0.05050        7.42510
H         -2.23460        1.04330       10.39850
H         -2.91360        1.41430        7.25090
H         -4.63670        1.25750        6.99850
H         -2.42670       -0.18120        5.41440
H         -5.39050       -0.32300        4.75870
H         -4.61450       -1.55220        5.81310
H         -4.58680       -3.95320        1.88290
H         -3.52910       -2.56780        1.62530
H         -3.13690       -4.71380        3.79700
H         -2.06750       -3.34490        3.53250
H         -2.60390       -5.57450        1.49680
H         -1.55470       -4.18930        1.22860
H         -1.19940       -6.34660        3.36770
H         -0.20640       -4.89140        3.27710
H         -0.44630       -6.96740        1.03760
H          0.53630       -5.50340        0.99660
H          0.82490       -7.79470        3.01290
H          1.80400       -6.33290        3.02590
H          1.70500       -8.38920        0.75000
H          2.94070       -8.31230        1.98580
H          2.41240       -6.27750       -0.26470
H          4.63660       -5.59060       -0.05080
H          5.76790       -5.85140        2.08410
H          4.78700       -7.22520        2.55910
H          6.71490       -7.26390        0.17140
H          5.81000       -8.63460        0.79890
H          7.03810       -8.38760        2.99880
H          7.97230       -7.07130        2.29630
H          7.89000       -9.94790        1.25020
H          8.80330       -8.63600        0.50640
H          9.21030       -9.69390        3.35540
H         10.11350       -8.35430        2.63870
H         10.07910      -11.22330        1.55590
H         11.01370       -9.87330        0.88330
H         11.38420      -10.48740        2.50350
H         -3.03550        2.91300        2.58950
H         -3.67600        3.83300        3.96180
H         -1.40570        4.74360        4.44190
H         -2.08690        5.26860        2.90720
H         -0.01290        3.04370        3.21930
H          0.34540        4.70930        2.82810
H         -0.76400        4.58540        0.69440
H         -1.48580        3.01770        1.05860
H          1.53300        3.44430        1.01020
H          0.67440        1.91340        1.10660
H          1.60880        2.32510       -1.11590
H          0.73020        3.83890       -1.26530
H         -1.42540        2.64040       -1.32170
H         -0.62810        1.10830       -0.98810
H          0.66130        1.29810       -3.11810
H         -0.12880        2.83840       -3.46150
H         -1.47350        0.09240       -3.25120
H         -2.37310        1.59290       -3.34410
H         -1.37280        2.16050       -5.51300
H         -2.26120        0.64700       -5.55500
H          0.79040        0.91020       -5.42170
H         -0.16300        0.57760       -6.85800
H         -1.02120       -1.53720       -5.77350
H          0.03680       -1.21850       -4.39270
H          1.01850       -1.50770       -7.27530
H          2.03680       -1.32330       -5.85100
H          0.16330       -3.68270       -6.43170
H          1.90580       -3.66400       -6.68640
H          0.49480       -3.39430       -3.98150
H          2.23860       -3.25310       -4.21510
H          0.56130       -5.72090       -4.93430
H          2.31590       -5.58080       -5.10310
H          2.51080       -5.21150       -2.61990
H          1.76370       -6.77010       -3.01910
H          0.75510       -5.41810       -2.46930

