HF BASIS=def2-svp cutoff=1.0e-9 denserms=1.0e-6  zmake GRADIENT DIPOLE CHARGE=0

C         -2.36410        4.85440        2.26320
C         -2.50440        3.38760        2.63810
C         -1.26070        2.58830        2.24820
C         -1.40730        1.11230        2.63120
C         -0.16750        0.29140        2.27730
C         -0.01270        0.05960        0.79140
O         -0.88630        0.22390       -0.04800
O          1.24660       -0.38960        0.53240
C          1.48790       -0.66640       -0.85020
C          2.90650       -1.13520       -0.96540
C          3.35790       -2.31010       -1.43560
C          2.54680       -3.46960       -1.93800
C          2.72830       -3.66290       -3.43540
H         -1.50860        5.30940        2.77250
H         -2.22400        4.97170        1.18390
H         -3.26400        5.40690        2.55100
H         -2.67560        3.30750        3.71790
H         -3.38640        2.97140        2.13760
H         -0.38170        3.01120        2.74970
H         -1.09190        2.68270        1.16930
H         -1.57200        1.04180        3.71350
H         -2.29430        0.68830        2.14530
H          0.72910        0.79430        2.65710
H         -0.24080       -0.69350        2.75210
H          1.37300        0.25430       -1.43420
H          0.77050       -1.40900       -1.21000
H          3.64730       -0.41020       -0.63040
H          4.43710       -2.46430       -1.44810
H          2.87560       -4.37450       -1.41350
H          1.48250       -3.35590       -1.71450
H          2.38320       -2.78470       -3.99160
H          3.77950       -3.83680       -3.68950
H          2.15140       -4.52820       -3.77740

