HF BASIS=def2-svp cutoff=1.0e-9 denserms=1.0e-6  zmake GRADIENT DIPOLE CHARGE=0

Cl          1.95900        2.06510       -4.17940
C          0.98470        0.94880       -3.30880
C          1.47650        0.34940       -2.15630
C          0.67810       -0.55670       -1.43180
C         -0.61080       -0.90360       -1.88730
C         -1.08050       -0.26950       -3.05350
C         -0.29390        0.64950       -3.75660
N         -1.44260       -1.87070       -1.23550
C         -2.88070       -1.61710       -1.10940
C         -3.14220       -0.71380        0.06330
C         -3.10700        0.78820       -0.07490
C         -4.41920        0.08480        0.13620
C         -0.94450       -3.00070       -0.57430
O         -1.66930       -3.78080        0.04980
C          0.55070       -3.26290       -0.69590
N          1.25190       -2.32700        0.17770
C          1.25210       -1.08010       -0.15680
C          1.88160       -0.11320        0.79810
C          3.00210       -0.51490        1.53450
C          3.60360        0.36900        2.43150
C          3.08170        1.65080        2.60360
C          1.95300        2.04890        1.88710
C          1.34760        1.16800        0.98850
H          2.48220        0.59120       -1.81830
H         -2.05020       -0.51210       -3.47930
H         -0.68270        1.10920       -4.66230
H         -3.41160       -2.56180       -0.94370
H         -3.30000       -1.20810       -2.03180
H         -2.78310       -1.14880        0.99130
H         -2.92310        1.22600       -1.04850
H         -2.69850        1.35910        0.75160
H         -5.11240        0.04030       -0.69600
H         -4.89830        0.18160        1.10440
H          0.88660       -3.22270       -1.73800
H          0.74670       -4.28320       -0.34800
H          3.40730       -1.51710        1.41280
H          4.47450        0.05380        3.00080
H          3.54880        2.33620        3.30690
H          1.53910        3.04300        2.03690
H          0.45290        1.48770        0.46160

