HF BASIS=def2-svp cutoff=1.0e-9 denserms=1.0e-6  zmake GRADIENT DIPOLE CHARGE=0

C         -1.09370        3.26760        1.04120
C         -0.74540        1.90390        0.42930
C          0.77740        1.76980        0.18920
C          1.30270        2.72910       -0.88510
C          2.76760        2.50230       -1.14260
C          3.32910        1.85620       -2.18310
C          4.82710        1.75000       -2.30290
C          2.57070        1.18020       -3.29170
C         -1.34000        0.74490        1.28790
C         -0.77300        0.69490        2.72320
C         -1.18650       -0.58980        3.44700
C         -0.70720       -1.84780        2.69930
C         -1.40210       -3.08710        3.26410
O          0.69380       -2.01360        2.91470
C         -0.91450       -1.73810        1.21300
C         -1.21630       -0.59070        0.58540
H         -0.88540        4.07990        0.33800
H         -0.52010        3.45950        1.95360
H         -2.15910        3.32370        1.28890
H         -1.24130        1.86170       -0.55120
H          1.32320        1.94850        1.12380
H          1.01190        0.74370       -0.11950
H          0.71260        2.63110       -1.80150
H          1.18280        3.76870       -0.55930
H          3.42290        2.93700       -0.38750
H          5.13540        0.69940       -2.29160
H          5.34720        2.25780       -1.48390
H          5.16450        2.20230       -3.24130
H          1.49200        1.14760       -3.12240
H          2.90560        0.14270       -3.39790
H          2.74850        1.69820       -4.23970
H         -2.42090        0.93100        1.37040
H          0.32040        0.76040        2.71880
H         -1.13670        1.55580        3.29630
H         -2.27990       -0.59800        3.54670
H         -0.76560       -0.57130        4.46000
H         -1.01820       -4.00250        2.79810
H         -1.20750       -3.18510        4.33850
H         -2.48620       -3.05180        3.11070
H          1.15010       -1.36740        2.34900
H         -0.81360       -2.65110        0.63020
H         -1.38760       -0.61000       -0.48930

