HF BASIS=def2-svp cutoff=1.0e-9 denserms=1.0e-6  zmake GRADIENT DIPOLE CHARGE=0

O         -2.84950        2.27600       -0.79050
C         -1.82150        1.38650       -1.26800
C         -2.41290       -0.04040       -1.42460
C         -2.76090       -0.79320       -0.15450
C         -2.35700       -2.12890        0.00010
C         -2.70570       -2.84920        1.14480
O         -2.34560       -4.16760        1.17350
C         -3.41260       -2.23750        2.17960
O         -3.76390       -2.80380        3.37080
C         -2.81650       -3.70430        3.96720
O         -3.24440       -5.03950        3.69200
C         -2.51800       -6.06420        4.38090
C         -2.41590       -5.83200        5.89580
O         -3.70770       -6.04550        6.49680
C         -1.97060       -4.40760        6.21760
O         -2.09690       -4.18980        7.63350
C         -2.83360       -3.39180        5.47440
O         -2.31700       -2.07710        5.75550
C         -1.14710       -6.33210        3.76720
O         -1.22890       -6.67300        2.46540
O         -0.06500       -6.26410        4.32630
C         -3.85730       -0.92720        2.01150
C         -3.54230       -0.21420        0.85320
C         -0.55740        1.45690       -0.34150
C         -0.02500        2.86890       -0.03210
C          0.60040        3.14800        1.19650
O          0.67860        2.16220        2.14820
C          1.14410        4.40520        1.47230
C          1.06120        5.40730        0.51650
O          1.61630        6.61790        0.81070
C          0.43770        5.17560       -0.70200
C         -0.10020        3.91340       -0.97130
C          0.59090        0.53210       -0.78910
C          1.15320       -0.39610        0.10480
O          0.76900       -0.48940        1.41440
C          2.17770       -1.25800       -0.27480
C          2.71140       -1.16300       -1.55300
O          3.74870       -1.97300       -1.92350
C          2.22420       -0.22890       -2.47070
C          1.16030        0.60910       -2.08320
O          0.63700        1.55920       -2.92090
C          1.34930        1.88370       -4.12590
C          1.96340        0.63890       -4.78870
O          2.62580        0.94740       -6.01490
C          2.88340       -0.07710       -3.81400
C          2.26520        3.09100       -3.92350
C          2.33350        4.07020       -4.93310
C          3.11440        5.20490       -4.75360
O          3.14660        6.15430       -5.73490
C          3.85190        5.38610       -3.58800
O          4.59160        6.53010       -3.46900
C          3.81960        4.42790       -2.58440
C          3.02720        3.28600       -2.75420
H         -3.56130        2.27750       -1.45450
H         -1.58960        1.74630       -2.27360
H         -3.33880        0.02130       -2.01170
H         -1.71560       -0.64200       -2.02150
H         -1.78070       -2.62510       -0.77740
H         -2.99480       -4.63740        1.73620
H         -1.80300       -3.52710        3.57830
H         -3.09470       -6.98700        4.23080
H         -1.74450       -6.55640        6.36960
H         -3.62410       -5.68440        7.40620
H         -0.91380       -4.26370        5.96630
H         -1.92690       -3.23350        7.75740
H         -3.85910       -3.40500        5.86350
H         -2.81540       -1.46510        5.18100
H         -0.30290       -6.77560        2.15850
H         -4.45060       -0.44740        2.78590
H         -3.91270        0.80320        0.76270
H         -0.94640        1.10260        0.61940
H          1.06690        2.55930        2.94990
H          1.63530        4.61920        2.41610
H          1.44010        7.21740        0.06670
H          0.36930        5.94900       -1.46120
H         -0.56550        3.75760       -1.94150
H          0.57050        0.42140        1.71960
H          2.56670       -1.96460        0.45160
H          3.96930       -2.55070       -1.17250
H          0.55980        2.22980       -4.80720
H          1.13940       -0.04570       -5.03690
H          3.07940        0.14180       -6.32150
H          3.14020       -1.05660       -4.23580
H          3.82710        0.47050       -3.70030
H          1.77420        3.95340       -5.85860
H          3.76870        6.82720       -5.39270
H          5.07320        6.47830       -2.62540
H          4.37860        4.55000       -1.66170
H          3.00240        2.56230       -1.94190

