HF BASIS=def2-svp cutoff=1.0e-9 denserms=1.0e-6  zmake GRADIENT DIPOLE CHARGE=0

C         -3.09710       -0.28390       -2.91180
C         -2.76750       -0.07390       -1.45760
C         -3.16020        1.27640       -0.92220
C         -2.15930       -1.04600       -0.75150
C         -1.81000       -0.98240        0.70210
O         -2.47160       -0.31900        1.49780
C         -0.61540       -1.81070        1.15860
C          0.68310       -1.33330        0.53390
C          1.34130       -2.12920       -0.32930
C          1.15800        0.06320        0.95310
C          2.20370        0.70520        0.02150
C          2.51770        2.14360        0.44600
C          2.74400        2.29130        1.92920
C          3.38610        3.57320        2.37410
C          2.38750        1.33040        2.79920
C          1.69830        0.05480        2.40060
H         -2.81680       -1.28320       -3.26150
H         -2.56640        0.44610       -3.53160
H         -4.17310       -0.16480       -3.07640
H         -2.91010        2.05730       -1.64910
H         -4.23890        1.31150       -0.74080
H         -2.63970        1.54480       -0.00020
H         -1.86600       -1.97220       -1.23640
H         -0.55000       -1.75950        2.25100
H         -0.82490       -2.86060        0.91920
H          2.27710       -1.83850       -0.79530
H          0.96960       -3.11560       -0.59280
H          0.28070        0.72550        0.92260
H          3.13530        0.12390        0.03970
H          1.84650        0.71070       -1.01560
H          1.69110        2.80180        0.15110
H          3.40710        2.47750       -0.10170
H          3.50290        3.61960        3.46190
H          4.38010        3.67560        1.92680
H          2.77590        4.42870        2.06710
H          2.58010        1.45790        3.86220
H          0.86840       -0.11400        3.09740
H          2.40540       -0.77270        2.54100

