HF BASIS=def2-svp cutoff=1.0e-9 denserms=1.0e-6  zmake GRADIENT DIPOLE CHARGE=0

C          3.23950        0.02440        1.96990
N          2.14110        0.10370        1.02840
C          0.79260        0.06970        1.57080
O          0.47590        1.41130        1.93430
C         -0.30030       -0.49580        0.61480
C          0.17730       -0.50730       -0.86100
C          1.12650        0.67270       -1.13360
O          0.56490        1.93900       -0.75950
C          2.38420        0.46260       -0.28820
O          3.50360        0.66340       -0.75590
C         -0.98230       -0.57450       -1.85280
C         -1.88080        0.48890       -2.02460
C         -2.93810        0.39110       -2.93180
C         -3.11570       -0.77220       -3.67610
C         -2.23800       -1.84030       -3.51170
C         -1.18010       -1.74340       -2.60580
C         -0.81710       -1.86800        1.05070
C         -2.19910       -2.04500        1.23980
C         -2.71880       -3.28190        1.62620
C         -1.86660       -4.36400        1.82740
C         -0.49450       -4.21220        1.63780
C          0.01930       -2.97380        1.24980
O          1.36260       -2.83340        1.05220
H          4.20450       -0.02200        1.45830
H          3.22090        0.91150        2.60970
H          3.12360       -0.87390        2.58310
H          0.80760       -0.49870        2.50770
H          0.41690        1.90140        1.09030
H         -1.15380        0.19330        0.69480
H          0.77840       -1.41290       -1.02790
H          1.40580        0.70880       -2.19300
H          1.19030        2.60850       -1.10160
H         -1.77330        1.40620       -1.45030
H         -3.62470        1.22460       -3.05440
H         -3.93960       -0.84770       -4.38040
H         -2.37810       -2.75240       -4.08570
H         -0.51450       -2.59600       -2.48580
H         -2.88740       -1.21730        1.07740
H         -3.79070       -3.39860        1.76550
H         -2.27310       -5.32630        2.12750
H          0.15540       -5.06770        1.79410
H          1.79590       -3.68860        1.21150

