HF BASIS=def2-svp cutoff=1.0e-9 denserms=1.0e-6  zmake GRADIENT DIPOLE CHARGE=0

C          1.38100        0.49470       -3.52450
S          2.13170        2.07710       -3.05830
C          1.34100        2.31000       -1.42240
C          2.01360        1.44260       -0.34960
O          3.40360        1.81350       -0.22060
C          1.36900        1.62570        1.03780
O          2.28740        1.16580        2.03400
C          0.06450        0.83620        1.15940
O         -0.57060        0.45550        0.16840
C         -0.44900        0.60070        2.58300
O         -1.75570        0.06940        2.66090
P         -2.01340       -1.34800        1.96120
O         -2.66100       -0.95400        0.55680
O         -3.28170       -1.91920        2.74240
O         -0.85900       -2.28410        1.88270
H          0.29070        0.57090       -3.51150
H          1.70450       -0.30150       -2.85030
H          1.69760        0.23580       -4.53840
H          0.26870        2.11960       -1.51280
H          1.47220        3.36830       -1.17170
H          1.99990        0.38140       -0.62330
H          3.75420        1.86640       -1.13380
H          1.16690        2.68180        1.24420
H          3.17700        1.28470        1.63190
H          0.23880       -0.07020        3.10690
H         -0.45890        1.56470        3.10060
H         -1.98290       -0.48970        0.01490
H         -3.52510       -2.79930        2.40760

