HF BASIS=def2-svp cutoff=1.0e-9 denserms=1.0e-6  zmake GRADIENT DIPOLE CHARGE=0

C         -4.09710        0.01920       -5.03720
C         -3.70020       -0.92630       -3.88610
C         -4.97870       -1.24110       -3.08110
C         -3.11930       -2.22480       -4.48470
C         -2.41650       -3.11410       -3.45540
C         -1.32860       -2.36400       -2.64040
C         -0.17760       -1.98870       -3.60860
C         -0.78020       -3.32260       -1.56060
C          0.16540       -2.63010       -0.57490
C         -0.45800       -1.40270        0.17130
C         -1.59970       -1.98530        1.07120
C          0.65460       -0.65320        1.09910
C          0.86220       -1.48430        2.41430
C          2.05940       -0.64280        0.42490
C          3.16250        0.14660        1.13030
C          2.69650        1.37040        1.93460
C          3.85780        2.38610        2.26620
C          4.55610        2.99340        1.02810
C          4.96950        1.64990        3.06310
C          3.28700        3.50600        3.17920
O          4.27300        4.50660        3.43070
C          2.05070        4.17320        2.59020
C          0.94200        3.16470        2.31080
C          1.35390        1.96440        1.39260
C          1.46680        2.48980       -0.05740
C          0.22360        0.82300        1.52270
C         -1.17910        1.31210        1.06090
O         -2.08410        1.15090        2.17080
C         -1.83970        0.70540       -0.17830
C         -1.06420       -0.40910       -0.89370
O         -0.00390        0.22020       -1.61300
C         -1.99700       -1.14000       -1.93870
C         -2.65690       -0.20810       -2.98880
H         -4.83750       -0.44800       -5.69640
H         -4.53000        0.94990       -4.65360
H         -3.22840        0.28500       -5.65010
H         -5.40380       -0.32930       -2.64630
H         -4.79780       -1.94240       -2.26180
H         -5.74640       -1.68710       -3.72420
H         -3.91620       -2.80500       -4.96800
H         -2.41070       -1.97960       -5.28530
H         -1.97280       -3.97350       -3.97460
H         -3.16820       -3.53330       -2.77460
H         -0.48720       -1.27890       -4.37990
H          0.19180       -2.88190       -4.12700
H          0.68370       -1.54770       -3.10340
H         -0.24400       -4.15370       -2.03750
H         -1.60690       -3.78610       -1.00880
H          1.05410       -2.33580       -1.13800
H          0.50750       -3.37740        0.15130
H         -2.46390       -2.33240        0.50100
H         -1.97570       -1.26100        1.79490
H         -1.25350       -2.85630        1.63970
H          1.67430       -1.09130        3.03240
H          1.11330       -2.52720        2.19440
H         -0.02820       -1.47640        3.05140
H          2.43910       -1.66870        0.33020
H          1.99380       -0.27700       -0.60090
H          3.69340       -0.53400        1.80880
H          3.89690        0.42140        0.36760
H          2.42680        0.96920        2.92470
H          3.90700        3.64990        0.45020
H          5.41960        3.60160        1.32450
H          4.94400        2.22720        0.35170
H          4.55970        1.15640        3.95160
H          5.46560        0.88680        2.45400
H          5.74750        2.34330        3.40240
H          3.02090        3.07360        4.15280
H          3.88660        5.15010        4.04870
H          2.30740        4.74130        1.68970
H          1.67780        4.92720        3.29580
H          0.09850        3.71520        1.88010
H          0.59340        2.78090        3.27880
H          2.05530        1.84010       -0.70650
H          0.48760        2.61930       -0.52540
H          1.93030        3.47680       -0.10520
H          0.11160        0.74470        2.61600
H         -1.16670        2.39330        0.90590
H         -2.90390        1.62790        1.95520
H         -1.98890        1.53660       -0.88070
H         -2.84640        0.35000        0.07790
H         -0.37720        0.83960       -2.26090
H         -2.83360       -1.53850       -1.35340
H         -3.16050        0.62630       -2.48780
H         -1.88630        0.24680       -3.62120

