HF BASIS=def2-svp cutoff=1.0e-9 denserms=1.0e-6  zmake GRADIENT DIPOLE CHARGE=0

C          1.19700       -5.91130        0.77850
C          1.88250       -4.56820        0.79250
C          2.83040       -4.37800        1.94480
C          1.63570       -3.66860       -0.18080
C          2.20990       -2.28590       -0.35110
C          1.12910       -1.22400       -0.44690
C          0.50690       -0.70140        0.70280
O          0.80280       -1.22330        1.93640
C         -0.44910        0.32160        0.60750
C         -1.09330        0.94060        1.79710
O         -2.25800        1.32960        1.70310
C         -0.28510        1.17560        3.02220
C         -0.87910        1.63310        4.13500
C         -0.16170        1.91040        5.38600
C         -0.56220        3.00320        6.16760
C          0.07670        3.28790        7.37840
C          1.11210        2.46820        7.81330
O          1.76300        2.70680        8.98690
C          1.51320        1.37130        7.06160
C          0.87430        1.08890        5.85170
C         -0.84440        0.76890       -0.66860
O         -1.83160        1.71610       -0.82010
C         -0.25450        0.26520       -1.84020
C         -0.66230        0.80520       -3.19820
C         -1.61810       -0.11410       -3.91410
C         -1.50420       -0.65280       -5.14480
C         -0.36570       -0.42530       -6.10090
C         -2.58460       -1.55750       -5.68200
C          0.71750       -0.74260       -1.70460
O          1.29890       -1.31090       -2.80900
H          1.93800       -6.71490        0.71360
H          0.51260       -6.02110       -0.06930
H          0.61350       -6.04760        1.69480
H          3.59670       -5.16040        1.93410
H          3.34910       -3.41780        1.93020
H          2.28540       -4.44220        2.89240
H          0.94410       -3.94890       -0.97760
H          2.89220       -2.00880        0.45840
H          2.83890       -2.28190       -1.24920
H          1.04550       -2.16010        1.82540
H          0.78110        0.99340        2.97360
H         -1.94790        1.83840        4.14310
H         -1.37270        3.64820        5.83430
H         -0.24800        4.14420        7.96040
H          1.38420        3.50290        9.39450
H          2.31690        0.73350        7.41750
H          1.18820        0.21460        5.28710
H         -2.30960        1.80420        0.03630
H         -1.14070        1.78670       -3.10130
H          0.24750        1.00210       -3.77360
H         -2.51550       -0.33810       -3.33430
H          0.13160       -1.37480       -6.32390
H         -0.74170       -0.00450       -7.03930
H          0.39350        0.26080       -5.72090
H         -3.02180       -1.12860       -6.58950
H         -2.16780       -2.53980       -5.92650
H         -3.39570       -1.71130       -4.96260
H          0.70580       -1.19560       -3.57060

