HF BASIS=def2-svp cutoff=1.0e-9 denserms=1.0e-6  zmake GRADIENT DIPOLE CHARGE=0

C         -2.67250       -2.41310       -1.94430
O         -1.45000       -2.30320       -1.19670
C         -3.09850       -3.88400       -1.98110
O         -3.45120       -4.35370       -0.66390
C         -4.68270       -3.98110       -0.22520
O         -5.48520       -3.31710       -0.86520
C         -4.92240       -4.48840        1.17290
C         -4.25050       -3.61650        2.23020
C         -4.90710       -2.23750        2.34910
C         -4.43150       -1.44070        3.56800
C         -2.93400       -1.12340        3.61450
C         -2.45180       -0.30860        2.41320
C         -1.04480        0.26600        2.60080
C          0.07450       -0.74790        2.86140
C          0.20350       -1.81390        1.77090
C          1.38840       -2.76280        1.98340
C          2.77910       -2.11920        1.93220
C          3.11800       -1.51180        0.56810
C          4.46240       -0.77640        0.54600
C          5.66580       -1.69580        0.75020
C          6.97230       -0.93120        0.60720
C         -2.43800       -1.86680       -3.35370
O         -2.09500       -0.47350       -3.22470
C         -1.63110        0.10520       -4.36650
O         -1.52160       -0.45550       -5.44750
C         -1.23060        1.53470       -4.10100
C          0.25710        1.66560       -3.78500
C          0.71850        0.95730       -2.50600
C          0.00780        1.38520       -1.21890
C          0.13540        2.86720       -0.85660
C          1.56470        3.36860       -0.62510
C          2.24380        2.70820        0.57710
C          3.68990        3.16690        0.80100
C          3.90600        4.68000        1.02050
C          3.08790        5.20330        2.20430
C          5.41510        4.94170        1.21510
C          5.78330        6.41850        1.25360
H         -3.40730       -1.79790       -1.41490
H         -1.19100       -1.36460       -1.24030
H         -3.93160       -4.05260       -2.67380
H         -2.26320       -4.51090       -2.31310
H         -6.00370       -4.54460        1.33950
H         -4.54860       -5.51640        1.23360
H         -3.18640       -3.50330        1.99460
H         -4.31690       -4.13250        3.19620
H         -4.73700       -1.65840        1.43410
H         -5.99320       -2.36460        2.43630
H         -4.99170       -0.49760        3.60610
H         -4.69730       -1.99370        4.47800
H         -2.36050       -2.05300        3.69480
H         -2.73860       -0.56070        4.53540
H         -2.48100       -0.91920        1.50410
H         -3.13920        0.53000        2.24500
H         -1.06220        0.97940        3.43380
H         -0.79210        0.85090        1.70940
H          1.00980       -0.18280        2.94380
H         -0.07830       -1.23280        3.83250
H         -0.70660       -2.42530        1.75190
H          0.27460       -1.33500        0.78980
H          1.27140       -3.26250        2.95270
H          1.33920       -3.55310        1.22440
H          3.51060       -2.89960        2.17020
H          2.87670       -1.36100        2.71610
H          2.34750       -0.79030        0.28150
H          3.11530       -2.29820       -0.19620
H          4.55760       -0.27050       -0.42350
H          4.46460        0.00840        1.31230
H          5.64230       -2.50860        0.01570
H          5.63340       -2.15190        1.74500
H          7.82230       -1.60300        0.76130
H          7.06440       -0.48950       -0.39060
H          7.03630       -0.12720        1.34700
H         -3.34600       -1.95420       -3.95970
H         -1.60890       -2.40210       -3.83160
H         -1.46930        2.11190       -5.00210
H         -1.85640        1.95620       -3.30790
H          0.51340        2.72950       -3.72440
H          0.83700        1.25940       -4.62340
H          0.58990       -0.12460       -2.62830
H          1.79840        1.10910       -2.39230
H          0.39460        0.77470       -0.39720
H         -1.05700        1.13780       -1.28410
H         -0.32740        3.47430       -1.64290
H         -0.45290        3.05140        0.05100
H          2.17010        3.21990       -1.52480
H          1.50910        4.45060       -0.46380
H          2.27210        1.62410        0.43110
H          1.64960        2.87900        1.48160
H          4.28730        2.84610       -0.06240
H          4.08730        2.61900        1.66580
H          3.58610        5.21580        0.11820
H          3.23530        6.27710        2.34930
H          3.36600        4.69420        3.13330
H          2.01560        5.05870        2.04320
H          5.96780        4.48060        0.38640
H          5.76540        4.45970        2.13690
H          5.38490        6.91030        2.14520
H          6.87210        6.53130        1.27470
H          5.40630        6.94200        0.36870

