HF BASIS=def2-svp cutoff=1.0e-9 denserms=1.0e-6  zmake GRADIENT DIPOLE CHARGE=0

C          1.01740        0.59420        0.82420
C          0.87420        0.62620        2.34560
C         -0.38980        1.32690        2.77130
C         -0.85460        1.22330        4.08910
O         -0.12640        0.48330        4.97950
C         -2.02980        1.85420        4.49780
C         -2.74620        2.60400        3.57130
O         -3.90490        3.23850        3.91140
C         -2.29870        2.73600        2.26250
C         -1.11480        2.11240        1.86800
O         -0.75210        2.30190        0.56180
C          0.61380        1.96960        0.26260
C          0.81390        2.03160       -1.24630
C          2.04290        2.47540       -1.76910
C          2.24250        2.50000       -3.14380
O          3.43850        2.93260       -3.63910
C          1.24050        2.08490       -4.00920
O          1.46810        2.11620       -5.35860
C          0.02440        1.63960       -3.50830
O         -0.92500        1.23260       -4.40380
C         -0.19750        1.61100       -2.13510
O          0.14890       -0.42530        0.27090
C          0.64330       -1.68210        0.23070
O          1.72270       -2.04490        0.66900
C         -0.30940       -2.59060       -0.46030
C         -1.56450       -2.15100       -0.91240
C         -2.39820       -3.04090       -1.57550
O         -3.61130       -2.61010       -2.02860
C         -2.00500       -4.35640       -1.78250
O         -2.85210       -5.20750       -2.43830
C         -0.76740       -4.79850       -1.33030
O         -0.43380       -6.10320       -1.56320
C          0.08860       -3.92410       -0.66930
H          2.05710        0.37280        0.54980
H          1.72230        1.17100        2.77820
H          0.87920       -0.39510        2.74280
H         -0.57470        0.48520        5.84080
H         -2.38010        1.76190        5.51920
H         -4.10610        3.05770        4.84380
H         -2.86590        3.33000        1.55140
H          1.23860        2.75450        0.71300
H          2.84680        2.80120       -1.11400
H          3.33840        2.86280       -4.61030
H          0.63070        1.78650       -5.74570
H         -1.70530        0.93580       -3.90140
H         -1.14710        1.26180       -1.73730
H         -1.90020       -1.13040       -0.75460
H         -4.01760       -3.40130       -2.43850
H         -2.36730       -6.05860       -2.46420
H          0.45520       -6.26380       -1.19860
H          1.06160       -4.25630       -0.31650

