HF BASIS=def2-svp cutoff=1.0e-9 denserms=1.0e-6  zmake GRADIENT DIPOLE CHARGE=0

C          2.55450        1.23660       -2.82900
O          1.44240        0.44440       -3.23130
C          0.20620        0.84080       -2.79130
C         -0.85650        0.04100       -3.22270
O         -0.62380       -1.04170       -4.02610
C         -2.16550        0.30910       -2.84860
C         -2.42740        1.38810       -2.00540
C         -1.38110        2.19890       -1.53720
C         -1.69380        3.35710       -0.61400
C         -0.82690        3.44380        0.63840
C         -1.01650        2.25410        1.54380
O         -1.87380        2.17180        2.41110
O         -0.10670        1.28890        1.25850
C         -0.10740        0.15940        2.13670
O          1.13970       -0.53690        2.00310
C          1.34550       -1.10390        0.70610
C          0.25950       -2.13010        0.38270
O          0.41190       -2.59760       -0.97380
C         -1.12450       -1.49320        0.53470
O         -2.11130       -2.52340        0.36640
C         -1.28950       -0.80760        1.88980
O         -1.35020       -1.84870        2.88490
C          2.73870       -1.74400        0.60180
O          2.93200       -2.45750       -0.53820
O          3.64070       -1.58840        1.41410
C         -0.06510        1.93120       -1.96200
H          2.47060        2.25760       -3.21520
H          3.45540        0.78920       -3.25940
H          2.66890        1.23280       -1.74000
H          0.34000       -1.03760       -4.18620
H         -2.97320       -0.32550       -3.20200
H         -3.45740        1.58440       -1.71260
H         -1.58660        4.28380       -1.19150
H         -2.74580        3.30440       -0.30510
H          0.23750        3.55470        0.40360
H         -1.09630        4.33760        1.21420
H         -0.12820        0.50630        3.17690
H          1.35420       -0.29750       -0.03800
H          0.34660       -3.01040        1.03090
H         -0.46980       -2.95710       -1.22330
H         -1.28690       -0.77440       -0.27120
H         -2.21720       -2.92670        1.25430
H         -2.25520       -0.29360        1.91530
H         -1.40090       -1.41540        3.75770
H          2.09560       -2.56210       -1.05940
H          0.73620        2.58160       -1.62690

