HF BASIS=def2-svp cutoff=1.0e-9 denserms=1.0e-6  zmake GRADIENT DIPOLE CHARGE=0

O         -2.17160        2.30390       -5.32880
C         -2.48480        3.49050       -4.60380
C         -2.74590        3.16180       -3.12970
O         -1.55950        2.48200       -2.65900
C         -1.81650        1.73190       -1.46870
C         -2.66400        0.48790       -1.82450
O         -1.86240       -0.58700       -2.36130
C         -3.69600        0.81640       -2.92170
O         -4.91140        0.08500       -2.64790
C         -4.02520        2.30870       -2.96570
O         -4.68550        2.64820       -1.72570
C         -0.52810        1.43070       -0.71390
C         -0.42400        1.78060        0.64840
O         -1.55410        2.26870        1.24640
C         -1.41450        3.33830        2.18380
O         -2.04420        2.97010        3.42510
C         -3.47890        2.82130        3.33980
C         -4.13930        3.12800        1.98110
O         -5.56090        3.30720        2.11280
C         -3.55270        4.37880        1.31040
O         -4.30460        5.54400        1.68220
C         -2.08790        4.62340        1.67320
O         -1.39750        5.20130        0.55920
C         -3.78250        1.37180        3.71600
O         -2.77790        0.80070        4.43620
O         -4.81870        0.78350        3.42950
C          0.75730        1.55240        1.35560
C          1.85640        0.97380        0.71990
O          2.98660        0.86700        1.48800
C          3.94940       -0.11210        1.04920
C          4.23460        0.02750       -0.46100
O          4.81460        1.32290       -0.75000
C          2.93860       -0.11450       -1.29620
C          2.67150       -1.56340       -1.75130
C          3.00440       -1.98110       -3.05640
O          3.48330       -1.14760       -4.03010
C          2.84590       -3.30530       -3.46810
C          2.32800       -4.24140       -2.58910
O          2.15520       -5.53680       -2.99270
C          1.96150       -3.88150       -1.29080
C          2.11430       -2.54480       -0.88680
O          1.73490       -2.11700        0.35610
C          1.07330       -3.01830        1.25070
C          1.50020       -4.48720        1.07440
O          0.79440       -5.39300        1.92250
C          1.37770       -4.92410       -0.37430
C         -0.42290       -2.72760        1.28880
C         -1.23520       -2.81690        0.14940
C         -2.60070       -2.55350        0.23030
O         -3.33270       -2.64080       -0.92190
C         -3.19050       -2.18040        1.43100
C         -2.39760       -2.07530        2.56880
C         -1.02690       -2.34150        2.50010
C          1.77470        0.57380       -0.61450
C          0.58270        0.81910       -1.31550
O          0.52510        0.42230       -2.62840
C          5.15230       -0.02940        1.99490
C          6.47590        0.15390        1.55830
C          7.51810        0.16380        2.48690
O          8.81940        0.34420        2.09940
C          7.26670       -0.01970        3.84260
O          8.29920       -0.04090        4.73220
C          5.97260       -0.19600        4.29950
C          4.92270       -0.20940        3.38000
H         -1.39580        1.93270       -4.86540
H         -3.35770        3.96170       -5.06420
H         -1.63350        4.17140       -4.70000
H         -2.84360        4.10050       -2.56950
H         -2.42720        2.38620       -0.83960
H         -3.14170        0.10550       -0.91850
H         -2.33430       -1.41300       -2.11660
H         -3.33310        0.47120       -3.89880
H         -5.31750       -0.09860       -3.51490
H         -4.75640        2.52980       -3.74950
H         -5.37550        1.96260       -1.61260
H         -0.36650        3.57300        2.39810
H         -3.91070        3.44250        4.13180
H         -3.99310        2.27920        1.30020
H         -5.93630        2.42770        2.33930
H         -3.67740        4.28690        0.22590
H         -5.23560        5.23780        1.71490
H         -2.03470        5.36730        2.47710
H         -1.88840        6.01400        0.32960
H         -2.06520        1.46510        4.53770
H          0.84050        1.79040        2.41130
H          3.54250       -1.10900        1.24360
H          4.97310       -0.71120       -0.79380
H          4.27310        1.98320       -0.27480
H          3.10310        0.50580       -2.18440
H          3.17100       -0.23830       -3.86010
H          3.12990       -3.57890       -4.47980
H          2.37410       -5.60710       -3.93640
H          1.45380       -2.72840        2.24220
H          2.56180       -4.55730        1.35000
H          0.81640       -5.04060        2.82440
H          1.91060       -5.88120       -0.48580
H          0.33120       -5.12210       -0.64300
H         -0.81130       -3.08560       -0.81380
H         -4.27380       -2.58060       -0.68240
H         -4.24950       -1.95410        1.49830
H         -2.85050       -1.77710        3.51410
H         -0.43320       -2.24330        3.40680
H         -0.34080       -0.03100       -2.72750
H          6.69890        0.28570        0.50440
H          8.82370        0.54640        1.14880
H          9.09530        0.07880        4.17350
H          5.78240       -0.34180        5.35490
H          3.90840       -0.36850        3.75120

