HF BASIS=def2-svp cutoff=1.0e-9 denserms=1.0e-6  zmake GRADIENT DIPOLE CHARGE=0

C          0.19060        5.49860       -1.04390
C          0.78630        4.10480       -0.91650
C          2.28790        4.11210       -1.20530
C          2.91410        2.71490       -1.20360
C          2.89570        2.04140        0.17050
C          3.63210        0.69930        0.13810
C          3.60570        0.01850        1.51000
C          4.39610       -1.29370        1.55730
C          3.81590       -2.36200        0.67470
C          3.15270       -3.43480        1.13360
C          2.55400       -4.48800        0.24470
C          1.02510       -4.53940        0.33360
C          0.35280       -3.26040       -0.17640
C         -1.17180       -3.38290       -0.15040
C         -1.83780       -2.08830       -0.62220
C         -3.36490       -2.20890       -0.60200
C         -4.07200       -0.95280       -1.12790
C         -3.93750        0.25700       -0.22360
C         -4.64110        0.42030        0.99640
C         -5.64160       -0.59880        1.44330
O         -5.98420       -0.46090        2.74410
O         -6.14300       -1.49450        0.79260
C         -4.39770        1.57790        1.76600
O         -5.00520        1.84490        2.96640
C         -3.49990        2.55690        1.34190
C         -2.81850        2.40010        0.14310
C         -3.03230        1.26130       -0.62980
H         -0.88200        5.47400       -0.82850
H          0.66220        6.19210       -0.34060
H          0.32390        5.89180       -2.05660
H          0.59480        3.73400        0.09610
H          0.27570        3.43090       -1.61400
H          2.80340        4.74720       -0.47440
H          2.46050        4.56230       -2.19100
H          2.39870        2.08010       -1.93460
H          3.95330        2.80660       -1.54280
H          3.36620        2.70070        0.90960
H          1.86230        1.87400        0.49370
H          3.16260        0.05340       -0.61250
H          4.67180        0.85730       -0.17240
H          4.03140        0.70150        2.25580
H          2.56590       -0.16620        1.80900
H          4.42960       -1.64160        2.59760
H          5.43620       -1.11560        1.25860
H          3.95120       -2.23390       -0.39730
H          3.01470       -3.56830        2.20480
H          2.85430       -4.33640       -0.79940
H          2.96070       -5.46050        0.54700
H          0.71890       -4.72780        1.37030
H          0.67390       -5.39280       -0.25960
H          0.68590       -3.05350       -1.20070
H          0.65410       -2.40630        0.44110
H         -1.50510       -3.61590        0.86820
H         -1.48470       -4.21500       -0.79250
H         -1.51780       -1.26510        0.02680
H         -1.50120       -1.85140       -1.63880
H         -3.65940       -3.05530       -1.23510
H         -3.69540       -2.44620        0.41520
H         -3.67550       -0.71610       -2.12460
H         -5.13260       -1.15750       -1.30860
H         -6.61150       -1.20790        2.87670
H         -5.50950        1.04490        3.22390
H         -3.33450        3.44120        1.95200
H         -2.11850        3.16210       -0.18820
H         -2.47780        1.15550       -1.56140

