HF BASIS=def2-svp cutoff=1.0e-9 denserms=1.0e-6  zmake GRADIENT DIPOLE CHARGE=0

C         -0.31200        0.24690       -0.83040
C         -0.15270        0.98250       -2.16950
C         -0.04670        2.50600       -2.01240
C          0.66180        2.92990       -0.71410
O          1.33570        4.15790       -0.89490
C          1.61500        1.82960       -0.23700
C          0.60920        0.80710        0.31630
C         -0.23370        1.71890        1.24300
C         -0.31510        2.99960        0.44770
C         -1.11330        4.03100        0.75610
C          1.27190       -0.42560        0.97130
C          1.39720       -0.35430        2.47600
O          2.37560        0.48400        2.86480
O          0.73840       -0.96770        3.29670
C          0.39170       -1.61660        0.52290
C          1.08740       -2.95080        0.23080
C          1.99670       -3.43200        1.35310
C          0.04070       -4.02150       -0.17940
O         -0.92580       -4.17710        0.86670
C         -0.74960       -3.63150       -1.44630
C         -1.15910       -2.14760       -1.41970
O         -2.32290       -1.99330       -0.60520
C         -0.00440       -1.25450       -0.89980
O          1.20050       -1.54040       -1.64080
C          1.85200       -2.58460       -1.02520
O          2.85350       -3.12670       -1.45550
H         -1.35850        0.36420       -0.51810
H         -0.98490        0.73480       -2.83900
H          0.75280        0.63860       -2.68430
H          0.48430        2.91150       -2.88350
H         -1.05110        2.94700       -2.05790
H          1.54160        4.50640       -0.01100
H          2.24560        1.43590       -1.04200
H          2.29770        2.19720        0.54110
H         -1.21890        1.29930        1.46970
H          0.27990        1.93750        2.18500
H         -1.77820        3.99720        1.61340
H         -1.12710        4.92970        0.14530
H          2.29020       -0.55180        0.58030
H          2.36930        0.43840        3.84470
H         -0.46900       -1.72060        1.19340
H          1.44870       -3.53730        2.29470
H          2.43320       -4.40740        1.10930
H          2.83660       -2.74920        1.51960
H          0.51270       -4.99660       -0.34980
H         -0.50330       -4.67130        1.59390
H         -0.12670       -3.81600       -2.33000
H         -1.64290       -4.26160       -1.53660
H         -1.43240       -1.84580       -2.43690
H         -2.28840       -2.67290        0.10040

