HF BASIS=def2-svp cutoff=1.0e-9 denserms=1.0e-6  zmake GRADIENT DIPOLE CHARGE=0

C          1.41160       -5.30660        0.59410
C          0.42630       -4.19610        0.22590
C         -0.52890       -3.87180        1.36320
C          0.22580       -2.82740        2.19400
C          0.86030       -3.39580        3.45660
C          0.68290       -2.27290        4.43910
C         -0.62630       -1.61620        4.01130
O         -0.65050       -1.75840        2.57470
O         -0.53850       -0.23640        4.39740
C         -1.60680        0.58190        3.90100
C         -2.96950        0.06690        4.38280
C         -3.13420       -1.42020        4.07900
C         -1.93890       -2.24480        4.60170
C         -1.94040       -2.27300        6.13380
O         -2.11250       -3.60620        4.17100
C         -1.36300        2.03980        4.36140
C         -1.25040        3.01840        3.19960
C         -2.26510        3.85740        2.91480
C          0.06620        2.95610        2.44600
C          0.17680        3.79760        1.17170
C          1.47130        3.48720        0.42980
C          1.41610        3.84830       -1.05940
N          1.66560        5.09400       -1.26210
C          1.92920        5.72180       -2.53800
C          3.18410        5.16700       -3.22010
C          4.41380        5.24360       -2.31370
C          3.00660        3.76540       -3.81440
C          2.59390        2.63080       -2.86830
C          1.20900        2.75470       -2.16620
C          0.08970        3.13010       -3.17060
C         -1.27120        3.31680       -2.50330
C         -1.62930        2.22760       -1.52050
C         -3.06200        2.24590       -1.00300
O         -3.77300        3.40260       -1.44710
C         -4.92070        3.02350       -2.07250
O         -5.76590        3.77180       -2.53390
C         -4.98370        1.55980       -2.11120
C         -6.09730        0.81820       -2.74010
C         -3.88490        1.12200       -1.50160
C         -0.70310        1.33540       -1.09190
C         -1.01640        0.25390       -0.08750
C          0.76570        1.34800       -1.55940
C          0.95240        0.16640       -2.50770
C          1.73300       -0.93590       -2.43030
C          1.72540       -1.87270       -3.63020
C          2.69760       -1.38650       -1.32450
O          2.83490       -0.43540       -0.27480
C          2.37960       -2.78730       -0.75560
C          1.06100       -2.82390        0.01220
O          1.25860       -2.28860        1.33890
H          2.04050       -5.56870       -0.26420
H          0.87070       -6.21140        0.88560
H          2.07240       -5.02720        1.41590
H         -0.12040       -4.51290       -0.67050
H         -1.44160       -3.42290        0.95380
H         -0.83640       -4.75900        1.93520
H          0.33360       -4.29360        3.81160
H          1.91710       -3.65450        3.34040
H          0.71470       -2.60650        5.47890
H          1.51630       -1.56260        4.32770
H         -1.58320        0.53820        2.81000
H         -3.77870        0.63170        3.90260
H         -3.07110        0.22310        5.46460
H         -3.24710       -1.57320        2.99760
H         -4.07210       -1.78560        4.50860
H         -2.91330       -2.60240        6.51760
H         -1.70920       -1.29890        6.57670
H         -1.21820       -3.00750        6.51600
H         -3.04800       -3.84390        4.28290
H         -0.44210        2.11530        4.95090
H         -2.16230        2.36360        5.03820
H         -2.21410        4.56820        2.09510
H         -3.18280        3.85890        3.49420
H          0.23610        1.91090        2.17060
H          0.87420        3.22960        3.12880
H          0.15760        4.86270        1.42540
H         -0.68920        3.62500        0.53360
H          2.27100        4.08760        0.88240
H          1.79730        2.46270        0.58350
H          1.05820        5.72720       -3.18950
H          2.11110        6.78340       -2.32070
H          3.38810        5.83720       -4.07140
H          4.56530        6.26690       -1.95600
H          5.31670        4.93770       -2.85720
H          4.32030        4.60140       -1.43580
H          3.95310        3.46920       -4.28660
H          2.29140        3.82420       -4.64210
H          3.37620        2.49030       -2.11250
H          2.61390        1.72870       -3.49240
H          0.29800        4.03540       -3.73290
H          0.00420        2.36110       -3.94630
H         -2.02280        3.38060       -3.29630
H         -1.28090        4.27480       -1.97230
H         -3.06890        2.28090        0.08850
H         -6.26340        1.17010       -3.76200
H         -5.88810       -0.25290       -2.79090
H         -7.02200        0.95370       -2.17060
H         -3.62710        0.08480       -1.36230
H         -0.14430        0.04140        0.53850
H         -1.82150        0.53710        0.59760
H         -1.30830       -0.66800       -0.59910
H          1.37520        1.15900       -0.68330
H          0.35650        0.26270       -3.41330
H          1.17930       -2.79350       -3.39220
H          1.25360       -1.42280       -4.50620
H          2.74810       -2.13560       -3.92160
H          3.68980       -1.43690       -1.78530
H          2.29860       -0.73860        0.48080
H          3.19210       -3.06220       -0.07600
H          2.36550       -3.51880       -1.57040
H          0.32690       -2.18520       -0.49270

