HF BASIS=def2-svp cutoff=1.0e-9 denserms=1.0e-6  zmake GRADIENT DIPOLE CHARGE=0

O          1.78360       -3.64760       -0.28620
C          2.22850       -2.45010       -0.76270
C          1.47940       -1.72000       -1.67790
C          1.94940       -0.48250       -2.11700
C          3.16150        0.03170       -1.63370
C          3.60200        1.42120       -2.02670
C          3.26790        2.45920       -0.95780
C          1.76920        2.57840       -0.75580
O          1.06360        3.14430       -1.59220
C          1.19360        1.98400        0.51910
C         -0.21870        1.44200        0.30770
C         -0.72250        0.70850        1.55350
C         -2.12120        0.11150        1.36890
C         -2.14320       -1.13450        0.51560
C         -2.55570       -1.07960       -0.82190
C         -2.59750       -2.23950       -1.59840
C         -2.22820       -3.46520       -1.04660
C         -1.81010       -3.53080        0.28090
C         -1.76160       -2.37070        1.05620
C          3.91420       -0.73040       -0.72970
C          3.44760       -1.97300       -0.29780
H          0.86560       -3.76040       -0.58760
H          0.52740       -2.08700       -2.04770
H          1.34560        0.09460       -2.81560
H          4.68420        1.41430       -2.20630
H          3.13840        1.69890       -2.98190
H          3.64150        3.44460       -1.25890
H          3.74810        2.22130       -0.00200
H          1.20460        2.76170        1.29000
H          1.84570        1.16990        0.85290
H         -0.22570        0.76870       -0.55540
H         -0.89940        2.26720        0.06480
H         -0.75990        1.42420        2.38440
H         -0.01020       -0.07440        1.84140
H         -2.53010       -0.14660        2.35460
H         -2.80350        0.86510        0.95600
H         -2.85350       -0.13190       -1.26570
H         -2.92840       -2.18580       -2.63260
H         -2.27720       -4.36880       -1.64880
H         -1.53130       -4.48580        0.71940
H         -1.43720       -2.43740        2.09270
H          4.85940       -0.35600       -0.34390
H          4.02450       -2.55970        0.41110

