HF BASIS=def2-svp cutoff=1.0e-9 denserms=1.0e-6  zmake GRADIENT DIPOLE CHARGE=0

C         -0.86400       -3.68350       -0.43930
C         -0.24790       -2.62440        0.43770
C          1.23740       -2.76690        0.62370
C         -1.01210       -1.65260        0.97540
C         -0.59350       -0.52910        1.88590
C         -0.67050        0.81710        1.20170
C          0.37660        1.22270        0.35490
C          0.33940        2.45630       -0.31450
C         -0.77340        3.28880       -0.12790
C         -1.82440        2.89600        0.70270
C         -1.76980        1.66660        1.35690
O         -2.80230        1.27640        2.16150
C          1.48320        2.85530       -1.22520
O          1.96370        4.14830       -0.80910
C          1.05820        2.95270       -2.70140
O          0.59280        4.29060       -3.00880
C          2.24900        2.65900       -3.60840
O          2.33340        3.55730       -4.62550
O          3.02250        1.72290       -3.48060
H         -0.41720       -3.65570       -1.43850
H         -0.69380       -4.67640       -0.01000
H         -1.94510       -3.55200       -0.55480
H          1.68690       -1.94740        1.18780
H          1.73680       -2.79550       -0.35050
H          1.46190       -3.69860        1.15310
H         -2.08130       -1.65430        0.76000
H         -1.23610       -0.54530        2.77440
H          0.41820       -0.66730        2.28090
H          1.22580        0.55390        0.21530
H         -0.83390        4.25050       -0.63420
H         -2.67600        3.55860        0.82350
H         -3.49260        1.95910        2.14200
H          2.30990        2.14890       -1.09260
H          2.05670        4.10370        0.16150
H          0.26950        2.24200       -2.97000
H          1.04900        4.85340       -2.34050
H          1.59610        4.20450       -4.51360

