HF BASIS=def2-svp cutoff=1.0e-9 denserms=1.0e-6  zmake GRADIENT DIPOLE CHARGE=0

C         -2.80560        2.30070       -0.92120
C         -1.47770        2.17100       -1.62430
C         -0.41400        1.43890       -0.92960
C         -0.46770        0.93200        0.31630
C          0.64930        0.17490        1.02860
O          1.77030        0.09270        0.14580
C          1.01390        0.95570        2.29340
C          1.90980        2.15010        2.14160
O          3.20310        1.66900        1.79370
C          0.52610        0.63390        3.50600
C         -0.40590       -0.50190        3.69840
O         -0.86010       -0.71140        4.82080
C         -0.81750       -1.32590        2.49960
C          0.24010       -1.30850        1.37660
C          1.47460       -2.13560        1.83410
C         -0.33960       -2.04590        0.14530
C         -1.20380        2.66640       -2.84870
C         -2.10500        3.45450       -3.70810
O         -1.55430        3.59160       -4.92780
O         -3.18070        3.94960       -3.44050
H         -3.17430        1.31470       -0.61340
H         -2.70580        2.93160       -0.03070
H         -3.59630        2.73010       -1.53730
H          0.51160        1.29850       -1.49120
H         -1.37440        1.06160        0.90160
H          2.54720        0.48510        0.59410
H          1.98460        2.74800        3.05660
H          1.55600        2.81070        1.34410
H          3.75550        1.73900        2.59520
H          0.76610        1.19070        4.40550
H         -0.98670       -2.35490        2.84050
H         -1.77990       -0.93580        2.14840
H          2.20960       -2.23880        1.02770
H          1.98700       -1.68560        2.69020
H          1.17840       -3.14920        2.12970
H          0.36430       -2.03780       -0.69420
H         -1.27800       -1.59680       -0.19630
H         -0.55730       -3.09390        0.38330
H         -0.22430        2.50750       -3.29210
H         -2.21430        4.12310       -5.41980

