HF BASIS=def2-svp cutoff=1.0e-9 denserms=1.0e-6  zmake GRADIENT DIPOLE CHARGE=0

C         -2.00710        0.87570        3.12630
O         -1.13160        0.12330        2.28240
C          0.17960        0.43540        2.56730
C          0.85530       -0.22380        3.61370
C          0.24090       -1.25120        4.46520
C         -0.38700       -2.32590        3.96390
C         -0.99050       -3.31980        4.88990
O         -0.71560       -3.33440        6.08470
C         -1.93490       -4.32490        4.32860
C         -2.67700       -4.09710        3.16180
C         -3.56620       -5.06980        2.69790
C         -3.72020       -6.25930        3.40140
O         -4.60580       -7.17330        2.91240
C         -3.00190       -6.49710        4.56760
C         -2.11130       -5.52620        5.03250
C          2.18900        0.11390        3.86730
C          2.84800        1.04200        3.06020
C          2.18340        1.65210        1.99370
C          0.84250        1.35610        1.73070
C          0.14420        1.98050        0.55430
O         -0.69780        3.03870        1.01570
C          1.18030        2.46770       -0.47230
S          0.31330        3.34250       -1.84850
C          0.75810        2.25530       -3.26760
C         -0.11750        1.01200       -3.48050
N         -0.19970        0.14950       -2.27100
C          0.70370       -0.76100       -2.16050
O          1.70320       -0.88710       -3.04350
C          0.69040       -1.75500       -1.02850
C          1.92780       -1.67920       -0.12770
C          3.05560       -2.65000       -0.49730
N          3.53150       -2.38820       -1.88300
C          2.62950       -4.11750       -0.32820
O          3.32330       -4.95400       -1.13700
O          1.80180       -4.55480        0.45340
C         -1.53880        1.41440       -3.84910
O         -2.43510        1.24270       -2.85290
N         -1.85840        1.85260       -5.01370
C         -3.27400        2.22220       -5.19040
C         -3.55750        3.59050       -4.59320
O         -4.86690        3.91880       -4.67860
O         -2.77060        4.38150       -4.09760
C          2.30230        3.28600        0.22520
C          1.86470        4.60270        0.88980
C          3.42250        3.61450       -0.78430
O          2.96040        2.48420        1.23480
H         -1.69440        1.92110        3.23940
H         -2.99990        0.86490        2.66860
H         -2.08590        0.40640        4.11180
H          0.33600       -1.10900        5.53970
H         -0.46370       -2.49070        2.89650
H         -2.60180       -3.16390        2.61060
H         -4.14680       -4.89470        1.79520
H         -4.62080       -7.94080        3.50820
H         -3.12230       -7.41830        5.12940
H         -1.55460       -5.70650        5.95080
H          2.73210       -0.35900        4.68340
H          3.89040        1.28300        3.25740
H         -0.50710        1.23650        0.08350
H         -0.99340        3.50900        0.21320
H          1.66450        1.57630       -0.88810
H          0.69650        2.89020       -4.15890
H          1.81000        1.96970       -3.16170
H          0.25520        0.44660       -4.34500
H          2.34640       -1.58620       -2.77950
H         -0.19450       -1.53530       -0.41670
H          0.54110       -2.75570       -1.44740
H          2.32400       -0.65730       -0.11570
H          1.61220       -1.90450        0.89870
H          3.89950       -2.50400        0.18830
H          4.02070       -3.24670       -2.17970
H          4.28530       -1.69390       -1.81870
H          2.96940       -5.84300       -0.91680
H         -1.96670        0.83650       -2.09580
H         -3.47450        2.27860       -6.26500
H         -3.95130        1.47750       -4.75640
H         -4.89690        4.80490       -4.26220
H          1.35290        5.27070        0.19110
H          2.73660        5.13880        1.28670
H          1.21740        4.43310        1.75460
H          3.78360        2.70270       -1.27310
H          3.09970        4.32020       -1.55560
H          4.29120        4.04710       -0.27320

