HF BASIS=def2-svp cutoff=1.0e-9 denserms=1.0e-6  zmake GRADIENT DIPOLE CHARGE=0

C          1.86760       -5.25690        1.62940
O          0.71200       -4.54460        1.20690
C          0.75820       -3.17440        1.24340
C         -0.40440       -2.50090        0.81530
C         -1.63300       -3.28630        0.39050
C         -1.73640       -3.41700       -1.10740
C         -2.76060       -3.07020       -1.91280
C         -4.06780       -2.47670       -1.46400
C         -2.66170       -3.27980       -3.40280
C         -0.40090       -1.08960        0.79520
O         -1.48610       -0.39780        0.32790
C          0.69980       -0.34220        1.23830
C          1.83450       -1.04180        1.67040
C          1.86710       -2.43840        1.66720
C          0.73630        1.17640        1.24990
C         -0.41290        1.83570        2.01410
O         -0.16330        3.23610        2.21040
C          0.18090        3.91090        1.06650
C          0.07200        5.29860        1.13710
C          0.40040        6.06280        0.02600
O          0.30150        7.42420        0.04810
C          0.83900        5.46560       -1.15180
C          0.96450        4.07530       -1.22570
O          1.38540        3.38830       -2.33580
C          1.69520        4.15010       -3.49570
C          0.64920        3.28660       -0.10090
C          0.78870        1.78340       -0.15600
H          1.65390       -6.32590        1.53390
H          2.72660       -5.03170        0.98880
H          2.09250       -5.05610        2.68200
H         -2.51310       -2.81250        0.83580
H         -1.62100       -4.29370        0.82310
H         -0.85040       -3.86260       -1.56310
H         -4.19850       -1.48250       -1.90390
H         -4.89960       -3.11000       -1.79050
H         -4.15020       -2.36970       -0.38090
H         -3.45040       -3.95850       -3.74350
H         -1.70020       -3.71170       -3.70020
H         -2.77260       -2.32490       -3.92710
H         -1.92660       -0.94590       -0.34430
H          2.71660       -0.50190        2.01040
H          2.77880       -2.91880        2.00650
H          1.66010        1.48770        1.76180
H         -0.51020        1.38940        3.01040
H         -1.38490        1.72880        1.51950
H         -0.27510        5.75670        2.05720
H         -0.01490        7.69500        0.92620
H          1.07610        6.11190       -1.98930
H          2.53450        4.82830       -3.31000
H          0.81660        4.69410       -3.85790
H          2.00030        3.45220       -4.28140
H          1.74310        1.50890       -0.62310
H         -0.01360        1.39290       -0.79300

