HF BASIS=def2-svp cutoff=1.0e-9 denserms=1.0e-6  zmake GRADIENT DIPOLE CHARGE=0

O         -3.20530        3.84190        2.01950
C         -2.93010        2.82290        1.15480
C         -1.71820        2.15490        1.26540
C         -1.43960        1.11610        0.37890
C         -2.37110        0.76450       -0.60000
C         -3.59310        1.43940       -0.71020
C         -3.86150        2.47170        0.17690
O         -5.03010        3.18010        0.12910
C         -2.03990       -0.33050       -1.52100
O         -2.80580       -0.69240       -2.40430
C         -0.73120       -0.97780       -1.33450
C          0.08260       -0.54450       -0.36080
O         -0.23130        0.48090        0.51860
C          1.40410       -1.15960       -0.12320
C          1.83430       -1.40990        1.18880
C          3.08290       -1.98920        1.44050
O          3.39310       -2.17430        2.76360
S          4.38360       -3.37360        3.24770
O          4.19950       -3.35100        4.84980
O          3.82110       -4.64210        2.83280
O          5.75620       -3.01420        2.96740
C          3.93160       -2.29410        0.37840
C          3.52160       -2.04000       -0.93080
C          2.26770       -1.47780       -1.18080
H         -4.09270        4.15990        1.75680
H         -1.00220        2.44320        2.02880
H         -4.30310        1.15210       -1.47990
H         -5.56510        2.83960       -0.61080
H         -0.49400       -1.79320       -2.00500
H          1.18750       -1.16160        2.02880
H          3.48940       -3.99110        5.06820
H          4.92350       -2.70940        0.53330
H          4.18720       -2.26940       -1.75940
H          1.98540       -1.27360       -2.21160

