HF BASIS=def2-svp cutoff=1.0e-9 denserms=1.0e-6  zmake GRADIENT DIPOLE CHARGE=0

C          3.56440       -1.84970       -0.64190
O          3.83980       -0.64350       -1.34440
C          2.80060        0.22160       -1.56660
C          1.53980        0.07910       -0.96030
C          0.47880        0.96390       -1.23430
C          0.68920        2.00340       -2.14590
C          1.93450        2.14890       -2.74090
O          2.09600        3.17440       -3.63770
C          3.00660        1.28950       -2.45310
O          4.15180        1.60560       -3.14660
C          5.38680        1.18440       -2.58300
C         -0.89240        0.77740       -0.60820
C         -1.72420       -0.20060       -1.43630
C         -3.12270       -0.26860       -0.84400
C         -3.06290       -0.39610        0.65200
C         -1.88720       -0.09840        1.35810
O         -0.73230        0.30850        0.73860
C         -1.85170       -0.24360        2.75260
O         -0.69250        0.00730        3.44470
C         -0.60950        1.39560        3.76940
C         -2.98740       -0.68860        3.43900
O         -3.02150       -0.82800        4.80260
C         -2.26040       -1.96490        5.21570
C         -4.17200       -0.93050        2.74700
C         -4.20860       -0.79220        1.35840
H          2.76680       -2.42310       -1.12770
H          4.47160       -2.46120       -0.66470
H          3.32750       -1.64760        0.40840
H          1.34950       -0.72620       -0.25550
H         -0.10530        2.70070       -2.39680
H          3.02100        3.08780       -3.94430
H          6.17860        1.78490       -3.04140
H          5.42990        1.36070       -1.50280
H          5.58910        0.13840       -2.83350
H         -1.38440        1.75980       -0.55730
H         -1.27000       -1.19940       -1.40260
H         -1.77940        0.10080       -2.48960
H         -3.67870        0.64300       -1.09540
H         -3.65700       -1.12080       -1.27870
H          0.20010        1.51800        4.49410
H         -1.53210        1.76640        4.22980
H         -0.36160        1.98880        2.88360
H         -2.50670       -2.85530        4.62270
H         -2.52030       -2.17440        6.25660
H         -1.18540       -1.76500        5.17410
H         -5.06250       -1.23810        3.28800
H         -5.13620       -1.00220        0.82800

