HF BASIS=def2-svp cutoff=1.0e-9 denserms=1.0e-6  zmake GRADIENT DIPOLE CHARGE=0

C         -3.06740       -0.28080        1.88320
C         -2.66300       -1.72030        1.62940
O         -1.23310       -1.84450        1.62080
C         -0.62270       -1.61220        0.42390
O         -1.19620       -1.28370       -0.60520
C          0.85820       -1.85120        0.55780
C          1.61320       -1.49670       -0.72300
O          2.93250       -2.05490       -0.63220
C          1.70120        0.01520       -1.01600
C          2.39360        0.80740        0.06220
C          1.87630        1.76950        0.84310
C          0.46690        2.28720        0.85930
C         -0.15830        2.12100        2.23640
H         -2.69880        0.37730        1.09020
H         -4.15580       -0.18760        1.93660
H         -2.63710        0.07860        2.82350
H         -3.03380       -2.35490        2.44100
H         -3.10030       -2.10130        0.69930
H          1.24520       -1.28710        1.41270
H          1.00550       -2.91520        0.78030
H          1.13260       -1.98700       -1.57850
H          3.39380       -1.84740       -1.46340
H          2.28580        0.15790       -1.93430
H          0.70510        0.41040       -1.22980
H          3.44590        0.55840        0.20520
H          2.54790        2.24300        1.56010
H         -0.16720        1.78680        0.12280
H          0.48210        3.35080        0.59540
H          0.40570        2.67070        2.99780
H         -1.18340        2.50480        2.23510
H         -0.18970        1.06690        2.53150

