HF BASIS=def2-svp cutoff=1.0e-9 denserms=1.0e-6  zmake GRADIENT DIPOLE CHARGE=0

C         -1.03960        0.92550        5.79170
C          0.03510        0.79610        4.70890
O         -0.52960        1.14090        3.43640
C         -0.27600        2.44880        2.93950
C         -0.01050        3.48470        4.01060
C          1.14780        3.07170        4.90640
O          0.94010        3.65710        6.20170
C          1.34630        1.54500        5.02180
O          1.89200        1.29970        6.32880
C          2.51640        0.02170        6.50170
O          1.51910       -0.99630        6.59740
C          2.03270       -2.28580        6.95010
C          0.84040       -3.23130        7.09770
O          1.26480       -4.55100        7.43900
C          2.86020       -2.27730        8.25230
O          3.48910       -3.53360        8.52700
C          3.96250       -1.22650        8.12380
O          4.75770       -1.21110        9.31900
C          3.32840        0.13170        7.81640
O          2.43610        0.53260        8.88320
O          0.83690        2.44040        2.03170
C          0.47660        1.95430        0.72990
C          1.09600        2.88460       -0.31420
C          0.81520        2.39460       -1.73240
C          1.26610        0.91950       -2.00200
C          2.82440        0.92130       -1.97940
C          0.77870        0.51860       -3.45730
C          1.47720       -0.70910       -4.07750
C          1.05260       -0.95120       -5.53270
C         -0.48200       -1.15050       -5.71380
C         -0.82150       -2.58250       -5.23810
C         -0.84950       -0.91310       -7.23160
C         -1.21920        0.58120       -7.35030
C         -1.08040        1.18660       -5.95350
C         -1.24560       -0.00670       -4.98820
O         -2.64580       -0.29370       -4.96280
C         -0.76130        0.35450       -3.55700
C         -1.29910       -0.60550       -2.48120
C         -0.85350       -0.22440       -1.07140
C          0.66740       -0.01760       -0.89760
O          1.25440       -1.32240       -0.98960
C          0.95250        0.51330        0.53250
C         -1.90030       -1.77020       -7.89400
C         -1.69740       -2.50640       -8.98060
C         -2.97700       -3.10590       -9.35790
O         -3.15990       -3.79990      -10.34100
O         -3.91520       -2.73630       -8.45980
C         -3.32480       -1.87340       -7.48040
H         -1.39450        1.95190        5.90130
H         -0.67910        0.58540        6.76560
H         -1.91730        0.33080        5.51690
H          0.26210       -0.27300        4.62740
H         -1.17650        2.77650        2.40750
H         -0.91150        3.64270        4.60960
H          0.22480        4.45620        3.56390
H          2.07950        3.51540        4.53740
H          1.49280        3.13300        6.81730
H          2.09580        1.27610        4.25990
H          3.17930       -0.18750        5.65690
H          2.66970       -2.64780        6.12870
H          0.15800       -2.86570        7.87460
H          0.27150       -3.27150        6.15870
H          0.48510       -5.12620        7.31480
H          2.21950       -2.05040        9.10950
H          2.80250       -4.21980        8.35190
H          4.64960       -1.49990        7.30900
H          4.88260       -2.15820        9.54360
H          4.08790        0.91820        7.73890
H          1.78230        1.14880        8.48310
H         -0.60920        2.00230        0.60940
H          2.17190        2.99290       -0.13700
H          0.68210        3.89530       -0.19460
H         -0.26070        2.50350       -1.89240
H          1.29610        3.06880       -2.45490
H          3.25360       -0.06580       -2.15500
H          3.23140        1.27260       -1.02880
H          3.20950        1.58810       -2.75120
H          1.05800        1.36630       -4.09510
H          1.29550       -1.60260       -3.47020
H          2.56140       -0.55910       -4.09800
H          1.59190       -1.83020       -5.91410
H          1.40560       -0.10710       -6.14370
H         -0.29720       -2.84800       -4.31320
H         -0.50770       -3.32230       -5.98630
H         -1.89300       -2.71320       -5.04120
H          0.07040       -1.06410       -7.81330
H         -2.23910        0.73950       -7.71290
H         -0.55510        1.09330       -8.05290
H         -1.84280        1.96120       -5.79500
H         -0.09980        1.66800       -5.86820
H         -3.09440        0.43330       -4.49360
H         -1.22510        1.32460       -3.33710
H         -1.04330       -1.65330       -2.68750
H         -2.40300       -0.56470       -2.48470
H         -1.42030        0.66920       -0.78460
H         -1.19250       -1.03160       -0.39790
H          2.17410       -1.26900       -0.70090
H          0.47530       -0.13630        1.28070
H          2.02350        0.44110        0.76720
H         -0.80880       -2.63720       -9.56300
H         -3.84860       -0.91780       -7.51700
H         -3.46730       -2.33500       -6.50510

