HF BASIS=def2-svp cutoff=1.0e-9 denserms=1.0e-6  zmake GRADIENT DIPOLE CHARGE=0

C         -1.34100        4.28150        1.71220
C         -0.03880        4.36570        0.93220
C          0.91710        3.23610        1.31580
C          2.22730        3.32490        0.52750
C          3.20790        2.21950        0.91090
O          2.62910        0.95240        0.58230
C          3.39650       -0.12380        0.86640
O          4.52230       -0.07400        1.35120
N          2.81530       -1.33720        0.56670
C          1.55790       -1.64030        0.07470
N          0.67610       -0.74390       -0.20390
C         -0.55130       -1.13500       -0.68330
O         -1.41180       -0.30190       -0.96350
N         -0.80000       -2.50380       -0.87420
C          0.15740       -3.45410       -0.56460
C          1.34330       -3.08650       -0.09170
F          2.32940       -3.93810        0.23510
C         -2.13360       -2.88090       -1.35690
O         -2.27350       -4.31600       -1.37770
C         -2.91670       -4.70460       -2.61080
C         -1.88830       -5.44430       -3.45630
C         -3.41770       -3.42840       -3.27460
O         -4.72720       -3.10490       -2.78520
C         -2.43260       -2.38360       -2.78660
O         -3.03400       -1.08990       -2.87220
H         -2.01020        5.09750        1.42190
H         -1.15890        4.35840        2.78890
H         -1.85470        3.33480        1.51720
H         -0.25900        4.31870       -0.14060
H          0.43390        5.33570        1.12460
H          0.43160        2.27100        1.12800
H          1.13220        3.28570        2.39020
H          2.00140        3.25030       -0.54330
H          2.69910        4.29880        0.70140
H          4.13890        2.35020        0.34750
H          3.42490        2.26090        1.98470
H          3.43400       -2.10720        0.78190
H         -0.07950       -4.50260       -0.70740
H         -2.86790       -2.47920       -0.64680
H         -3.74060       -5.38000       -2.35680
H         -1.01090       -4.82130       -3.65970
H         -2.31880       -5.76680       -4.40890
H         -1.52410       -6.32790       -2.92110
H         -3.48600       -3.48730       -4.36460
H         -4.80840       -2.13470       -2.90600
H         -1.52490       -2.39350       -3.40110
H         -2.52280       -0.49430       -2.27700

