HF BASIS=def2-svp cutoff=1.0e-9 denserms=1.0e-6  zmake GRADIENT DIPOLE CHARGE=0

C         -1.22870       -1.99320       -1.11680
C         -0.97510       -0.98880        0.01310
C          0.01970       -1.58360        1.01730
C         -0.54600        0.39130       -0.55160
N          0.78590        0.30730       -1.22110
C          1.14570        1.52770       -2.01460
C          0.12430        1.90560       -3.08450
C          2.47770        1.23440       -2.73370
O          2.72570       -0.10090       -2.80240
O          3.21440        2.07730       -3.22050
C         -0.53080        1.43400        0.57450
O         -1.76330        1.83140        0.94310
O          0.46200        1.88900        1.12190
H         -0.31100       -2.22560       -1.66720
H         -1.62440       -2.93270       -0.71580
H         -1.96310       -1.60100       -1.82820
H         -1.92600       -0.85440        0.54650
H          0.98270       -1.81430        0.55040
H         -0.37400       -2.51640        1.43620
H          0.19870       -0.90080        1.85350
H         -1.30260        0.70100       -1.28020
H          1.47380        0.26240       -0.45320
H          1.32680        2.36840       -1.33630
H         -0.14580        1.04040       -3.70060
H         -0.78900        2.31710       -2.64440
H          0.52860        2.66850       -3.75960
H          1.97040       -0.54860       -2.34970
H         -1.60740        2.48240        1.66020

