HF BASIS=def2-svp cutoff=1.0e-9 denserms=1.0e-6  zmake GRADIENT DIPOLE CHARGE=0

C          2.75140       -0.94660        4.88850
O          2.17460       -1.35920        3.65540
C          2.03100       -0.41840        2.67060
C          1.40910       -0.83000        1.47570
O          0.97050       -2.11460        1.23940
C          1.96910       -3.10980        1.46890
C          1.13960        0.10660        0.45780
O          0.51240       -0.31820       -0.68930
C         -0.92100       -0.30310       -0.53010
O         -1.43970        0.93090       -1.02430
C         -2.87260        1.01500       -0.97640
C         -3.28080        2.41540       -1.46690
O         -2.86420        2.68660       -2.80360
C         -3.51760       -0.10520       -1.81200
O         -3.22030        0.06030       -3.20910
C         -2.99090       -1.46520       -1.35750
O         -3.48130       -2.47770       -2.25180
C         -1.46230       -1.49580       -1.34070
O         -1.06250       -2.76120       -0.78260
C          1.57030        1.43200        0.56930
C          1.38670        2.43690       -0.47010
C          1.81740        3.68720       -0.27830
C          2.48980        4.10600        0.96140
O          2.87310        5.25960        1.11390
O          2.66400        3.13200        1.93610
C          2.21340        1.80810        1.74450
C          2.44010        0.91220        2.79280
H          2.77000       -1.81460        5.55460
H          3.78480       -0.61340        4.74780
H          2.14530       -0.17150        5.36880
H          2.98630       -2.73970        1.29610
H          1.86790       -3.52020        2.47760
H          1.78910       -3.92620        0.76260
H         -1.20250       -0.42080        0.52650
H         -3.18370        0.91590        0.07140
H         -2.82140        3.18040       -0.83280
H         -4.36770        2.53600       -1.41940
H         -2.85690        1.82660       -3.27760
H         -4.60930       -0.07280       -1.72310
H         -3.46740       -0.79640       -3.62000
H         -3.38100       -1.70550       -0.36090
H         -2.97880       -3.28570       -2.01730
H         -1.06820       -1.47430       -2.36400
H         -0.14980       -2.63670       -0.44670
H          0.89240        2.15600       -1.39530
H          1.68820        4.45440       -1.03210
H          2.93420        1.28660        3.68290

