HF BASIS=def2-svp cutoff=1.0e-9 denserms=1.0e-6  zmake GRADIENT DIPOLE CHARGE=0

C          0.06400       -1.58130        1.35390
C         -0.27700       -0.16870        1.74700
C          0.76490        0.81700        1.27120
C          1.86160        1.17320        2.06190
O          1.98380        0.62980        3.30930
C          2.82660        2.06130        1.59120
C          2.70330        2.60460        0.31020
C          1.61430        2.27310       -0.50430
C          0.66060        1.36640       -0.02010
C          1.54310        2.84120       -1.85740
C          0.39760        3.20390       -2.45520
C          0.33120        3.78140       -3.80410
O          1.52490        3.92020       -4.40020
O         -0.70160        4.11370       -4.35770
C         -0.53460       -2.36640        0.43460
C         -1.70280       -1.96060       -0.42280
C         -0.04610       -3.77300        0.19730
O          0.51840       -3.85560       -1.10240
H          0.90640       -1.98800        1.91540
H         -1.25950        0.14120        1.37670
H         -0.37270       -0.12190        2.83900
H          2.78510        0.98400        3.72850
H          3.68080        2.33930        2.20080
H          3.46560        3.29530       -0.04420
H         -0.17180        1.06240       -0.65170
H          2.49720        2.97890       -2.36180
H         -0.56620        3.10350       -1.96910
H          1.30460        4.30660       -5.27300
H         -1.44110       -2.03580       -1.48340
H         -2.55590       -2.61990       -0.23130
H         -2.03640       -0.93570       -0.24900
H         -0.87220       -4.48770        0.26850
H          0.71800       -4.07800        0.92000
H          1.13990       -3.11090       -1.17820

