HF BASIS=def2-svp cutoff=1.0e-9 denserms=1.0e-6  zmake GRADIENT DIPOLE CHARGE=0

C         -3.52120        0.67500        2.25380
C         -2.77100       -0.52500        1.69470
N         -1.54500       -0.80030        2.48440
C         -2.39190       -0.30290        0.21610
O         -3.05700        0.32750       -0.60110
N         -1.24510       -0.96090       -0.16240
C         -0.45490       -0.53910       -1.32210
C          1.03430       -0.88600       -1.13830
C          1.66460       -0.41150        0.18190
C          1.47330        1.08240        0.46560
C          1.97310        1.50730        1.84760
N          1.14920        0.93700        2.91510
C         -0.98840       -1.11270       -2.65290
O         -2.33780       -1.08440       -2.77180
O         -0.27600       -1.46840       -3.58330
H         -4.44560        0.85120        1.69310
H         -3.79180        0.51800        3.30340
H         -2.91930        1.58860        2.18770
H         -3.41110       -1.41360        1.73150
H         -1.81850       -0.95030        3.45720
H         -0.96660        0.05280        2.51590
H         -0.76120       -1.35920        0.64220
H         -0.55790        0.54880       -1.42190
H          1.60600       -0.45840       -1.97220
H          1.16700       -1.97400       -1.20500
H          2.73940       -0.63120        0.14940
H          1.26560       -1.01420        1.00370
H          2.01020        1.65820       -0.29810
H          0.41830        1.36540        0.38550
H          3.01940        1.21500        1.98820
H          1.92400        2.59920        1.92010
H          1.35460       -0.06060        2.99540
H          1.45460        1.33870        3.80370
H         -2.76450       -0.61260       -2.01730

