HF BASIS=def2-svp cutoff=1.0e-9 denserms=1.0e-6  zmake GRADIENT DIPOLE CHARGE=0

C         -2.48150        3.71270       -3.62200
C         -2.43960        2.27550       -4.15010
C         -3.85390        1.70520       -4.28930
C         -1.56640        1.38500       -3.28180
C         -0.45020        0.73360       -3.79950
O         -0.11060        0.87840       -5.11860
C          0.35560       -0.07850       -2.99730
O          1.42720       -0.66120       -3.63980
C          0.07260       -0.26070       -1.63240
C         -1.07790        0.34360       -1.08920
C         -1.55550        0.17300        0.33760
C         -1.35430       -1.23150        0.90910
C          0.05010       -1.46310        1.50710
C          1.16470       -0.80200        0.66630
C          2.57800       -1.10540        1.18680
C          2.81580       -2.57020        1.52200
C          1.75170       -3.09440        2.47560
C          0.31430       -2.95670        1.91880
C          0.11440       -3.96040        0.76400
C         -0.65750       -3.37260        3.04910
C          1.04090       -1.06530       -0.82860
O          1.76610       -1.86260       -1.42610
C         -1.86440        1.17410       -1.92370
H         -1.47030        4.12400       -3.52740
H         -3.04260        4.35730       -4.30730
H         -2.96190        3.77700       -2.63980
H         -2.01800        2.32700       -5.16120
H         -4.38310        1.68060       -3.33060
H         -4.44750        2.31340       -4.98040
H         -3.82620        0.68260       -4.68190
H          0.69530        0.33200       -5.22530
H          1.82660       -1.30910       -3.01300
H         -2.63700        0.36430        0.36210
H         -1.09790        0.93780        0.97580
H         -2.09110       -1.37270        1.70950
H         -1.59190       -1.97090        0.13740
H          0.05950       -0.89690        2.45290
H          1.07740        0.28960        0.76920
H          3.33430       -0.77070        0.46620
H          2.74250       -0.51550        2.09860
H          2.84460       -3.17370        0.60900
H          3.80200       -2.67540        1.98960
H          1.83200       -2.54580        3.42400
H          1.97020       -4.14380        2.71170
H         -0.93050       -4.01080        0.44200
H          0.39190       -4.97360        1.07920
H          0.71970       -3.72270       -0.11130
H         -0.42080       -4.37610        3.42210
H         -1.69680       -3.39320        2.70550
H         -0.59760       -2.68300        3.89850
H         -2.74450        1.66070       -1.50220

