HF BASIS=def2-svp cutoff=1.0e-9 denserms=1.0e-6  zmake GRADIENT DIPOLE CHARGE=0

C          3.25730        3.03610        7.37580
C          2.10110        2.25550        6.80740
C          1.99050        0.84180        7.30980
C          1.27240        2.81700        5.90690
C          0.07330        2.19480        5.24800
C          0.35310        1.41260        3.94710
C          0.93090        2.22120        2.73560
C         -0.01030        3.40680        2.45180
O          2.20980        2.70860        3.19440
C          2.93380        3.61710        2.36550
O          3.85000        2.89210        1.55100
C          4.69230        3.71610        0.72450
C          3.91030        4.45140       -0.38120
O          3.01530        3.53950       -1.02080
C          3.17190        3.45980       -2.44060
O          1.94170        2.91700       -2.92690
C          1.92420        2.79010       -4.35930
C          0.50360        2.36590       -4.76820
O          0.25010        1.00380       -4.41520
C          3.00870        1.78720       -4.81150
O          2.81050        0.47580       -4.26830
C          4.37740        2.28450       -4.34010
O          4.73470        3.48420       -5.04410
C          4.37420        2.55790       -2.82810
O          5.63200        3.18350       -2.50370
C          5.53390        4.66210        1.59680
O          6.30320        5.57090        0.80850
C          4.64100        5.45980        2.55410
O          5.47840        6.20060        3.46370
C          3.70980        4.53510        3.33400
O          4.51930        3.75840        4.24790
C          1.13970        1.32850        1.46200
C          2.12780        0.14910        1.70480
C          1.41740       -1.12310        1.21240
C          0.45850       -0.62160        0.11240
C          1.35630       -0.28180       -1.11990
C         -0.10270        0.63780        0.84020
C         -1.07970        1.42890       -0.03160
O         -0.51980        1.99420       -1.20690
C         -2.24160        0.50730       -0.45670
C         -1.76890       -0.78660       -1.19380
C         -2.95030       -1.61070       -1.89020
C         -3.38330       -0.73910       -3.11880
C         -4.18590       -1.71680       -0.95960
C         -5.26800       -2.68560       -1.41870
C         -4.71880       -4.08650       -1.69240
O         -4.12950       -4.66020       -0.52480
C         -5.03040       -5.04870        0.51260
O         -5.27980       -3.95090        1.40800
C         -4.49590       -4.01780        2.60360
C         -4.61070       -2.68220        3.35150
O         -3.74310       -2.62730        4.48440
C         -4.99020       -5.22250        3.43370
O         -6.29750       -4.98150        3.99000
C         -5.07960       -6.50770        2.57320
O         -6.44560       -6.91560        2.41370
C         -4.43970       -6.31820        1.19750
O         -3.01570       -6.22620        1.38960
C         -3.62820       -4.05680       -2.81190
C         -4.27820       -3.72530       -4.18200
C         -3.08260       -5.50080       -3.00560
C         -2.46340       -3.02200       -2.45350
C         -1.35440       -3.69910       -1.60440
C         -0.23810       -2.76650       -1.15530
C         -0.74530       -1.59350       -0.29800
C         -1.41570       -2.18930        0.97140
H          3.34340        4.03390        6.93340
H          3.13490        3.15800        8.45630
H          4.20170        2.51020        7.19040
H          1.18970        0.27900        6.82900
H          1.79880        0.84490        8.38690
H          2.92690        0.30360        7.12610
H          1.45970        3.84860        5.60420
H         -0.66010        2.98660        5.05570
H         -0.42510        1.52260        5.95980
H          1.02630        0.59230        4.20920
H         -0.59770        0.95350        3.65730
H          0.15650        3.82620        1.45490
H         -1.06200        3.10770        2.50850
H          0.14530        4.22400        3.16440
H          2.26450        4.21810        1.74370
H          5.37120        3.02020        0.21800
H          3.28160        5.24380        0.04120
H          4.59440        4.93960       -1.08370
H          3.28740        4.47450       -2.84190
H          2.10930        3.78260       -4.78750
H          0.36840        2.46360       -5.85260
H         -0.23990        2.99280       -4.25760
H         -0.69360        0.95470       -4.15700
H          2.99210        1.70400       -5.90640
H          1.84520        0.38910       -4.10190
H          5.15530        1.54300       -4.56470
H          5.47320        3.88140       -4.54580
H          4.30910        1.62120       -2.26250
H          6.29340        2.46870       -2.44180
H          6.24950        4.07050        2.18220
H          6.74820        6.15860        1.44910
H          4.05650        6.19890        1.99640
H          5.67210        5.57570        4.19630
H          3.02670        5.10700        3.96750
H          4.07790        2.88280        4.27930
H          1.59010        1.96630        0.69720
H          2.44860        0.03500        2.74300
H          3.04330        0.31280        1.12610
H          2.13020       -1.87290        0.85520
H          0.88520       -1.55550        2.06400
H          2.03400        0.55980       -0.94660
H          0.78320       -0.02480       -2.01110
H          1.99220       -1.13370       -1.38540
H         -0.69800        0.28990        1.68820
H         -1.50950        2.25850        0.53760
H          0.38880        2.30370       -1.03290
H         -2.90390        1.09090       -1.09880
H         -2.82570        0.24010        0.43230
H         -1.18920       -0.42440       -2.05180
H         -3.59710        0.29550       -2.84080
H         -2.59500       -0.71190       -3.87960
H         -4.29320       -1.09050       -3.59800
H         -4.65520       -0.72990       -0.85090
H         -3.89460       -1.99630        0.05130
H         -5.77960       -2.28850       -2.30140
H         -6.03960       -2.73200       -0.64290
H         -5.54340       -4.73180       -2.02290
H         -6.00280       -5.31910        0.08400
H         -3.43820       -4.13690        2.34570
H         -4.34820       -1.85250        2.68390
H         -5.63610       -2.49190        3.68680
H         -2.84470       -2.83480        4.19030
H         -4.30680       -5.38360        4.27330
H         -6.82460       -4.60700        3.25600
H         -4.56620       -7.31850        3.10430
H         -6.85520       -6.76540        3.29120
H         -4.62510       -7.18640        0.55050
H         -2.60250       -6.65070        0.60450
H         -3.51330       -3.58050       -4.95010
H         -4.91920       -2.84630       -4.17540
H         -4.92830       -4.54390       -4.51710
H         -3.88550       -6.19000       -3.29800
H         -2.64190       -5.92030       -2.09380
H         -2.32240       -5.53140       -3.79520
H         -1.95150       -2.80700       -3.40460
H         -0.87000       -4.47650       -2.20780
H         -1.77300       -4.21980       -0.74000
H          0.50670       -3.34640       -0.59480
H          0.26490       -2.40700       -2.06000
H         -2.24040       -2.85860        0.73960
H         -0.70870       -2.80170        1.53980
H         -1.82040       -1.43050        1.64240

