HF BASIS=def2-svp cutoff=1.0e-9 denserms=1.0e-6  zmake GRADIENT DIPOLE CHARGE=0

C         -1.36460        4.18200        0.72020
O         -2.05260        2.97820        1.04130
C         -1.28240        1.85510        1.19190
C         -1.98830        0.68670        1.48440
O         -3.35140        0.71500        1.60380
C         -1.34200       -0.53150        1.66290
C          0.05580       -0.62150        1.54260
C          0.76560        0.55770        1.26610
C          0.10380        1.78330        1.08770
C          0.71680       -1.98460        1.74440
O          0.01590       -2.98000        0.95530
C          0.34880       -2.97300       -0.37820
C          1.54520       -2.46310       -0.88770
C          1.79250       -2.48460       -2.26780
O          2.94240       -1.99350       -2.82480
C          0.85570       -3.03200       -3.14230
C         -0.32230       -3.55670       -2.62740
O         -1.24020       -4.09960       -3.47940
C         -0.57550       -3.53040       -1.25840
O         -1.75860       -4.05500       -0.80950
C          2.54140       -1.94410        0.06310
O          3.58370       -1.42550       -0.33460
C          2.23150       -2.14590        1.53330
O          3.00730       -1.30820        2.37950
H         -0.67770        4.46930        1.52310
H         -2.11070        4.97620        0.62040
H         -0.84100        4.09430       -0.23750
H         -3.59750        1.64680        1.44090
H         -1.93940       -1.41000        1.89450
H          1.85080        0.56250        1.19050
H          0.70830        2.65890        0.87430
H          0.52240       -2.23990        2.79540
H          3.50510       -1.62060       -2.11070
H          1.04440       -3.05350       -4.21150
H         -1.98110       -4.38430       -2.90710
H         -1.77180       -3.90100        0.15570
H          2.51930       -3.18050        1.76160
H          3.90270       -1.27520        1.98820

