HF BASIS=def2-svp cutoff=1.0e-9 denserms=1.0e-6  zmake GRADIENT DIPOLE CHARGE=0

O         -1.10210       -3.60560        0.37460
C         -0.23030       -2.50280        0.06480
C          0.72450       -2.25390        1.22700
C          0.04300       -1.50640        2.33870
C          0.60560       -1.46280        3.62080
O          1.79100       -2.10840        3.83830
C         -0.01830       -0.77870        4.66150
C         -1.21660       -0.12100        4.41540
O         -1.80290        0.53860        5.45500
C         -1.78920       -0.13320        3.14880
C         -1.15060       -0.81580        2.10990
O         -1.77810       -0.74910        0.89530
C         -1.06010       -1.24300       -0.25310
C         -0.27870       -0.15510       -0.98690
C         -0.02830        1.10580       -0.42430
C          0.67890        2.08060       -1.13450
O          0.89210        3.26950       -0.48870
S          0.43470        4.67720       -1.17630
O          1.74110        5.10580       -2.02240
O         -0.62530        4.44110       -2.13480
O          0.27200        5.65370       -0.12020
C          1.17840        1.79590       -2.40510
O          1.91930        2.73300       -3.07670
C          0.93410        0.55490       -2.98660
C          0.20460       -0.40910       -2.28370
H         -1.63050       -3.34390        1.15220
H          0.34680       -2.82820       -0.80750
H          1.09400       -3.21690        1.59910
H          1.58100       -1.65880        0.88780
H          2.04990       -1.98090        4.76660
H          0.40980       -0.74600        5.65820
H         -2.62010        0.95910        5.13840
H         -2.71990        0.38910        2.94790
H         -1.86180       -1.54700       -0.94020
H         -0.39210        1.35300        0.57080
H          1.97780        4.32800       -2.57810
H          2.19610        2.33220       -3.92450
H          1.29600        0.31380       -3.98190
H          0.01150       -1.36850       -2.76230

