HF BASIS=def2-svp cutoff=1.0e-9 denserms=1.0e-6  zmake GRADIENT DIPOLE CHARGE=0

C         -0.55050        3.88410       -0.18180
C          0.00150        2.75410        0.64800
C          1.02790        1.91570       -0.06370
C         -0.43340        2.55540        1.90850
C         -0.00700        1.49590        2.88990
C         -1.09800        0.49040        3.14750
C         -2.00730        0.60900        4.21220
O         -1.88030        1.67270        5.06320
C         -3.04080       -0.32750        4.42460
C         -3.19940       -1.41430        3.56220
C         -2.30790       -1.51710        2.51460
C         -1.28290       -0.59540        2.30540
O         -0.51900       -0.89210        1.19750
C         -1.06270       -2.04740        0.65170
C         -0.64070       -2.66720       -0.45830
C          0.48430       -2.21690       -1.28580
C          0.31970       -2.15850       -2.67800
C          1.38120       -1.74630       -3.47770
O          1.27050       -1.66010       -4.83870
C          2.60390       -1.40490       -2.90670
O          3.63850       -1.00070       -3.70020
C          2.78930       -1.47340       -1.53530
C          1.72880       -1.88550       -0.72440
C         -2.22400       -2.51250        1.45310
O         -2.93850       -3.47520        1.27900
H         -1.02710        3.49220       -1.08630
H          0.25430        4.56460       -0.47870
H         -1.29920        4.47170        0.35990
H          1.43990        1.11390        0.55120
H          0.58390        1.45310       -0.95160
H          1.86710        2.54170       -0.38490
H         -1.18520        3.23620        2.30930
H          0.89870        0.97040        2.57140
H          0.28300        1.98830        3.82650
H         -2.57870        1.63000        5.73710
H         -3.73010       -0.21450        5.25740
H         -3.98920       -2.14480        3.70110
H         -1.16920       -3.55140       -0.80880
H         -0.63530       -2.42380       -3.12150
H          0.36780       -1.92400       -5.08710
H          3.27810       -1.03620       -4.60870
H          3.74880       -1.21190       -1.10000
H          1.88590       -1.94600        0.35030

