HF BASIS=def2-svp cutoff=1.0e-9 denserms=1.0e-6  zmake GRADIENT DIPOLE CHARGE=0

C         -1.80230       -0.82200        2.26650
C         -0.32220       -0.81210        2.63350
O          0.09150       -2.16000        2.88700
C          0.58150       -0.12900        1.58080
N          0.28590       -0.50680        0.19490
C          0.46610       -1.75870       -0.32980
O          0.80220       -2.72090        0.35400
C          0.26110       -1.84420       -1.85700
N         -0.67590       -0.77010       -2.29080
C          1.60850       -1.66300       -2.54500
C          2.43870       -2.89730       -2.34680
O          3.59780       -2.65230       -1.71080
O          2.14370       -4.02360       -2.70950
C          0.49790        1.39100        1.74640
O          0.20360        2.04790        0.59910
O          0.67270        2.02420        2.77500
H         -2.38890       -1.25260        3.08570
H         -1.99580       -1.45050        1.39090
H         -2.17500        0.18740        2.06930
H         -0.21620       -0.29300        3.59310
H          0.31130       -2.57590        2.02390
H          1.62720       -0.41350        1.75130
H          0.04820        0.23560       -0.46530
H         -0.19710       -2.81320       -2.08490
H         -1.58600       -0.95480       -1.86190
H         -0.83200       -0.86290       -3.29620
H          2.14490       -0.78890       -2.15600
H          1.49850       -1.52040       -3.62650
H          4.00690       -3.53680       -1.59940
H          0.20380        2.99330        0.86330

