HF BASIS=def2-svp cutoff=1.0e-9 denserms=1.0e-6  zmake GRADIENT DIPOLE CHARGE=0

C         -0.96120       -0.78840        2.95410
C         -2.20180       -0.11000        2.46800
C         -2.29060        0.99470        1.70170
C         -3.60600        1.63690        1.37090
C         -1.11710        1.70210        1.12220
O         -1.03170        2.91770        1.05940
O         -0.24650        0.81230        0.58140
C          0.90770        1.36670       -0.10640
C          0.45320        1.85690       -1.50710
C          1.52780        2.09840       -2.53520
C          2.57920        3.10160       -2.19570
O          2.66360        3.61640       -1.08800
C          1.63090        1.51980       -3.74720
C          0.70700        0.50130       -4.36770
C          0.61320       -0.87040       -3.67810
C          1.93410       -1.43870       -3.20080
C          2.84080       -1.95350       -4.28980
C          2.31020       -1.51100       -1.90710
C          1.53250       -1.06540       -0.69160
O          1.73540       -2.06440        0.32240
C          2.25930       -1.53280        1.45190
O          2.49030       -2.14440        2.47890
C          2.50320       -0.09900        1.21850
C          3.09980        0.68070        2.12960
C          2.01390        0.28080       -0.13940
H         -0.74170       -1.66290        2.33440
H         -0.09550       -0.12220        2.96580
H         -1.11210       -1.13240        3.98310
H         -3.12450       -0.56390        2.82750
H         -3.65850        2.64790        1.78950
H         -3.73600        1.70250        0.28460
H         -4.45450        1.06890        1.76970
H          1.27840        2.22100        0.47390
H         -0.30410        1.16720       -1.89360
H         -0.10020        2.79710       -1.37980
H          3.29870        3.34340       -2.99600
H          2.46130        1.79320       -4.39920
H          1.04510        0.34200       -5.40030
H         -0.29730        0.93270       -4.45910
H          0.15810       -1.58490       -4.37830
H         -0.10930       -0.80560       -2.86090
H          3.10110       -1.15020       -4.98620
H          2.34460       -2.75330       -4.84900
H          3.77660       -2.35940       -3.89170
H          3.28540       -1.94160       -1.67850
H          0.45940       -1.07090       -0.89660
H          3.28410        1.73410        1.94100
H          3.41920        0.28180        3.08940
H          2.87370        0.65430       -0.70890

