HF BASIS=def2-svp cutoff=1.0e-9 denserms=1.0e-6  zmake GRADIENT DIPOLE CHARGE=0

C          0.08560       -2.54070        3.18660
C         -0.26910       -2.26730        1.71950
C         -1.41870       -3.20990        1.33550
C          0.90810       -2.34430        0.71570
C          0.90080       -0.77760        0.49840
C         -0.40040       -0.73750        1.39400
C         -1.57060       -0.30190        0.50840
C         -1.11350       -0.59950       -0.91400
C          0.39000       -0.26150       -0.90850
C          1.09370       -0.94910       -2.08760
C          0.52170        1.27740       -1.06060
C          1.88500        1.81710       -0.67980
C          2.18860        1.42620        0.75630
C          2.23390       -0.09640        0.94450
C          2.63370       -0.36320        2.39700
O          3.30340       -0.59140        0.12640
H         -0.78960       -2.38750        3.82850
H          0.42290       -3.57460        3.31950
H          0.87110       -1.89060        3.56700
H         -1.14210       -4.25350        1.52550
H         -2.31550       -2.99030        1.92520
H         -1.68970       -3.14620        0.28000
H          0.68680       -2.93890       -0.17680
H          1.82160       -2.77680        1.13700
H         -0.33050       -0.09350        2.27870
H         -1.75710        0.76970        0.63770
H         -2.50680       -0.80980        0.75650
H         -1.68020       -0.01700       -1.64870
H         -1.27080       -1.65390       -1.15950
H          0.95630       -2.03380       -2.08110
H          2.17020       -0.76060       -2.09460
H          0.69250       -0.58770       -3.04170
H          0.29240        1.57240       -2.09290
H         -0.21560        1.79930       -0.43970
H          1.88260        2.90980       -0.76770
H          2.65860        1.44980       -1.36260
H          1.43840        1.86930        1.42370
H          3.15880        1.86630        1.02080
H          3.58850        0.12560        2.62870
H          1.88980        0.01600        3.10300
H          2.80670       -1.42590        2.58750
H          3.43390       -1.53300        0.32640

