HF BASIS=def2-svp cutoff=1.0e-9 denserms=1.0e-6  zmake GRADIENT DIPOLE CHARGE=0

C          4.45920        0.02720        0.82800
C          3.56980        1.15660        0.33280
C          2.23300        0.62870       -0.18870
C          1.34020        1.77100       -0.68200
C          0.02300        1.28510       -1.30050
C         -0.87490        0.50650       -0.35590
C         -1.45560        1.28390        0.80610
O         -2.24670        2.35410        0.27670
C         -2.74630        3.18260        1.22350
O         -2.57140        3.10670        2.42870
C         -1.11040       -0.80150       -0.58760
C         -1.95310       -1.66260        0.24230
C         -3.33500       -1.71110        0.03250
C         -4.13710       -2.52630        0.83300
C         -3.56120       -3.29380        1.84500
C         -2.18370       -3.24760        2.05820
C         -1.37970       -2.43320        1.25860
H          5.40950        0.42660        1.19590
H          4.67750       -0.68190        0.02310
H          3.98050       -0.51890        1.64710
H          4.09110        1.70200       -0.46240
H          3.39670        1.86380        1.15230
H          1.72840        0.07600        0.61220
H          2.41210       -0.07770       -1.00840
H          1.13810        2.46590        0.14170
H          1.88180        2.34600       -1.44380
H          0.26020        0.68040       -2.18590
H         -0.52990        2.15250       -1.68220
H         -0.64150        1.68520        1.42110
H         -2.08910        0.66390        1.44840
H         -3.34960        3.96230        0.73340
H         -0.65960       -1.30620       -1.43950
H         -3.79260       -1.11280       -0.75170
H         -5.21080       -2.56090        0.66840
H         -4.18650       -3.92710        2.46910
H         -1.73570       -3.84410        2.84850
H         -0.30740       -2.40090        1.43510

