HF BASIS=def2-svp cutoff=1.0e-9 denserms=1.0e-6  zmake GRADIENT DIPOLE CHARGE=0

C         -0.67940        1.19300        2.66830
C         -1.18150        1.97040        1.45380
C         -0.08450        2.88450        0.91740
N         -1.53340        0.99330        0.42430
C         -2.51010        1.22110       -0.38030
N         -3.27110        2.34550       -0.42430
N         -2.85240        0.28570       -1.31540
C         -2.13970       -0.77690       -1.53220
N         -2.60810       -1.66130       -2.45660
N         -1.01120       -1.17990       -0.87640
C          0.16390       -1.76040       -1.39770
C          0.38780       -1.98670       -2.76100
C          1.56080       -2.60750       -3.20620
C          2.51950       -3.01950       -2.28580
Cl          3.96010       -3.78400       -2.83200
C          2.31540       -2.81650       -0.92510
C          1.14220       -2.19440       -0.48720
H          0.18510        0.56930        2.41390
H         -0.38590        1.87310        3.47450
H         -1.46220        0.52910        3.05110
H         -2.04210        2.56900        1.77430
H          0.79600        2.30970        0.60850
H         -0.43170        3.44510        0.04340
H          0.22890        3.60600        1.67890
H         -3.77420        2.39070       -1.30240
H         -2.76110        3.19430       -0.23100
H         -2.45980       -2.62280       -2.17410
H         -3.57800       -1.47150       -2.68000
H         -0.79750       -0.53130       -0.11140
H         -0.33440       -1.65940       -3.50450
H          1.71520       -2.76100       -4.27070
H          3.05700       -3.14020       -0.20020
H          0.98910       -2.05290        0.58090

