HF BASIS=def2-svp cutoff=1.0e-9 denserms=1.0e-6  zmake GRADIENT DIPOLE CHARGE=0

C         -0.51450       -4.29010        3.52540
C          0.88670       -3.86760        3.07810
C          1.90370       -4.94300        3.46210
C          0.94200       -3.60810        1.56470
N          0.11560       -2.48750        1.16120
C          0.55780       -1.19150        1.27070
O          1.67200       -0.87270        1.66400
C         -0.46790       -0.19730        0.86510
C         -0.19750        1.11400        0.95240
C         -1.14530        2.13530        0.56810
C         -0.95560        3.46250        0.63850
C          0.24880        4.20930        1.15360
C          1.09030        4.83210        0.03540
C          0.39770        5.94310       -0.63670
C         -0.16600        6.84930       -1.18630
C         -0.89130        8.01100       -1.89010
C         -1.45630        8.91640       -2.43850
H         -0.83850       -5.20060        3.00980
H         -1.24900       -3.50450        3.32130
H         -0.53420       -4.48710        4.60270
H          1.14910       -2.94590        3.61260
H          2.91780       -4.63530        3.18580
H          1.68820       -5.89210        2.95950
H          1.89250       -5.12130        4.54260
H          0.59430       -4.48370        1.00530
H          1.97350       -3.40210        1.25540
H         -0.83890       -2.67550        0.88930
H         -1.41970       -0.56020        0.50130
H          0.77670        1.42740        1.32080
H         -2.09930        1.78770        0.17180
H         -1.77040        4.09990        0.29350
H         -0.10160        4.98940        1.84180
H          0.89090        3.55380        1.75080
H          1.36990        4.06730       -0.69900
H          2.02410        5.21060        0.46850
H         -1.95680        9.72030       -2.92550

