HF BASIS=def2-svp cutoff=1.0e-9 denserms=1.0e-6  zmake GRADIENT DIPOLE CHARGE=0

C         -0.26390        4.00700       -0.86310
C          0.00490        3.86000        0.62610
C          0.98260        2.71890        0.90780
C          1.22350        2.55230        2.41050
C          2.22500        1.44840        2.73430
C          1.63060        0.06430        2.56970
O          0.95420       -0.45280        3.46670
C          1.83200       -0.64200        1.24170
C          2.28950       -2.08330        1.45140
C          2.19960       -2.92160        0.16640
C          2.97130       -4.24460        0.33480
O          4.30130       -4.12860       -0.13920
C          2.17150       -5.26190       -0.45370
C          0.74810       -4.87490       -0.09770
O         -0.16830       -5.54900       -0.92990
C          0.73470       -3.33280       -0.19610
C          0.34670       -2.74210       -1.56960
C         -1.08180       -2.96980       -1.98170
C         -2.13080       -2.14340       -1.84630
C         -2.16330       -0.78070       -1.21360
C         -3.25920       -0.66030       -0.14420
C         -2.95060       -1.42250        1.14680
C         -1.84400       -0.77090        1.93150
O         -1.32990       -1.60230        2.85890
O         -1.42430        0.36490        1.78360
H         -0.96100        4.83140       -1.04320
H         -0.70550        3.09310       -1.27370
H          0.66060        4.21830       -1.40980
H          0.40970        4.80160        1.01470
H         -0.94290        3.67520        1.14490
H          0.58090        1.79280        0.48460
H          1.93550        2.91760        0.40260
H          0.27140        2.35480        2.91760
H          1.60890        3.49740        2.81250
H          3.13600        1.53850        2.13350
H          2.53820        1.53630        3.78190
H          2.57760       -0.10580        0.64550
H          0.88540       -0.59560        0.69770
H          1.70450       -2.56720        2.24360
H          3.32710       -2.06330        1.80980
H          2.65390       -2.34290       -0.64920
H          3.01660       -4.54380        1.38910
H          4.27560       -4.03480       -1.10710
H          2.40880       -6.29110       -0.16390
H          2.35720       -5.19510       -1.53290
H          0.54470       -5.17370        0.93930
H         -1.06110       -5.33490       -0.60440
H          0.02370       -2.94660        0.54490
H          0.99410       -3.16100       -2.35080
H          0.55520       -1.66560       -1.56990
H         -1.25860       -3.91130       -2.50350
H         -3.08220       -2.47940       -2.26090
H         -2.37980       -0.05570       -2.00790
H         -1.19220       -0.50100       -0.79560
H         -3.41000        0.40240        0.08330
H         -4.21030       -1.02680       -0.55030
H         -2.67360       -2.45770        0.92330
H         -3.84080       -1.43230        1.78500
H         -0.58150       -1.10570        3.28610

