HF BASIS=def2-svp cutoff=1.0e-9 denserms=1.0e-6  zmake GRADIENT DIPOLE CHARGE=0

C         -5.02580       -2.53290        5.62780
C         -4.87190       -3.83930        4.82980
O         -3.70390       -3.81640        3.99390
C         -3.53590       -4.94830        3.25360
O         -4.30280       -5.90040        3.25240
C         -2.24010       -4.87130        2.48280
C         -2.21040       -5.88800        1.34310
C         -0.84150       -5.93540        0.66610
C         -0.86310       -6.84950       -0.56070
C          0.41280       -6.76120       -1.40130
C          1.65990       -7.26760       -0.67440
C          2.89800       -7.14010       -1.56460
C          4.15770       -7.61290       -0.83690
C          5.43540       -7.47350       -1.67140
C          5.74800       -6.05840       -2.17390
C          5.84330       -5.02440       -1.05030
C          6.22700       -3.62150       -1.53140
C          5.19400       -3.00630       -2.48080
C          5.42210       -1.51930       -2.75210
C          5.30740       -0.57000       -1.55180
C          3.90820       -0.46810       -0.92680
C          3.57710       -1.46600        0.20670
C          4.47400       -1.25170        1.43090
C          2.08660       -1.31230        0.58180
C          1.55730       -2.43130        1.46910
C         -3.80920       -2.22610        6.51270
O         -2.66670       -1.89600        5.70680
C         -1.58150       -1.47710        6.40650
O         -1.49490       -1.45860        7.62600
C         -0.47820       -1.04920        5.47320
C         -0.92790        0.08760        4.55630
C          0.26150        0.71440        3.82700
C         -0.12790        1.88280        2.91710
C         -0.90410        1.44980        1.67050
C         -1.17610        2.64130        0.74800
C         -1.85160        2.19260       -0.54810
C         -2.16340        3.37940       -1.46050
C         -2.65010        2.96090       -2.85280
C         -3.91820        2.08690       -2.88210
C         -5.12010        2.77870       -2.23790
C         -4.25140        1.70460       -4.32640
O         -5.21950       -1.39570        4.75480
C         -6.43110       -1.29300        4.15100
O         -7.36610       -2.06050        4.31950
C         -6.47920       -0.08370        3.24960
C         -5.33370       -0.04060        2.24050
C         -5.36430       -1.22410        1.26830
C         -4.22120       -1.13170        0.25700
C         -4.23890       -2.31100       -0.71590
C         -3.15420       -2.21780       -1.79350
C         -1.73820       -2.35480       -1.22860
C         -0.66640       -2.45280       -2.31670
C         -0.43650       -1.12480       -3.04280
C          0.67420       -1.25450       -4.08610
C          0.85260        0.00250       -4.93950
C          1.35800        1.21520       -4.15300
C          1.64100        2.38740       -5.09710
C          2.22540        3.61740       -4.39630
C          1.21540        4.33910       -3.50010
C          1.78140        5.59730       -2.82930
C          2.10060        6.72490       -3.81530
C          2.72260        7.95900       -3.15210
C          1.85560        8.67810       -2.11340
C          0.55620        9.24350       -2.69440
C         -0.29590       10.00630       -1.66100
C          0.38940       11.28080       -1.16270
C         -1.65500       10.36010       -2.27040
H         -5.89870       -2.62580        6.28730
H         -5.74810       -3.99890        4.19300
H         -4.78550       -4.67740        5.53320
H         -2.13220       -3.86130        2.06950
H         -1.42030       -5.05590        3.18600
H         -2.45910       -6.88850        1.71840
H         -2.98520       -5.62800        0.61090
H         -0.10100       -6.29470        1.38860
H         -0.53550       -4.92670        0.37080
H         -1.70840       -6.57210       -1.20310
H         -1.03150       -7.88690       -0.24750
H          0.26690       -7.35260       -2.31400
H          0.56500       -5.72310       -1.72120
H          1.51840       -8.31380       -0.38090
H          1.82280       -6.69060        0.24220
H          3.00380       -6.09190       -1.86390
H          2.76090       -7.72660       -2.48040
H          4.27010       -7.06800        0.10710
H          4.03840       -8.66920       -0.56510
H          6.28080       -7.83120       -1.07000
H          5.36920       -8.14190       -2.53860
H          4.98970       -5.76010       -2.90530
H          6.70170       -6.08820       -2.71570
H          6.59160       -5.35690       -0.32040
H          4.88990       -4.95470       -0.51520
H          7.20590       -3.65170       -2.02540
H          6.34390       -2.99440       -0.64200
H          5.24690       -3.52890       -3.44370
H          4.17680       -3.16860       -2.11120
H          4.70900       -1.19630       -3.52150
H          6.41980       -1.39420       -3.19180
H          5.55900        0.43020       -1.93060
H          6.07310       -0.79230       -0.80420
H          3.16050       -0.55600       -1.72560
H          3.79700        0.54800       -0.52220
H          3.72920       -2.48850       -0.14830
H          4.38210       -0.22990        1.81570
H          5.52660       -1.43130        1.19300
H          4.21820       -1.94260        2.24060
H          1.92640       -0.34760        1.07820
H          1.48040       -1.29910       -0.33150
H          1.71870       -3.41030        1.00450
H          0.47970       -2.30720        1.62630
H          2.03470       -2.43050        2.45330
H         -4.04570       -1.35730        7.14050
H         -3.57420       -3.08510        7.15130
H          0.36710       -0.72340        6.09140
H         -0.14400       -1.91830        4.89660
H         -1.65500       -0.29920        3.83360
H         -1.44480        0.85720        5.14290
H          0.78590       -0.05140        3.24460
H          0.97630        1.08770        4.57090
H          0.79350        2.38910        2.60150
H         -0.71380        2.61620        3.48440
H         -1.85720        0.99130        1.95680
H         -0.33010        0.68970        1.12710
H         -1.81260        3.36800        1.26660
H         -0.23330        3.14740        0.50890
H         -1.19830        1.48640       -1.07180
H         -2.77620        1.66070       -0.30140
H         -2.90120        4.03270       -0.98090
H         -1.25850        3.98620       -1.58600
H         -1.83660        2.42190       -3.35480
H         -2.82240        3.87080       -3.44120
H         -3.72490        1.15670       -2.33710
H         -6.01300        2.14750       -2.30830
H         -4.94720        2.97420       -1.17560
H         -5.34140        3.73100       -2.73050
H         -4.45070        2.59090       -4.93720
H         -3.42080        1.15690       -4.78430
H         -5.13580        1.06020       -4.36500
H         -6.46130        0.80850        3.88480
H         -7.43930       -0.08800        2.72270
H         -4.36890       -0.01920        2.76150
H         -5.40570        0.89540        1.67250
H         -6.32480       -1.24070        0.73990
H         -5.28080       -2.16770        1.81980
H         -4.30770       -0.19500       -0.30400
H         -3.26890       -1.10200        0.79750
H         -5.21580       -2.34880       -1.21440
H         -4.13020       -3.25140       -0.16260
H         -3.32760       -3.02020       -2.52150
H         -3.25930       -1.27100       -2.33340
H         -1.69450       -3.26390       -0.62080
H         -1.50420       -1.51640       -0.56280
H         -0.93830       -3.23380       -3.03690
H          0.27300       -2.77140       -1.84950
H         -0.16930       -0.35740       -2.30860
H         -1.35950       -0.79890       -3.53500
H          0.43740       -2.08940       -4.75700
H          1.62120       -1.50480       -3.59330
H          1.56720       -0.22980       -5.73860
H         -0.09710        0.25190       -5.42920
H          2.27490        0.94990       -3.61460
H          0.61340        1.51010       -3.40790
H          0.72450        2.66680       -5.63030
H          2.36090        2.06010       -5.85870
H          3.10470        3.32830       -3.80910
H          2.57580        4.29970       -5.17780
H          0.89000        3.65740       -2.70630
H          0.32190        4.60340       -4.07920
H          1.03790        5.94950       -2.10480
H          2.68130        5.33490       -2.26090
H          2.81920        6.36920       -4.56210
H          1.19670        7.00440       -4.36840
H          2.99270        8.67400       -3.93940
H          3.66350        7.66280       -2.67160
H          2.45950        9.49400       -1.70030
H          1.62990        8.00710       -1.27730
H         -0.04460        8.41740       -3.09330
H          0.78960        9.90290       -3.54000
H         -0.47410        9.35070       -0.79890
H          1.31090       11.05480       -0.61780
H         -0.26410       11.82750       -0.47490
H          0.63800       11.94820       -1.99440
H         -1.54030       10.99640       -3.15480
H         -2.28000       10.89380       -1.54740
H         -2.19350        9.45530       -2.57090

