HF BASIS=def2-svp cutoff=1.0e-9 denserms=1.0e-6  zmake GRADIENT DIPOLE CHARGE=0

C         -2.38910       -0.67870       -0.04790
N         -1.11470       -0.02860        0.24510
C          0.06480       -0.92310        0.36680
C          0.27920       -1.82200       -0.84380
C          0.31380       -1.29460       -2.14740
C          0.51260       -2.12970       -3.24930
C          0.68120       -3.49840       -3.05920
Cl          0.92300       -4.52780       -4.41600
C          0.65640       -4.03910       -1.77590
C          0.45800       -3.20550       -0.67190
S          1.67480       -0.17650        0.75420
O          2.20820        0.53780       -0.39140
O          2.48550       -1.13370        1.48510
C          1.14350        1.04290        1.91470
C          0.07360        1.90070        1.28880
C         -1.20470        1.14340        0.99440
O         -2.28190        1.61870        1.35260
H         -2.68560       -1.28080        0.81670
H         -2.30810       -1.31450       -0.93190
H         -3.16790        0.06520       -0.24330
H         -0.15130       -1.54580        1.24660
H          0.19450       -0.22440       -2.31390
H          0.54090       -1.70460       -4.24930
H          0.79710       -5.10690       -1.62770
H          0.45490       -3.64930        0.32250
H          2.01890        1.63890        2.18880
H          0.77730        0.52070        2.80420
H          0.41270        2.36410        0.35550
H         -0.17310        2.71400        1.98170

