HF BASIS=def2-svp cutoff=1.0e-9 denserms=1.0e-6  zmake GRADIENT DIPOLE CHARGE=0

C          1.51550        4.45600       -1.95280
C          1.00190        3.54470       -0.86830
C          1.66440        3.74010        0.46700
C          0.02800        2.65020       -1.13120
C         -0.59430        1.64490       -0.20370
O         -0.61430        0.39700       -0.89660
C         -1.17820       -0.67700       -0.23190
C         -1.18900       -1.90770       -0.91310
O         -0.62420       -1.93320       -2.21590
C         -0.58070       -3.08800       -2.97960
O         -0.09850       -3.12220       -4.10560
C         -1.15090       -4.30160       -2.37180
C         -1.68860       -4.30660       -1.14890
C         -1.72320       -3.07830       -0.36850
C         -2.28290       -3.05660        0.91550
C         -2.29510       -1.84510        1.63370
C         -1.74950       -0.70090        1.04880
O         -1.87010        0.34800        1.91760
C         -2.47980       -0.11210        3.03780
C         -2.76220       -1.45090        2.91680
H          1.35010        5.50300       -1.67850
H          2.58920        4.30000       -2.10110
H          1.01920        4.28190       -2.91330
H          1.21270        3.15130        1.26800
H          2.72270        3.46610        0.40520
H          1.59810        4.79100        0.76870
H         -0.38130        2.61370       -2.14070
H         -0.01950        1.54010        0.71940
H         -1.61830        1.97130        0.01010
H         -1.10780       -5.19600       -2.98130
H         -2.10190       -5.21570       -0.72580
H         -2.70430       -3.95370        1.36010
H         -2.64010        0.62020        3.81710
H         -3.24540       -2.06860        3.66040

