HF BASIS=def2-svp cutoff=1.0e-9 denserms=1.0e-6  zmake GRADIENT DIPOLE CHARGE=0

C         -3.44450        0.86340        0.94440
C         -2.24640        0.32490        0.25770
N         -1.86950        0.81040       -0.92820
N         -0.75300        0.11480       -1.27420
C         -0.41680       -0.81480       -0.28460
O          0.66620       -1.59460       -0.33530
C         -1.37690       -0.68530        0.69430
N         -1.51000       -1.36690        1.91150
N         -0.64470       -2.24750        2.10240
C         -0.86300       -2.86600        3.34500
C         -0.31510       -2.32310        4.51570
C         -0.50650       -2.95190        5.74850
C         -1.24200       -4.13820        5.80350
C         -1.79190       -4.69610        4.64610
C         -1.59340       -4.05950        3.41860
S         -1.51410       -4.93460        7.36250
O         -3.05980       -5.39560        7.31720
O         -1.45740       -3.92890        8.40140
O         -0.69350       -6.12260        7.39470
C         -0.12770        0.32590       -2.54310
C          0.58750       -0.73610       -3.13410
C          1.18300       -0.60580       -4.39590
Cl          2.01880       -1.98130       -5.01790
C          1.06760        0.59750       -5.08200
C          0.36980        1.66710       -4.51050
C         -0.22590        1.54070       -3.24600
Cl         -0.94000        2.99490       -2.63370
S          1.80190        0.79480       -6.67100
O          1.44020        2.29820       -7.13670
O          1.10980       -0.06870       -7.60050
O          3.23790        0.76890       -6.51170
H         -4.13920        0.05490        1.19280
H         -3.15710        1.36890        1.87160
H         -3.97870        1.58410        0.31670
H          0.66780       -2.10680        0.49940
H          0.26080       -1.40150        4.46340
H         -0.08070       -2.51570        6.65000
H         -2.36260       -5.62120        4.69170
H         -2.01110       -4.49170        2.51210
H         -3.48670       -5.06400        8.13600
H          0.66020       -1.70370       -2.64170
H          0.29550        2.61680       -5.03810
H          1.73380        2.40110       -8.06660

