HF BASIS=def2-svp cutoff=1.0e-9 denserms=1.0e-6  zmake GRADIENT DIPOLE CHARGE=0

C          1.94340       -0.98670       -0.94470
N          0.90100       -0.48030       -0.01010
C          1.10560        0.89870        0.43440
C          0.63330        2.00360       -0.47130
O          0.96600        3.16490       -0.25080
N         -0.16130        1.54960       -1.48890
C         -0.76000        2.26880       -2.51900
C         -0.64510        3.64440       -2.68060
C         -1.29100        4.25670       -3.75690
C         -2.02590        3.47370       -4.63150
O         -2.67990        4.00420       -5.69900
C         -2.08830        2.11110       -4.40140
N         -1.46980        1.49410       -3.36610
C          1.77300        1.18270        1.57990
O          2.07260        2.46260        2.00680
C          2.18360        0.14720        2.47660
C          1.71370       -1.14950        2.47720
C          2.25910       -1.98690        3.48050
C          3.15810       -1.27430        4.22980
Cl          4.07650       -1.86420        5.55560
S          3.33350        0.34030        3.74070
S          0.55450       -1.55690        1.28050
O          0.88130       -2.91090        0.89750
O         -0.70530       -1.18430        1.88080
H          1.59250       -1.89880       -1.43660
H          2.88360       -1.18590       -0.42130
H          2.13950       -0.25250       -1.73320
H         -0.38010        0.56000       -1.52020
H         -0.07310        4.25980       -1.99690
H         -1.20700        5.33050       -3.88770
H         -2.54710        4.96710       -5.70400
H         -2.65390        1.46070       -5.06190
H          1.75760        3.10580        1.33330
H          2.01120       -3.02970        3.63630

