HF BASIS=def2-svp cutoff=1.0e-9 denserms=1.0e-6  zmake GRADIENT DIPOLE CHARGE=0

O         -2.65250       -3.42830       -1.88520
C         -1.33750       -3.49410       -2.44280
C         -0.42770       -2.47030       -1.75380
O         -1.02950       -1.16990       -1.92590
C         -0.28920       -0.12420       -1.27690
O         -0.22870       -0.31480        0.13920
C         -1.16440        0.37370        0.86130
C         -2.52680        0.25880        0.55720
C         -3.49960        0.87900        1.35350
C         -4.96480        0.80820        1.00630
O         -5.26560       -0.42350        0.36860
C         -3.08100        1.61090        2.47200
C         -1.71930        1.71100        2.79330
C         -0.75430        1.10880        1.98500
C          0.68070        1.30120        2.30800
O          1.57270        0.98470        1.52570
C          1.06410        1.92760        3.58910
C          0.08710        2.48380        4.41190
C          0.44410        3.08620        5.62720
C          1.78240        3.13080        6.01910
C          2.76440        2.58160        5.19670
C          2.40680        1.98770        3.98740
O          3.43370        1.48170        3.23650
C         -1.32960        2.45490        4.00760
O         -2.17710        3.03340        4.67680
C          1.15250       -0.03870       -1.82840
O          1.17750        0.34450       -3.22030
C          1.84150       -1.40050       -1.71300
O          3.11020       -1.37360       -2.39340
C          0.98560       -2.50540       -2.34310
O          1.61300       -3.77040       -2.11560
H         -2.89030       -2.48230       -1.88260
H         -1.42940       -3.28160       -3.51320
H         -0.96690       -4.51630       -2.31650
H         -0.41240       -2.70870       -0.68250
H         -0.79440        0.81770       -1.52880
H         -2.84960       -0.34700       -0.28870
H         -5.57870        0.88170        1.90970
H         -5.22140        1.63030        0.32960
H         -6.23020       -0.45200        0.24910
H         -3.82080        2.09800        3.10820
H         -0.31790        3.52080        6.27220
H          2.06010        3.59500        6.96300
H          3.81010        2.61600        5.49490
H          3.05930        1.14140        2.39290
H          1.73850        0.71110       -1.28370
H          0.73540        1.21030       -3.29180
H          2.05150       -1.64290       -0.66520
H          2.96070       -0.82230       -3.19010
H          0.94700       -2.36100       -3.43060
H          2.56440       -3.62380       -2.29380

