HF BASIS=def2-svp cutoff=1.0e-9 denserms=1.0e-6  zmake GRADIENT DIPOLE CHARGE=0

C         -2.02700       -0.98650       -7.35230
C         -1.26430       -0.59300       -6.11500
C         -1.86030       -0.60280       -4.83450
N         -3.20680       -0.97460       -4.68680
C         -4.09600       -1.00220       -3.61540
N         -5.33470       -1.42200       -3.91240
C         -6.23080       -1.45030       -2.91070
C         -5.94420       -1.06890       -1.62350
C         -4.65210       -0.64840       -1.39330
N         -3.73300       -0.62420       -2.38250
C         -4.16720       -0.19650       -0.07970
C         -2.83890       -0.39930        0.30600
N         -2.29350       -0.00140        1.48370
C         -3.11340        0.63900        2.33960
C         -4.44640        0.89770        2.07150
C         -4.97400        0.47600        0.84980
C         -1.06280       -0.21820       -3.74280
C          0.27930        0.16780       -3.88320
N          0.97020        0.52150       -2.70330
C          2.29250        0.90770       -2.58150
O          3.11860        0.98780       -3.48300
C          2.73640        1.21580       -1.18960
C          1.87450        1.76630       -0.23370
C          2.33950        2.02000        1.05980
C          3.66800        1.73590        1.41550
C          4.16430        2.01400        2.82050
N          3.38120        1.32430        3.85840
C          3.76010        1.82010        5.19810
C          3.00380        1.08640        6.32710
N          3.19300       -0.37150        6.28550
C          2.83400       -0.86900        4.94710
C          3.58810       -0.14080        3.81190
C          4.53190        1.20990        0.44570
C          4.06960        0.95510       -0.84770
C          0.84190        0.17900       -5.15230
C          0.07760       -0.19990       -6.25790
H         -1.40250       -0.93260       -8.25130
H         -2.38340       -2.01840       -7.26590
H         -2.87630       -0.31170       -7.50090
H         -3.69800       -1.27670       -5.51390
H         -7.22130       -1.80180       -3.18490
H         -6.69520       -1.11710       -0.84780
H         -2.14310       -0.91890       -0.34980
H         -2.65770        0.95090        3.27500
H         -5.06040        1.42440        2.79420
H         -6.01430        0.70150        0.62790
H         -1.48960       -0.21780       -2.74680
H          0.44020        0.41840       -1.84780
H          0.84690        2.02410       -0.47440
H          1.65810        2.43560        1.80040
H          4.09330        3.10080        2.96230
H          5.22970        1.76140        2.90820
H          3.52400        2.88840        5.27120
H          4.84160        1.71030        5.35890
H          1.93300        1.31970        6.26490
H          3.35660        1.45760        7.29600
H          2.58390       -0.80750        6.97560
H          3.06450       -1.93890        4.89870
H          1.75180       -0.76620        4.79640
H          3.22470       -0.54460        2.85920
H          4.65850       -0.38020        3.88270
H          5.56940        0.98890        0.68760
H          4.75220        0.54510       -1.58950
H          1.87320        0.47260       -5.31730
H          0.54350       -0.18540       -7.24140

