HF BASIS=def2-svp cutoff=1.0e-9 denserms=1.0e-6  zmake GRADIENT DIPOLE CHARGE=0

C         -2.98400       -0.89010       -2.32490
O         -2.54690       -0.36600       -1.07950
C         -1.21270       -0.43770       -0.78910
C         -0.79180        0.23890        0.37820
O         -1.71410        0.94560        1.12520
C         -2.41460        0.06560        2.00530
C          0.56970        0.27680        0.78080
C          0.97810        1.05860        1.96240
C          1.92020        0.66530        2.83360
C          2.31020        1.44250        4.01760
O          1.65090        2.60180        4.15460
O          3.15610        1.08890        4.81960
C          1.52090       -0.39530        0.00350
C          1.08770       -1.07500       -1.11740
C         -0.23500       -1.10180       -1.51090
O         -0.39220       -1.83810       -2.64850
C          0.95800       -2.25350       -2.92210
O          1.90490       -1.77470       -1.95280
H         -2.88390       -1.97960       -2.34970
H         -4.04910       -0.65900       -2.42530
H         -2.46660       -0.41430       -3.16430
H         -3.03500        0.67950        2.66510
H         -3.07660       -0.60960        1.45420
H         -1.72350       -0.50960        2.63180
H          0.43750        1.99190        2.11170
H          2.45330       -0.27240        2.72610
H          2.02240        2.98970        4.97320
H          2.57780       -0.38210        0.24730
H          0.99220       -3.34890       -2.93700
H          1.24670       -1.88030       -3.91140

