HF BASIS=def2-svp cutoff=1.0e-9 denserms=1.0e-6  zmake GRADIENT DIPOLE CHARGE=0

C         -0.62610       -2.56540       -6.11850
O          0.49890       -1.83330       -5.64410
C          0.33700       -1.15420       -4.46470
C          1.45560       -0.42860       -4.04220
O          2.60090       -0.43660       -4.79360
C          1.45600        0.31730       -2.86630
C          0.30680        0.34930       -2.07890
O          0.16780        1.04760       -0.91030
C          1.23780        1.85590       -0.42420
O          0.66000        2.90540        0.38450
C         -0.09340        2.43140        1.51600
C          0.40440        1.10140        2.09910
O          0.14390        1.01450        3.50790
C          1.91200        1.02420        1.88320
O          2.44890       -0.15600        2.49740
C          2.24690        1.01040        0.38910
O          3.58350        1.51240        0.22360
C         -1.58030        2.33130        1.17790
O         -1.91180        3.03170        0.06620
O         -2.40050        1.72420        1.85220
C         -0.82800       -0.38910       -2.48280
C         -2.04900       -0.41630       -1.66630
C         -2.11900       -1.15740       -0.55050
C         -3.28190       -1.17260        0.34550
O         -4.31960       -0.45130       -0.10070
O         -3.31930       -1.78090        1.40060
C         -0.80930       -1.13250       -3.67510
H         -1.47350       -1.90110       -6.31740
H         -0.90160       -3.36150       -5.41890
H         -0.34280       -3.03640       -7.06470
H          2.39970       -1.00750       -5.56120
H          2.36720        0.84480       -2.60620
H          1.73320        2.38580       -1.24450
H         -0.02630        3.22190        2.27390
H         -0.07980        0.23090        1.64040
H         -0.82740        0.92700        3.60870
H          2.40810        1.86490        2.38500
H          2.02740       -0.19570        3.38130
H          2.26680       -0.01960        0.01400
H          4.14800        0.95490        0.79480
H         -1.09690        3.40330       -0.34100
H         -2.86800        0.21750       -1.99570
H         -1.28980       -1.77290       -0.21910
H         -4.95940       -0.47910        0.64010
H         -1.69960       -1.68670       -3.95520

