HF BASIS=def2-svp cutoff=1.0e-9 denserms=1.0e-6  zmake GRADIENT DIPOLE CHARGE=0

C          1.65300        3.98620       -0.67210
C          1.31900        3.55680        0.77820
C          0.19710        4.47400        1.31380
C          2.64710        3.75660        1.53130
C          2.89480        4.54980        2.58420
C          0.81950        2.09060        0.87750
C         -0.12170        1.53000       -0.01280
O         -0.63980        2.32110       -1.00610
C         -0.55330        0.19360        0.12290
C         -0.07550       -0.60270        1.15680
O         -0.44050       -1.90960        1.36400
C         -1.33860       -2.47370        0.49690
C         -1.73270       -3.80140        0.67290
O         -1.29970       -4.63810        1.66010
C         -1.92220       -5.83060        1.47280
C         -2.75260       -5.77730        0.37730
C         -2.63820       -4.46410       -0.15080
C         -3.20200       -3.76650       -1.23410
C         -2.82900       -2.43090       -1.44090
C         -1.91300       -1.80540       -0.58490
C         -1.52560       -0.40480       -0.80690
O         -1.99110        0.25190       -1.73240
C          0.82510       -0.05480        2.06210
O          1.31220       -0.78810        3.10870
C          1.25910        1.26370        1.93640
H          0.76060        4.15850       -1.28090
H          2.20620        4.93460       -0.68980
H          2.26810        3.23480       -1.18210
H          0.48510        5.53100        1.26860
H         -0.72490        4.37070        0.73000
H         -0.05630        4.23550        2.35400
H          3.48440        3.17470        1.14140
H          3.89060        4.59380        3.01590
H          2.13280        5.16760        3.04640
H         -1.26910        1.78950       -1.54420
H         -1.67490       -6.60310        2.18810
H         -3.36560       -6.58590        0.00480
H         -3.91280       -4.24790       -1.90040
H         -3.25890       -1.88010       -2.27650
H          0.91260       -1.67630        3.05230
H          1.94800        1.63610        2.69170

