HF BASIS=def2-svp cutoff=1.0e-9 denserms=1.0e-6  zmake GRADIENT DIPOLE CHARGE=0

C         -0.60140        1.58590       -0.92290
C          0.29060        2.12220       -0.07680
C          1.72250        1.78360       -0.03820
C          2.42460        1.99070        1.15780
C          3.78580        1.68880        1.25300
C          4.46580        1.18420        0.14820
C          3.78670        0.98890       -1.05200
C          2.42480        1.29200       -1.14680
C         -2.04200        1.96250       -0.83660
O         -2.45450        2.75840        0.00460
C         -2.97420        1.33720       -1.83720
C         -3.07980       -0.15560       -1.68820
O         -2.56630       -0.90450       -2.52170
C         -3.87050       -0.68400       -0.50520
C         -3.27050       -1.96490        0.07020
C         -1.95690       -1.71640        0.77310
C         -0.74190       -1.96540        0.11830
C          0.47300       -1.69690        0.75170
C          0.47150       -1.18280        2.04370
O          1.63630       -0.88940        2.68890
C         -0.72100       -0.94230        2.71340
C         -1.93530       -1.20340        2.07770
H         -0.33350        0.84840       -1.66970
H         -0.04460        2.83660        0.67450
H          1.91150        2.37510        2.03790
H          4.31140        1.85200        2.19070
H          5.52600        0.95500        0.21860
H          4.31860        0.60960       -1.92120
H          1.93070        1.14660       -2.10360
H         -2.62870        1.58320       -2.84750
H         -3.97410        1.77240       -1.73280
H         -3.93120        0.09070        0.26700
H         -4.88910       -0.87460       -0.86130
H         -3.97380       -2.40240        0.79020
H         -3.13710       -2.72070       -0.71370
H         -0.73640       -2.36190       -0.89580
H          1.40280       -1.88990        0.22590
H          2.34800       -0.87220        2.02560
H         -0.70570       -0.54170        3.72270
H         -2.86300       -1.00030        2.60790

