HF BASIS=def2-svp cutoff=1.0e-9 denserms=1.0e-6  zmake GRADIENT DIPOLE CHARGE=0

C          2.13110        1.89150       -1.58000
C          3.02220        1.01710       -0.70100
C          4.32360        1.74880       -0.30500
C          4.16050        2.73570        0.88400
C          5.23880        3.82360        0.83470
N          4.23430        2.05240        2.19410
C          5.13790        1.00730        2.36590
C          5.62630        0.34640        1.28200
N          5.27480        0.62990       -0.04790
C          4.88640       -0.47320       -0.94480
N          3.54460       -0.13660       -1.45180
C          2.75750       -1.20290       -1.86220
C          1.45930       -1.43060       -1.39240
C          0.68300       -2.49660       -1.86610
C          1.17070       -3.35670       -2.85210
C          0.31670       -4.47610       -3.40190
C         -0.25940       -4.26500       -4.82190
O          0.81990       -4.22870       -5.77370
C         -1.14730       -3.01510       -5.04190
O         -0.38240       -1.80890       -4.95420
C         -2.35570       -2.95140       -4.09660
O         -3.17990       -4.10450       -4.28940
C         -3.18100       -1.66660       -4.30720
O         -4.35160       -1.63020       -3.48390
C         -4.07560       -1.49490       -2.08910
O         -4.55700       -0.22600       -1.62300
C         -5.65660       -0.44520       -0.71410
C         -5.18080       -0.10700        0.70670
O         -4.24210       -1.07370        1.15120
P         -3.29250       -0.73950        2.40000
O         -4.30120       -0.14090        3.49190
O         -2.46420       -1.88220        2.88570
O         -2.45330        0.55280        1.92920
C         -1.16480        0.71900        2.51210
C         -0.51250        1.96440        1.90530
C         -1.29320        3.25220        2.17790
C         -0.59280        4.44130        1.57760
O         -0.97350        5.59710        2.15910
O          0.21170        4.43760        0.66040
C         -1.20250        0.77400        4.04470
O          0.00070        1.00430        4.60190
O         -2.19620        0.61130        4.74320
C         -6.09610       -1.89980       -0.89560
O         -7.04830       -2.04660       -1.96550
C         -4.81180       -2.59660       -1.31530
O         -5.07070       -3.76180       -2.10270
C          2.46790       -3.15050       -3.32420
C          3.24420       -2.09540       -2.83220
C          6.60170       -0.72410        1.66290
O          7.16120       -1.34530        0.60820
N          6.97590       -1.10890        2.83470
C          6.38100       -0.41690        3.84890
N          6.67360       -0.82070        5.03640
N          5.53970        0.62120        3.61660
H          2.64310        2.19580       -2.49890
H          1.82950        2.80110       -1.05320
H          1.21980        1.36310       -1.88170
H          2.48940        0.69180        0.20120
H          4.70340        2.29560       -1.17890
H          3.18920        3.23650        0.82080
H          6.24730        3.40020        0.89230
H          5.12310        4.51990        1.67150
H          5.16600        4.39990       -0.09330
H          4.23130        2.68750        2.98720
H          4.86120       -1.43250       -0.41480
H          5.60200       -0.53460       -1.77230
H          1.01980       -0.78980       -0.63580
H         -0.31450       -2.63820       -1.46110
H         -0.50100       -4.69000       -2.70190
H          0.93730       -5.38190       -3.40740
H         -0.84470       -5.16060       -5.06340
H          0.42030       -4.28440       -6.65990
H         -1.50980       -3.05680       -6.07630
H          0.54390       -2.04270       -5.17090
H         -2.01360       -2.98850       -3.06290
H         -3.90950       -4.03380       -3.63310
H         -2.58970       -0.76140       -4.13430
H         -3.54190       -1.63730       -5.34040
H         -3.00190       -1.53180       -1.87660
H         -6.44930        0.25420       -1.00090
H         -6.03240       -0.11040        1.39590
H         -4.71950        0.88630        0.72030
H         -3.79950        0.02850        4.32400
H         -0.56220       -0.15560        2.23840
H          0.51120        2.07860        2.27950
H         -0.43560        1.83050        0.81980
H         -1.37910        3.41350        3.25790
H         -2.29730        3.20180        1.74740
H         -0.48500        6.29090        1.66650
H         -0.14460        0.95830        5.57040
H         -6.55180       -2.34130       -0.00690
H         -7.75510       -1.39110       -1.84160
H         -4.22690       -2.90100       -0.44460
H         -5.86110       -3.50440       -2.62800
H          2.87770       -3.80130       -4.09460
H          4.23570       -1.94900       -3.25490
H          7.79650       -1.98630        0.96540
H          7.32120       -1.60500        4.88830
H          5.07450        1.01810        4.41700

