HF BASIS=def2-svp cutoff=1.0e-9 denserms=1.0e-6  zmake GRADIENT DIPOLE CHARGE=0

C          5.67210       -3.84070       -4.10570
O          4.67430       -2.96710       -4.62220
C          3.77600       -2.46170       -3.71910
C          2.80580       -1.61220       -4.26020
O          2.80430       -1.33730       -5.60170
C          1.82330       -1.02050       -3.47120
C          1.78550       -1.27600       -2.09490
C          2.76640       -2.12060       -1.54680
C          3.75220       -2.71240       -2.35020
C          0.76930       -0.65910       -1.21820
C         -0.50670       -0.51930       -1.59770
C         -1.47910        0.08540       -0.67180
O         -2.65520        0.14820       -1.00300
C         -0.95570        0.56320        0.62700
C          0.39710        0.34020        0.90360
O          1.24950       -0.27810        0.02030
C          0.94710        0.75930        2.12240
O          2.26580        0.48640        2.39540
C          3.07320        1.62710        2.10020
C          0.14180        1.37960        3.08090
O          0.68690        1.79900        4.26830
C          0.52810        0.78280        5.25870
C         -1.19950        1.64430        2.79060
O         -1.98500        2.26950        3.72850
C         -1.96790        3.68090        3.51090
C         -1.76040        1.20910        1.57930
O         -3.07140        1.51270        1.31380
C         -3.93770        0.51980        1.86470
H          6.30170       -4.15950       -4.94200
H          6.31330       -3.32390       -3.38400
H          5.22260       -4.73730       -3.66630
H          3.55940       -1.84110       -5.96360
H          1.10640       -0.35530       -3.94460
H          2.76950       -2.33260       -0.47830
H          4.47960       -3.35820       -1.87000
H         -0.89350       -0.84520       -2.55500
H          2.96660        1.92940        1.05240
H          2.83810        2.46590        2.76350
H          4.11800        1.34810        2.26650
H          0.98670        1.14370        6.18410
H          1.03890       -0.14120        4.96600
H         -0.53010        0.58450        5.46080
H         -0.95530        4.08670        3.61160
H         -2.38500        3.93920        2.53160
H         -2.59530        4.14440        4.27810
H         -4.94820        0.71480        1.49370
H         -3.96050        0.58290        2.95750
H         -3.65020       -0.49030        1.55200

