HF BASIS=def2-svp cutoff=1.0e-9 denserms=1.0e-6  zmake GRADIENT DIPOLE CHARGE=0

C         -1.07750       -4.74530       -1.68390
O         -0.76440       -3.36980       -1.87190
C          0.53830       -3.00510       -1.42980
C          1.58560       -3.48080       -2.40000
C          2.34450       -2.69950       -3.19400
C          2.07780       -1.18580       -3.31640
C          3.35970       -0.39680       -2.96790
C          4.59500       -0.89500       -3.72130
C          4.83360       -2.38570       -3.47900
O          5.02400       -2.59580       -2.06340
C          6.37760       -2.69370       -1.63020
O          7.07820       -1.45110       -1.70810
C          6.60220       -0.44970       -0.81140
C          6.57440       -0.88530        0.65010
O          5.87300        0.12880        1.40590
C          6.32310        0.35640        2.66960
C          5.37240        1.26430        3.38920
O          7.35180       -0.09330        3.15760
C          5.80970       -2.20860        0.77330
O          5.87080       -2.70740        2.11990
C          6.38250       -3.25080       -0.18810
O          7.71460       -3.58130        0.24320
C          3.59570       -3.22970       -3.94480
C          3.92640       -4.71860       -3.66130
C          3.38370       -3.12200       -5.47230
C          0.76480       -0.68530       -2.55120
C         -0.40870       -0.92570       -3.54220
C          0.82210        0.83870       -2.26500
C         -0.26290        1.33300       -1.31900
C         -0.22550        0.64870        0.08300
C          1.09970        1.03630        0.78010
C         -1.55570        1.09420        0.83190
C         -1.44100        1.50600        2.34170
C         -2.78820        1.53460        3.08320
C         -0.80490        2.91540        2.49930
C          0.04440        3.01210        3.77250
C          0.75150        4.33350        3.86540
C          0.41470        5.39570        4.62300
C          1.26870        6.63430        4.62980
C         -0.80430        5.47930        5.50200
C         -2.54880       -0.07470        0.57050
C         -1.84710       -1.08250       -0.35150
C         -0.34450       -0.91290       -0.08380
C         -0.03380       -1.65560        1.25020
C          0.64040       -1.47440       -1.19340
O         -3.69480        0.44270       -0.11040
C         -4.91710       -0.21850        0.23530
O         -5.62400        0.59680        1.17480
C         -5.85790        1.95000        0.72310
C         -6.98320        2.53750        1.58630
O         -6.50600        2.71510        2.93370
C         -6.97430        1.83900        3.86250
C         -6.33800        2.12410        5.19020
O         -7.78490        0.94470        3.66990
C         -6.21790        2.02150       -0.77580
O         -5.05470        2.33370       -1.57380
C         -6.77440        0.67950       -1.24850
O         -7.11940        0.74020       -2.64160
C         -5.75240       -0.44640       -1.04630
O         -6.46720       -1.69360       -0.99170
H         -0.46930       -5.37430       -2.34000
H         -2.12820       -4.89490       -1.94420
H         -0.93830       -5.04040       -0.63730
H          0.74900       -3.50800       -0.47940
H          1.78180       -4.54440       -2.33330
H          1.90330       -0.98300       -4.38200
H          3.53620       -0.43610       -1.88870
H          3.24120        0.65830       -3.24130
H          4.48350       -0.69100       -4.79300
H          5.46190       -0.30950       -3.40010
H          5.72620       -2.70740       -4.03350
H          6.91290       -3.40380       -2.27020
H          5.61340       -0.10690       -1.12420
H          7.25470        0.42360       -0.91840
H          7.60420       -1.00400        1.00840
H          4.39550        0.78000        3.47640
H          5.75290        1.46810        4.39470
H          5.28430        2.21520        2.85340
H          4.74770       -2.03770        0.55850
H          6.82050       -2.81920        2.32340
H          5.77960       -4.16320       -0.12000
H          7.84260       -4.53570        0.08720
H          4.06670       -4.91580       -2.59230
H          4.85320       -5.01340       -4.16790
H          3.13460       -5.38530       -4.02490
H          3.08800       -2.12290       -5.80430
H          4.30140       -3.38250       -6.01320
H          2.59680       -3.81030       -5.80760
H         -1.37190       -0.58680       -3.16390
H         -0.24420       -0.36290       -4.46900
H         -0.50790       -1.97440       -3.83800
H          1.77750        1.12140       -1.81410
H          0.76220        1.40110       -3.20660
H         -0.14200        2.41820       -1.18910
H         -1.24360        1.21000       -1.79340
H          1.11990        0.74910        1.83420
H          1.29390        2.10980        0.71400
H          1.96500        0.55070        0.32070
H         -1.95410        1.98810        0.32870
H         -0.82050        0.76700        2.85630
H         -2.66080        1.88570        4.11300
H         -3.49050        2.21350        2.59250
H         -3.25300        0.54820        3.15570
H         -0.19710        3.18020        1.63060
H         -1.59380        3.67880        2.53030
H          0.81100        2.22750        3.76820
H         -0.56800        2.81790        4.65850
H          1.64980        4.40110        3.25240
H          0.67520        7.51060        4.34650
H          2.10950        6.56440        3.93260
H          1.67980        6.80300        5.63240
H         -1.42700        6.32650        5.19830
H         -1.43460        4.58780        5.45790
H         -0.50800        5.62330        6.54550
H         -2.82510       -0.57900        1.49930
H         -2.12890       -0.88590       -1.38590
H         -2.20520       -2.09680       -0.13620
H         -0.56780       -1.23630        2.10510
H          1.03510       -1.62900        1.48840
H         -0.33110       -2.70840        1.20310
H          1.63440       -1.34750       -0.73390
H         -4.72340       -1.18870        0.70820
H         -4.94160        2.52030        0.91600
H         -7.25780        3.53440        1.22600
H         -7.88100        1.91120        1.54850
H         -6.44050        3.18550        5.43200
H         -5.28470        1.83580        5.16500
H         -6.85150        1.54840        5.96640
H         -6.92450        2.83200       -0.98460
H         -4.29240        1.84170       -1.19920
H         -7.70320        0.45230       -0.71240
H         -6.46680        1.34510       -3.05380
H         -5.08320       -0.52800       -1.91340
H         -7.01000       -1.72100       -1.80420

