HF BASIS=def2-svp cutoff=1.0e-9 denserms=1.0e-6  zmake GRADIENT DIPOLE CHARGE=0

C         -0.46330        0.52220        4.14850
N         -0.43940        0.40970        2.68700
C         -0.11680        1.71700        2.09670
C          0.30260        1.59190        0.66180
C         -0.26860        2.25770       -0.35190
C          0.17910        2.09000       -1.68830
C          0.55630        1.94340       -2.81910
C          1.02400        1.75460       -4.21040
C         -0.17660        1.81860       -5.16480
C          1.70790        0.38600       -4.33610
C          2.02380        2.86340       -4.56700
C         -1.72760       -0.09960        2.17100
C         -2.05110       -1.52510        2.59720
C         -3.10470       -1.71590        3.51200
C         -3.46100       -2.99150        3.93530
C         -2.77240       -4.09890        3.44970
C         -1.71800       -3.94910        2.53710
C         -1.03790       -5.08170        2.05820
C          0.01290       -4.95890        1.15110
C          0.39840       -3.70000        0.71240
C         -0.26860       -2.56500        1.17980
C         -1.33970       -2.65410        2.09820
H          0.49480        0.90290        4.52100
H         -1.25660        1.19300        4.49790
H         -0.59770       -0.45510        4.62340
H          0.74140        2.15590        2.62270
H         -0.95020        2.42170        2.21570
H          1.13290        0.91610        0.46660
H         -1.09530        2.93950       -0.17800
H         -0.91300        1.04010       -4.93230
H         -0.69110        2.78440       -5.09450
H          0.13670        1.68180       -6.20610
H          1.01950       -0.42890       -4.08190
H          2.56880        0.30680       -3.66140
H          2.06670        0.21410       -5.35720
H          1.56580        3.85610       -4.48150
H          2.39040        2.75190       -5.59370
H          2.89260        2.84740       -3.89810
H         -1.74230       -0.09310        1.07360
H         -2.54410        0.57280        2.46980
H         -3.65360       -0.86170        3.90220
H         -4.27500       -3.12450        4.64260
H         -3.06670       -5.08870        3.79180
H         -1.32460       -6.07650        2.39220
H          0.52920       -5.84460        0.79170
H          1.21970       -3.59280        0.00910
H          0.06930       -1.59630        0.81980

