HF BASIS=def2-svp cutoff=1.0e-9 denserms=1.0e-6  zmake GRADIENT DIPOLE CHARGE=0

C         -1.65660       -2.68890       -5.23060
O         -1.44660       -1.35440       -4.78800
C         -0.97560       -1.31590       -3.43930
C         -0.78910        0.14470       -3.03020
C         -0.26840        0.28760       -1.61030
C         -1.16240        0.28640       -0.50610
C         -2.65530        0.15880       -0.64360
C         -0.60780        0.44330        0.76760
C          0.75770        0.57170        0.98830
C          1.11130        0.75700        2.42990
C         -0.22410        0.58410        3.17360
C         -0.50890        1.72220        4.13940
C         -1.26840        0.51180        2.07650
O         -2.47490        0.49740        2.25190
C          1.63800        0.55310       -0.07750
C          1.13800        0.40390       -1.38290
C          2.13140        0.40960       -2.51890
H         -2.01210       -2.65690       -6.26400
H         -2.41540       -3.18160       -4.61510
H         -0.72030       -3.25440       -5.20020
H         -1.70160       -1.81340       -2.78610
H         -0.02520       -1.85820       -3.37270
H         -0.12130        0.64110       -3.74440
H         -1.72600        0.70120       -3.15490
H         -2.97740       -0.12710       -1.64640
H         -3.03290       -0.62380        0.02300
H         -3.13640        1.11120       -0.39890
H          1.83330        0.00020        2.75490
H          1.54560        1.75060        2.58610
H         -0.22980       -0.37420        3.70700
H         -1.46230        1.56430        4.65480
H         -0.57580        2.68280        3.61660
H          0.27840        1.79640        4.89640
H          2.70540        0.66270        0.09900
H          1.98370       -0.45810       -3.16860
H          2.03220        1.33060       -3.10170
H          3.16200        0.35820       -2.15090

