HF BASIS=def2-svp cutoff=1.0e-9 denserms=1.0e-6  zmake GRADIENT DIPOLE CHARGE=0

C          1.51910        4.29260       -1.54380
O          0.77130        3.09350       -1.39790
C          0.61640        2.60590       -0.13210
C          1.15540        3.15700        1.03590
C          0.92920        2.56310        2.29850
C          1.55040        3.17140        3.48480
C          0.94430        3.27040        4.67860
C          1.57380        3.90280        5.87680
C          0.17570        1.38350        2.38850
C         -0.36540        0.84820        1.23120
C         -0.14730        1.45550        0.00190
O         -0.73890        0.78670       -1.04470
C         -1.65890       -0.13710       -0.40200
C         -1.14610       -0.40410        1.03150
C         -2.26800       -0.62760        2.03540
C         -1.78470       -1.40690       -1.22330
C         -3.00430       -2.10280       -1.24180
C         -3.11480       -3.27680       -1.97050
O         -4.30300       -3.94870       -1.98040
C         -2.03000       -3.76970       -2.68500
O         -2.19420       -4.93570       -3.39010
C         -0.80650       -3.09870       -2.68930
O          0.17870       -3.69080       -3.43670
C          1.39240       -2.95750       -3.57500
C         -0.68700       -1.92030       -1.94850
H          1.04660        5.12130       -1.00630
H          1.53330        4.55060       -2.60710
H          2.55640        4.15200       -1.22190
H          1.75820        4.05910        0.99490
H          2.55070        3.57470        3.34370
H         -0.06750        2.89640        4.81730
H          2.59310        4.24880        5.67630
H          0.97820        4.76200        6.20090
H          1.61390        3.18220        6.69970
H          0.03240        0.88510        3.34260
H         -2.63260        0.37520       -0.38910
H         -0.45060       -1.25280        1.05600
H         -2.83600       -1.53060        1.79160
H         -1.86880       -0.75070        3.04790
H         -2.96420        0.21870        2.05800
H         -3.86830       -1.73700       -0.69300
H         -4.13900       -4.72240       -2.55700
H         -1.32430       -5.08760       -3.81140
H          2.04550       -3.51830       -4.25090
H          1.21380       -1.97500       -4.02480
H          1.90680       -2.86770       -2.61250
H          0.25040       -1.37140       -1.91720

