HF BASIS=def2-svp cutoff=1.0e-9 denserms=1.0e-6  zmake GRADIENT DIPOLE CHARGE=0

C          7.45010       -1.90570       -5.85210
O          6.41220       -2.79300       -6.26630
C          5.24410       -2.72660       -5.56120
C          4.87130       -1.69490       -4.69880
C          3.64010       -1.74390       -4.03760
C          2.76920       -2.82500       -4.23370
C          3.14270       -3.85400       -5.10230
C          4.37070       -3.79920       -5.76590
C          1.44530       -2.90870       -3.55640
O          0.74010       -3.90260       -3.54780
O          1.14710       -1.71020       -2.99610
C         -0.18180       -1.52530       -2.47830
C         -1.00460       -0.61240       -3.43020
C         -1.20660       -1.35030       -4.77460
C         -0.24490        0.70370       -3.71980
C         -0.27460        1.68880       -2.55150
C         -1.72300        2.02680       -2.10000
C         -2.40860        2.76040       -3.27750
C         -1.64790        2.97410       -0.88850
C         -3.01300        3.21220       -0.25050
C         -3.68660        1.92090        0.31180
C         -5.09620        2.33660        0.82620
C         -2.93800        1.32960        1.55010
C         -2.76090       -0.00010        1.77230
C         -3.27020       -1.03370        0.78700
C         -4.23360       -0.50720       -0.26680
C         -3.80370        0.85070       -0.88740
C         -4.94630        1.20580       -1.87690
C         -2.40780        0.69550       -1.65070
C         -2.40670       -0.33250       -2.81730
C         -2.12370       -0.56890        3.07700
C         -3.30820       -0.72350        4.06160
C         -1.46800       -1.96360        2.86630
C         -0.65550       -2.45330        4.06710
C          0.46520       -1.48000        4.43760
O          1.36950       -1.47990        3.31100
C          2.67230       -1.76640        3.55900
O          3.19440       -1.88200        4.65520
C          3.39940       -1.96370        2.27740
C          2.74950       -1.93180        1.04030
C          3.47090       -2.18060       -0.12950
C          4.83500       -2.47400       -0.08730
O          5.40220       -2.71730       -1.30820
C          6.70620       -3.28240       -1.30190
C          5.48980       -2.48980        1.14400
C          4.77270       -2.23590        2.32230
C         -0.06540       -0.04220        4.71600
C         -0.72580       -0.01750        6.11220
C          1.14760        0.92620        4.80910
C         -1.01150        0.42620        3.54010
C         -1.60680        1.81380        3.76300
C         -2.50170        2.28460        2.64230
O         -2.88850        3.45110        2.66980
H          7.19410       -0.86460       -6.07740
H          8.34910       -2.15450       -6.42240
H          7.68060       -2.03390       -4.78720
H          5.51370       -0.83910       -4.52290
H          3.38080       -0.92730       -3.36670
H          2.47790       -4.69410       -5.27190
H          4.65230       -4.60460       -6.44120
H         -0.06300       -1.06340       -1.49130
H         -0.69190       -2.48320       -2.31500
H         -1.68590       -2.32410       -4.62020
H         -0.25410       -1.51290       -5.29130
H         -1.84770       -0.76930       -5.44970
H         -0.66660        1.19070       -4.60740
H          0.80010        0.50050       -3.98660
H          0.25600        2.60450       -2.84400
H          0.29470        1.27220       -1.71110
H         -1.75920        3.54840       -3.67210
H         -2.65250        2.10140       -4.11290
H         -3.32510        3.27170       -3.00140
H         -1.22320        3.93900       -1.19240
H         -0.96070        2.57380       -0.13420
H         -2.89170        3.98140        0.51580
H         -3.68290        3.68550       -0.97750
H         -5.03950        3.07310        1.63330
H         -5.69830        2.80810        0.04390
H         -5.65900        1.48460        1.21970
H         -3.79930       -1.83230        1.32050
H         -2.41580       -1.50450        0.28760
H         -4.37240       -1.27160       -1.03830
H         -5.22270       -0.40710        0.19760
H         -5.92870        1.08680       -1.40870
H         -4.96210        0.54220       -2.74420
H         -4.90340        2.23020       -2.24000
H         -1.72220        0.27950       -0.89970
H         -3.07330        0.01830       -3.61180
H         -2.82760       -1.28690       -2.47940
H         -3.02960       -1.20670        4.99810
H         -4.09470       -1.35560        3.62690
H         -3.77700        0.23460        4.31210
H         -0.81280       -1.93220        1.98440
H         -2.22820       -2.72590        2.65100
H         -1.30900       -2.63510        4.92700
H         -0.21240       -3.42230        3.80210
H          0.96540       -1.86950        5.33410
H          1.68760       -1.72300        0.96110
H          2.95610       -2.17150       -1.08410
H          7.44760       -2.55440       -0.95710
H          6.74330       -4.19770       -0.70010
H          6.95800       -3.55130       -2.33120
H          6.55390       -2.69320        1.22350
H          5.29500       -2.26450        3.27790
H         -1.50920       -0.76380        6.23220
H          0.01760       -0.23280        6.89180
H         -1.14600        0.96100        6.35210
H          1.91300        0.53680        5.48990
H          1.62020        1.08550        3.83540
H          0.85350        1.90650        5.19790
H         -0.34290        0.52880        2.66910
H         -0.79920        2.55390        3.83500
H         -2.19550        1.86180        4.68560

