HF BASIS=def2-svp cutoff=1.0e-9 denserms=1.0e-6  zmake GRADIENT DIPOLE CHARGE=0

C         -0.22330       -2.41190        1.78740
C          0.17910       -3.46240        1.05680
C         -0.70660       -4.56940        0.67000
C         -1.72920       -5.04230        1.50630
C         -2.55450       -6.09590        1.10200
C         -2.34910       -6.68610       -0.13870
O         -3.14550       -7.69680       -0.58590
C         -1.32470       -6.25250       -0.97040
C         -0.50160       -5.19930       -0.56440
C          0.71780       -1.32390        2.12080
O          1.87280       -1.23980        1.74070
O          0.05660       -0.44550        2.90500
C          0.77940        0.73360        3.31570
C          0.98810        1.71720        2.15280
O         -0.29120        1.95340        1.53570
C         -0.17600        2.78260        0.37950
O         -1.45230        2.93290       -0.27040
C         -1.79120        1.76010       -0.92680
C         -1.43550        1.48510       -2.19830
O         -1.72680        0.30030       -2.85560
C         -2.36230       -0.69570       -2.16050
C         -2.53370       -1.91410       -2.81580
C         -3.16000       -2.96560       -2.15380
O         -3.28690       -4.14650       -2.82300
C         -3.63190       -2.81560       -0.85270
C         -3.46350       -1.59380       -0.20570
O         -3.93320       -1.50370        1.07800
C         -2.82710       -0.53200       -0.85890
C         -2.62760        0.76620       -0.20410
O         -3.14300        0.98640        0.88820
C         -0.63620        2.41820       -3.01900
C          0.52710        1.95800       -3.66020
C          1.28720        2.83870       -4.42240
O          2.42910        2.44310       -5.06360
C          0.90090        4.16900       -4.55630
O          1.65680        5.02790       -5.30030
C         -0.24920        4.63940       -3.94300
C         -1.02120        3.76190       -3.17860
C          0.28750        4.18870        0.80970
O         -0.66060        4.77150        1.72540
C          1.65480        4.08500        1.50020
O          2.65490        3.72120        0.54530
C          1.61420        3.04330        2.63700
O          0.87530        3.57560        3.74430
H         -1.23930       -2.30100        2.14840
H          1.20440       -3.51780        0.69440
H         -1.89830       -4.59730        2.48400
H         -3.34510       -6.43250        1.76550
H         -3.75660       -7.95310        0.12580
H         -1.16620       -6.72720       -1.93550
H          0.29060       -4.86630       -1.23150
H          1.73130        0.44650        3.77750
H          0.15820        1.18770        4.09450
H          1.63570        1.25640        1.39800
H          0.55130        2.35070       -0.32170
H         -2.17640       -2.05090       -3.83280
H         -3.58790       -4.82940       -2.19730
H         -4.12360       -3.63180       -0.33320
H         -3.80590       -0.57540        1.38440
H          0.82960        0.91990       -3.55280
H          2.57040        1.49720       -4.88480
H          2.38140        4.47500       -5.65690
H         -0.54660        5.67690       -4.06410
H         -1.93020        4.13650       -2.71080
H          0.33960        4.84310       -0.06750
H         -1.54560        4.49260        1.41220
H          1.92470        5.05850        1.92820
H          2.90620        4.53290        0.06680
H          2.63020        2.84330        2.99570
H          0.03830        3.93860        3.38170

