HF BASIS=def2-svp cutoff=1.0e-9 denserms=1.0e-6  zmake GRADIENT DIPOLE CHARGE=0

C         -0.24580        4.25470       -1.78830
C         -1.03580        4.04620       -0.50520
C         -0.25790        3.23840        0.50330
C         -0.31590        1.83010        0.56680
N         -1.03940        0.93970       -0.20220
C         -0.79390       -0.34580        0.20020
C          0.10930       -0.29090        1.23950
C          0.58290       -1.53890        1.88650
C          0.36040       -2.70390        0.91020
O         -0.99120       -2.72520        0.41640
C         -1.39100       -1.58610       -0.41210
C         -2.93980       -1.57510       -0.36610
C         -3.52990       -1.53760        1.04350
C         -0.86220       -1.84970       -1.83490
C         -1.39000       -0.92010       -2.89350
O         -1.23550       -1.43260       -4.13180
O         -1.87550        0.18930       -2.74650
C          0.41610        1.07240        1.48650
C          1.25400        1.73600        2.40110
C          1.34280        3.13000        2.36220
C          0.60460        3.85470        1.42860
O          0.71570        5.22070        1.39780
H          0.01020        3.29850       -2.25730
H         -0.83480        4.83610       -2.50470
H          0.68730        4.79570       -1.59830
H         -1.97740        3.53500       -0.73840
H         -1.32360        5.01450       -0.07960
H         -1.63390        1.19990       -0.98230
H          1.63970       -1.47350        2.16360
H         -0.00490       -1.70410        2.79700
H          0.53490       -3.65210        1.42910
H          1.05990       -2.66190        0.06760
H         -3.34910       -0.72580       -0.92350
H         -3.31600       -2.48640       -0.84920
H         -4.62340       -1.55310        0.98810
H         -3.21640       -2.40300        1.63500
H         -3.23820       -0.62820        1.57730
H         -1.12980       -2.87540       -2.12160
H          0.23220       -1.78840       -1.86540
H         -1.58140       -0.74110       -4.73430
H          1.83110        1.17180        3.12710
H          1.99790        3.62970        3.06900
H          1.33230        5.49770        2.09410

