HF BASIS=def2-svp cutoff=1.0e-9 denserms=1.0e-6  zmake GRADIENT DIPOLE CHARGE=0

N          0.91050       -1.43150       -0.52750
C          1.02500       -0.19590       -1.35570
C         -0.30630        0.29250       -1.96180
C         -1.44930        0.40630       -0.97520
C         -1.60420        1.55330       -0.18440
C         -2.63570        1.63630        0.75390
C         -3.51750        0.57190        0.89760
O         -4.53420        0.60620        1.80470
C         -3.39090       -0.56700        0.11350
C         -2.36060       -0.65080       -0.82310
C          1.73260        0.90190       -0.53420
O          1.64150        2.10880       -0.73970
N          2.60020        0.40740        0.41310
C          3.07550        1.21040        1.55040
C          3.59620        0.31660        2.68850
S          2.31030       -0.80220        3.34590
C          4.18570        2.22160        1.18800
O          4.02510        2.85920        0.00720
O          5.10540        2.52050        1.94000
H          0.50950       -2.16240       -1.11520
H          0.19250       -1.26600        0.18680
H          1.71180       -0.42210       -2.18190
H         -0.60290       -0.40170       -2.75840
H         -0.16860        1.26260       -2.45620
H         -0.92360        2.39690       -0.29330
H         -2.73220        2.53230        1.35770
H         -4.51700        1.46480        2.25990
H         -4.09630       -1.38710        0.23000
H         -2.27620       -1.54840       -1.43120
H          2.42680       -0.58500        0.57340
H          2.22850        1.80740        1.91010
H          4.43810       -0.29940        2.35700
H          3.94310        0.92840        3.52780
H          2.33800       -1.69680        2.34740
H          3.15680        2.66140       -0.41690

