HF BASIS=def2-svp cutoff=1.0e-9 denserms=1.0e-6  zmake GRADIENT DIPOLE CHARGE=0

C         -4.41210       -0.93710       -0.77240
C         -3.21220       -0.03080       -0.69010
O         -2.63050        0.35510       -1.70680
C         -2.78580        0.40260        0.70190
C         -1.42890        1.13560        0.68410
C         -1.15270        1.99940        1.91840
C         -1.66350        1.69920        3.19110
C         -1.37450        2.51350        4.29050
C         -0.56990        3.63410        4.12250
O         -0.26290        4.45260        5.16850
C         -0.04670        3.95010        2.87680
C         -0.33210        3.13480        1.78040
C         -0.25540        0.21630        0.35090
C          0.40330        0.25560       -0.82230
O         -0.00180        1.02510       -1.89500
C          1.62190       -0.52030       -1.03660
C          2.36220       -0.48130       -2.22400
C          3.53490       -1.23300       -2.35600
C          3.98030       -2.02970       -1.30090
C          3.25260       -2.07730       -0.11440
C          2.08510       -1.32270       -0.00130
O          1.37440       -1.42150        1.20430
C          0.16750       -0.76260        1.38830
O         -0.53550       -1.01790        2.36150
H         -4.20920       -1.86340       -0.22950
H         -4.61970       -1.17980       -1.81820
H         -5.28200       -0.43180       -0.34600
H         -3.57290        1.06980        1.07460
H         -2.76320       -0.48290        1.34460
H         -1.52110        1.88300       -0.11780
H         -2.27250        0.81260        3.35370
H         -1.77730        2.25030        5.26340
H         -0.66230        4.08540        5.97380
H          0.58630        4.82490        2.75850
H          0.09380        3.39290        0.81200
H         -0.98080        0.94680       -1.96980
H          2.03560        0.14070       -3.05490
H          4.10130       -1.19140       -3.28330
H          4.89250       -2.61160       -1.40490
H          3.58820       -2.69660        0.71210

