HF BASIS=def2-svp cutoff=1.0e-9 denserms=1.0e-6  zmake GRADIENT DIPOLE CHARGE=0

O         -4.75860        0.35300        3.85080
C         -3.42590        0.15900        3.63820
C         -3.05380       -0.76470        2.66790
C         -1.70060       -0.97880        2.40190
C         -0.72280       -0.27350        3.11480
C          0.69570       -0.47440        2.82450
C          1.23540        0.01230        1.69870
C          2.66730       -0.20450        1.38160
O          3.42820       -0.79450        2.13710
N          3.01430        0.30520        0.15710
C          4.32360        0.12450       -0.43030
C          4.29050       -0.88190       -1.57850
C          4.11080       -2.32500       -1.09640
C          4.00600       -3.32220       -2.25330
N          2.85120       -3.13410       -3.14420
C          1.57960       -3.52840       -2.53130
C          0.74520       -2.35520       -2.01140
C          0.40350       -1.32980       -3.09110
N         -0.58280       -0.37400       -2.61390
C         -0.23480        0.70550       -1.84310
O          0.91600        1.01630       -1.56080
C         -1.40950        1.44870       -1.32320
C         -1.22240        2.54950       -0.57850
C         -2.31950        3.31830        0.01880
C         -2.26520        4.71800       -0.00610
C         -3.27440        5.48090        0.58940
C         -4.33270        4.83920        1.22330
O         -5.33490        5.54280        1.82210
C         -4.39600        3.45290        1.27140
C         -3.38900        2.69300        0.67260
C         -1.11180        0.64500        4.09670
C         -2.46680        0.86500        4.35810
H         -4.86450        1.02180        4.54780
H         -3.81370       -1.31340        2.11970
H         -1.41310       -1.69960        1.63990
H          1.28320       -1.02530        3.55380
H          0.64140        0.57450        0.99160
H          2.28740        0.68820       -0.45200
H          4.62350        1.10380       -0.81750
H          5.05000       -0.17410        0.33260
H          5.23450       -0.81240       -2.13250
H          3.49090       -0.60830       -2.27540
H          4.97840       -2.59960       -0.48330
H          3.23970       -2.41850       -0.44170
H          4.01550       -4.34660       -1.86110
H          4.91090       -3.22720       -2.86620
H          3.00780       -3.72970       -3.95940
H          1.72520       -4.26490       -1.73220
H          0.98680       -4.04240       -3.29890
H          1.24700       -1.85680       -1.17700
H         -0.18730       -2.76130       -1.59710
H         -0.03280       -1.82080       -3.96710
H          1.29720       -0.78410       -3.41020
H         -1.55820       -0.60250       -2.74850
H         -2.39890        1.07140       -1.54610
H         -0.21970        2.92650       -0.38590
H         -1.43660        5.22640       -0.49490
H         -3.21180        6.56380        0.55210
H         -5.17480        6.49000        1.67970
H         -5.21990        2.96000        1.77950
H         -3.44280        1.61000        0.74270
H         -0.36260        1.20360        4.65280
H         -2.74960        1.58810        5.11690

