HF BASIS=def2-svp cutoff=1.0e-9 denserms=1.0e-6  zmake GRADIENT DIPOLE CHARGE=0

C          3.82820        0.24840        0.14740
C          2.97320       -0.59090       -0.77360
C          3.80800       -1.35260       -1.77680
C          1.62010       -0.65040       -0.70840
C          0.74390       -1.40160       -1.68820
C         -0.24120       -0.43950       -2.35670
C         -1.10690        0.38970       -1.36940
C         -1.81680        1.48510       -2.20690
C         -2.17680       -0.51270       -0.71490
C         -2.94400        0.18740        0.38640
O         -4.07240       -0.16870        0.71990
C         -2.29190        1.29850        1.11970
C         -1.04050        1.69230        0.82940
C         -0.39380        2.82480        1.57880
C         -0.21070        1.04490       -0.27130
C          0.78000        0.03510        0.35240
H          4.25420       -0.37560        0.93930
H          3.29020        1.08150        0.60450
H          4.65430        0.70140       -0.41290
H          4.70820       -1.74950       -1.29320
H          3.29800       -2.21640       -2.20720
H          4.12070       -0.68800       -2.58830
H          0.20970       -2.19940       -1.15980
H          1.31150       -1.89310       -2.48150
H         -0.89080       -1.00980       -3.03340
H          0.33550        0.24580       -2.99400
H         -1.08640        2.15010       -2.68180
H         -2.48360        2.11140       -1.60640
H         -2.42110        1.03670       -3.00410
H         -2.89890       -0.84250       -1.47190
H         -1.73490       -1.41030       -0.26980
H         -2.88940        1.75830        1.89910
H         -0.10980        3.62380        0.88630
H          0.50380        2.48160        2.10180
H         -1.06610        3.25920        2.32650
H          0.37890        1.83490       -0.75970
H          1.39340        0.53360        1.10690
H          0.23460       -0.74000        0.90830

