HF BASIS=def2-svp cutoff=1.0e-9 denserms=1.0e-6  zmake GRADIENT DIPOLE CHARGE=0

C          1.77530       -4.30720       -0.64270
O          1.30020       -3.47100        0.40890
C          1.74950       -2.18270        0.28220
C          1.07170       -1.10560        0.71150
C          1.55650        0.33770        0.67690
C          3.08730        0.47010        0.59900
C          0.82040        1.10480       -0.46060
O          1.38810        0.72290       -1.72450
C          0.45490        0.82690       -2.79390
C          0.97780        2.60070       -0.31990
C          0.02740        3.48610        0.02390
C         -1.35660        3.14330        0.35590
C         -2.38970        3.54290       -0.49800
C         -3.71500        3.21840       -0.19960
C         -4.01420        2.49610        0.95490
C         -2.98990        2.10130        1.81360
C         -1.66510        2.42740        1.51790
C         -0.26770       -1.28630        1.32550
O         -0.57730       -0.81860        2.41160
O         -1.09680       -1.92140        0.45910
C         -2.42550       -2.08520        0.94960
H          1.32340       -5.29580       -0.52080
H          2.86360       -4.41840       -0.58890
H          1.47940       -3.91120       -1.62030
H          2.73200       -2.11180       -0.16680
H          1.27110        0.79340        1.63600
H          3.39680        1.51280        0.72370
H          3.56830       -0.10400        1.39930
H          3.48810        0.11760       -0.35700
H         -0.24030        0.82630       -0.45090
H         -0.38440        0.14280       -2.63540
H          0.09160        1.85320       -2.90040
H          0.96320        0.54130       -3.71880
H          1.96710        2.98920       -0.55420
H          0.26350        4.54740        0.05430
H         -2.16920        4.10360       -1.40310
H         -4.51350        3.52960       -0.86790
H         -5.04530        2.24320        1.18740
H         -3.21680        1.53720        2.71500
H         -0.87980        2.11340        2.20230
H         -2.99580       -2.64550        0.20350
H         -2.90370       -1.11100        1.08980
H         -2.42570       -2.65520        1.88400

