HF BASIS=def2-svp cutoff=1.0e-9 denserms=1.0e-6  zmake GRADIENT DIPOLE CHARGE=0

O          5.82050        2.43830        4.53960
C          6.19280        2.28040        3.17690
C          5.76410        0.92590        2.60300
O          6.36490        0.76190        1.30960
C          4.24370        0.77850        2.44310
O          3.95890       -0.51580        1.84110
C          2.96430       -1.16430        2.65750
C          2.26040       -0.05490        3.42520
O          1.36720        0.73560        2.59850
C          0.71030        0.18990        1.54670
O          0.09020        0.88630        0.74970
C          0.82510       -1.28030        1.36050
C         -0.17560       -1.98690        0.64510
C          0.10860       -3.31190        0.27460
O         -0.72010       -4.05540       -0.53000
C          1.27100       -3.93880        0.70950
O          1.52020       -5.24470        0.38220
C          2.19290       -3.25780        1.49140
O          3.30420       -3.91800        1.93300
C          1.99050       -1.92100        1.81960
C         -1.51930       -1.40780        0.40180
C         -1.90610       -0.83690       -0.84200
C         -0.92540       -1.00770       -1.92510
O          0.13750       -0.18770       -1.81670
O         -1.02090       -1.94700       -2.69970
C         -3.21500       -0.34940       -1.08770
C         -4.14330       -0.56500       -0.06350
O         -5.52460       -0.37960       -0.27100
C         -6.04310       -0.27300       -1.55300
O         -7.22830       -0.46770       -1.78640
C         -5.10510        0.21340       -2.59020
C         -5.66820        0.69640       -3.79020
C         -4.85600        1.34060       -4.70580
O         -5.33300        1.84570       -5.87990
C         -3.51960        1.54140       -4.40410
O         -2.71800        2.25960       -5.25250
C         -2.96940        1.04910       -3.21760
O         -1.68630        1.42340       -2.92740
C         -3.72460        0.28940       -2.31580
C         -3.78600       -1.06720        1.18410
O         -4.70150       -1.23630        2.18800
C         -2.47800       -1.45740        1.42050
O         -2.15300       -1.94790        2.65850
C          3.45470        0.82690        3.75270
O          3.09520        2.15690        4.11720
H          4.87680        2.70380        4.56140
H          7.28270        2.37280        3.11900
H          5.78110        3.11010        2.59160
H          6.14440        0.11430        3.23560
H          5.93990       -0.02820        0.91840
H          3.88360        1.53440        1.73320
H          3.48740       -1.82270        3.36190
H          1.70360       -0.38340        4.30790
H         -0.95420       -3.50090       -1.30790
H          0.73670       -5.51580       -0.14160
H          3.24800       -4.80670        1.52060
H          0.00160        0.52980       -1.14880
H         -6.73630        0.59510       -3.96740
H         -6.27240        1.60310       -5.96990
H         -3.30050        2.49510       -6.00490
H         -1.36320        1.89020       -3.72790
H         -5.57090       -0.96700        1.83070
H         -2.99150       -1.94310        3.16490
H          4.02880        0.38070        4.57360
H          2.30990        2.39110        3.57910

