HF BASIS=def2-svp cutoff=1.0e-9 denserms=1.0e-6  zmake GRADIENT DIPOLE CHARGE=0

C          0.72670       -3.54550        2.36420
C          2.27250       -3.45620        2.27780
C          2.59510       -2.37790        1.23130
C          1.25470       -1.69720        0.99010
C          1.08480       -0.82540       -0.25980
C          2.15860        0.27020       -0.33280
C          1.92890        1.23750       -1.49210
C          0.52030        1.83940       -1.43460
C          0.33030        2.92420       -2.50850
C         -1.04050        3.59780       -2.39870
C         -2.17950        2.57860       -2.37410
C         -1.96580        1.46920       -1.33640
C         -0.59540        0.74700       -1.46970
C         -0.58950       -0.04900       -2.80010
C         -0.35170       -0.21160       -0.24500
C         -1.43950       -1.29890       -0.05430
C         -1.16500       -2.23790        1.13470
C          0.23800       -2.86040        1.06400
C          0.31780       -3.84310       -0.13180
O         -1.07130        4.34460       -1.18400
S         -1.54600        5.89350       -1.25240
O         -1.57730        6.30010        0.30450
O         -2.89640        5.94580       -1.76050
O         -0.46750        6.65630       -1.83900
C          0.21960       -4.96790        2.59480
C         -1.21510       -5.12570        3.02880
O          0.92460       -5.96080        2.41310
H          0.41770       -2.95620        3.23930
H          2.67940       -3.17320        3.25570
H          2.75140       -4.39970        1.99650
H          2.98470       -2.83490        0.31500
H          3.35300       -1.68020        1.60190
H          1.08890       -1.03740        1.85860
H          1.20800       -1.45450       -1.14710
H          3.15130       -0.18180       -0.44270
H          2.17370        0.83660        0.60740
H          2.09660        0.72630       -2.44690
H          2.67720        2.03750       -1.43400
H          0.44710        2.35050       -0.46210
H          1.11080        3.68570       -2.38260
H          0.45990        2.50190       -3.51100
H         -1.17110        4.26670       -3.25890
H         -3.12390        3.08540       -2.14140
H         -2.29690        2.13620       -3.36960
H         -2.05360        1.90620       -0.33290
H         -2.78990        0.75270       -1.43430
H          0.31960       -0.63980       -2.93580
H         -0.66900        0.60110       -3.67580
H         -1.43710       -0.74040       -2.85240
H         -0.41070        0.41890        0.65670
H         -1.54520       -1.89840       -0.96370
H         -2.41280       -0.82570        0.11740
H         -1.27540       -1.66610        2.06520
H         -1.93680       -3.01460        1.15630
H          0.16000       -3.35220       -1.09550
H         -0.45140       -4.61920       -0.04720
H          1.28430       -4.35380       -0.18910
H         -0.65240        6.38490        0.60910
H         -1.49440       -4.31880        3.71080
H         -1.86770       -5.12260        2.15390
H         -1.33050       -6.07420        3.56120

