HF BASIS=def2-svp cutoff=1.0e-9 denserms=1.0e-6  zmake GRADIENT DIPOLE CHARGE=+1

C         -4.42010       -1.47990        0.03660
C         -4.99760       -0.59710       -1.06140
C         -3.98070        0.40620       -1.60010
C         -2.88450       -0.25190       -2.40270
O         -2.97110       -1.30990       -3.00730
O         -1.74820        0.50530       -2.36550
C         -0.68820        0.04600       -3.22360
C          0.03100       -1.20630       -2.68810
N          0.94510       -0.96110       -1.45390
C          1.51050       -2.32070       -1.02720
C          0.16700       -0.38130       -0.28000
C          2.11190       -0.04460       -1.79670
H         -4.05450       -0.87590        0.87320
H         -5.19050       -2.15680        0.41940
H         -3.59090       -2.09010       -0.33410
H         -5.38000       -1.22900       -1.87130
H         -5.85310       -0.04680       -0.65260
H         -3.53610        0.96030       -0.76550
H         -4.48130        1.12360       -2.25950
H          0.00560        0.88020       -3.35720
H         -1.10070       -0.16310       -4.21890
H          0.68240       -1.61560       -3.46880
H         -0.68010       -1.97970       -2.38250
H          0.67510       -2.97230       -0.75400
H          2.17160       -2.16910       -0.16860
H          2.06900       -2.74120       -1.86860
H         -0.10920        0.65010       -0.51090
H         -0.71790       -1.00080       -0.10920
H          0.81500       -0.39260        0.60200
H          2.63150       -0.45550       -2.66690
H          1.72860        0.95560       -2.01110
H          2.78430       -0.00410       -0.93420

