HF BASIS=def2-svp cutoff=1.0e-9 denserms=1.0e-6  zmake GRADIENT DIPOLE CHARGE=0

C          0.26970        1.53760        0.99350
C         -0.00850        1.78330       -0.46680
C          0.33710        0.58610       -1.32780
C          1.66330        0.31590       -1.72180
O          2.61010        1.21130       -1.29430
C          3.95340        0.98410       -1.70200
C          1.93350       -0.81500       -2.49870
C          0.89860       -1.66660       -2.87610
O          1.21930       -2.75690       -3.63170
C         -0.41230       -1.41510       -2.49530
C         -0.69090       -0.28950       -1.72220
C         -0.62180        1.42130        1.99060
C         -2.07630        1.48310        1.82290
C         -2.72390        2.70860        2.02480
C         -4.11040        2.80840        1.88320
C         -4.86090        1.68410        1.54100
C         -4.22650        0.45940        1.33680
C         -2.84350        0.36310        1.47380
O         -2.29240       -0.86900        1.24670
H          1.32690        1.47390        1.25010
H          0.56750        2.65630       -0.79850
H         -1.05530        2.06280       -0.63590
H          4.33370        0.03990       -1.29870
H          4.04710        1.01770       -2.79240
H          4.56740        1.79140       -1.29110
H          2.93680       -1.06440       -2.82500
H          0.40540       -3.25480       -3.81550
H         -1.22420       -2.07490       -2.78390
H         -1.71990       -0.09480       -1.42440
H         -0.28000        1.26570        3.01150
H         -2.15190        3.59400        2.29330
H         -4.60440        3.76370        2.04210
H         -5.93970        1.76060        1.43350
H         -4.80690       -0.41920        1.06990
H         -1.32350       -0.77290        1.26910

