HF BASIS=def2-svp cutoff=1.0e-9 denserms=1.0e-6  zmake GRADIENT DIPOLE CHARGE=0

C          2.69940       -6.31490       -1.22900
C          1.38370       -5.60850       -0.94600
C          0.26990       -6.59050       -0.72270
C         -0.35670       -6.87620        0.43050
C         -0.07230       -6.31880        1.79490
C         -1.23070       -5.50470        2.29790
C         -1.26200       -4.18890        2.57190
C         -0.15170       -3.19270        2.42340
C         -0.55440       -2.08550        1.49240
C         -0.89500       -0.82750        1.82240
C         -1.00580       -0.22980        3.19370
C          0.14710        0.69020        3.46960
C          0.09410        2.01870        3.67680
C         -1.12940        2.89520        3.73810
C         -1.34100        3.64070        2.45340
C         -2.45820        3.70290        1.70910
C         -3.77460        3.02140        1.96090
C         -4.39530        2.43380        0.68610
C         -3.58400        1.27810        0.09660
C         -4.21670        0.75080       -1.19770
C         -3.34080       -0.29560       -1.88500
C         -2.08090        0.31050       -2.45710
O         -0.95250        0.00810       -2.08270
O         -2.38510        1.19160       -3.44750
C         -1.32950        2.09730       -3.83930
C         -1.61810        3.48900       -3.26000
O         -1.60370        3.39260       -1.82680
C         -0.61670        4.52330       -3.78900
O          0.70680        4.15440       -3.41890
P          1.32790        4.98310       -2.16500
O          1.97590        6.23280       -2.68430
O          0.27590        4.98540       -1.08160
O          2.49330        3.92880       -1.76920
C          2.65210        3.63690       -0.39310
C          3.43010        2.33000       -0.25400
N          2.71420        1.07230       -0.81220
C          1.35340        0.87410       -0.14890
C          3.58490       -0.13650       -0.53400
C          2.48870        1.18240       -2.31700
H          2.61130       -6.98630       -2.09120
H          3.48450       -5.58340       -1.44940
H          3.01970       -6.91000       -0.36610
H          1.11800       -4.97570       -1.80150
H          1.51070       -4.92710       -0.09930
H         -0.06830       -7.11550       -1.61710
H         -1.15480       -7.61950        0.39960
H          0.08250       -7.16200        2.47940
H          0.86280       -5.75690        1.81420
H         -2.15120       -6.06460        2.46710
H         -2.20010       -3.77570        2.94870
H          0.10600       -2.80400        3.41220
H          0.76680       -3.64290        2.03480
H         -0.56770       -2.35170        0.43420
H         -1.16710       -0.15100        1.01220
H         -1.96610        0.29270        3.25470
H         -1.04020       -1.00040        3.97000
H          1.12700        0.21160        3.49590
H          1.03130        2.54260        3.85140
H         -0.97540        3.62790        4.53960
H         -2.01010        2.31990        4.03640
H         -0.49500        4.23460        2.10120
H         -2.42440        4.33790        0.81880
H         -4.46870        3.76840        2.36420
H         -3.68720        2.22990        2.71080
H         -4.51120        3.22680       -0.06300
H         -5.40510        2.07650        0.92290
H         -2.55950        1.61000       -0.09910
H         -3.52690        0.46470        0.82860
H         -4.41230        1.58490       -1.88410
H         -5.18750        0.29510       -0.96300
H         -3.06160       -1.08520       -1.17840
H         -3.88490       -0.77820       -2.70510
H         -0.35690        1.73220       -3.50060
H         -1.30150        2.12000       -4.93540
H         -2.63360        3.78730       -3.53060
H         -0.99030        4.09320       -1.47300
H         -0.85770        5.52190       -3.40630
H         -0.65580        4.57340       -4.88300
H          3.21730        4.45380        0.07340
H          1.69490        3.55640        0.12900
H          3.62850        2.13120        0.80740
H          4.38580        2.39560       -0.78670
H          1.51410        0.86380        0.93370
H          0.96450       -0.09200       -0.48520
H          0.68110        1.68470       -0.44070
H          4.55200        0.01130       -1.02940
H          3.71480       -0.23110        0.54820
H          3.09080       -1.02990       -0.92860
H          1.66940        1.87080       -2.50550
H          2.20430        0.19640       -2.69890
H          3.42000        1.51650       -2.78840

