HF BASIS=def2-svp cutoff=1.0e-9 denserms=1.0e-6  zmake GRADIENT DIPOLE CHARGE=0

C         -4.12080        1.98360       -2.47410
C         -3.10640        0.96390       -2.02650
O         -3.44280       -0.18320       -1.73660
C         -1.66130        1.43500       -1.96860
C         -0.69360        0.36820       -1.44550
C         -0.80750        0.11670        0.07050
C         -0.36240       -1.27330        0.55230
C         -1.29580       -2.40680        0.12710
C         -0.41160       -1.05900        2.07120
O         -0.05780        0.31870        2.29480
C          0.07530        0.96560        1.00500
C         -0.39240        2.40770        1.16300
C          1.56600        0.92580        0.64920
C          2.06890       -0.48900        0.46470
O          3.27730       -0.73350        0.49690
C          1.07850       -1.57900        0.10250
H         -4.11760        2.83050       -1.78350
H         -3.88030        2.31970       -3.48560
H         -5.11810        1.53490       -2.47790
H         -1.37280        1.69770       -2.99300
H         -1.61730        2.34190       -1.36160
H         -0.88640       -0.56190       -1.99250
H          0.32320        0.66800       -1.71620
H         -1.85790        0.24550        0.37020
H         -2.33460       -2.19020        0.39940
H         -1.26420       -2.57250       -0.95450
H         -1.01460       -3.34700        0.61460
H         -1.41930       -1.20260        2.47690
H          0.27670       -1.70430        2.62620
H          0.13240        2.89670        1.99200
H         -0.21760        2.99590        0.25800
H         -1.45930        2.44850        1.40910
H          1.77530        1.48470       -0.26820
H          2.15300        1.36640        1.46470
H          1.12490       -1.71350       -0.98430
H          1.42390       -2.50970        0.56890

