HF BASIS=def2-svp cutoff=1.0e-9 denserms=1.0e-6  zmake GRADIENT DIPOLE CHARGE=0

C         -2.40550       -4.34660       -1.39750
O         -2.16020       -3.05400       -0.86200
C         -1.97400       -2.92880        0.48870
C         -1.94140       -4.02530        1.36140
C         -1.72400       -3.79560        2.70670
C         -1.53580       -2.52370        3.21320
C         -1.32670       -2.59360        4.67830
C          0.04400       -2.28910        5.15070
C          0.61440       -3.41360        5.56980
O         -0.13820       -4.56420        5.46490
C         -1.39900       -4.12430        4.89630
O         -1.66670       -4.79490        3.63900
C         -1.56380       -1.42150        2.37350
C         -1.78810       -1.61860        1.00530
C         -1.81460       -0.40510        0.14980
O         -2.12700       -0.43930       -1.03420
C         -1.44440        0.87910        0.77850
C         -1.25000        0.89920        2.15800
O         -1.36900       -0.20220        2.96450
C         -0.92400        2.09390        2.80950
C         -0.79050        3.27590        2.08280
C         -0.98140        3.26260        0.70260
C         -1.29070        2.06660        0.04820
O         -1.50910        2.13910       -1.30160
C         -0.32440        1.79280       -2.04840
O          0.57400        2.90850       -2.06170
C          1.73990        2.74140       -2.87430
C          1.38060        2.39300       -4.32420
O          0.74950        3.51840       -4.95910
C          0.42350        1.20450       -4.37050
O         -0.01380        1.00260       -5.72500
C         -0.79260        1.42840       -3.47280
O         -1.57490        0.22170       -3.54120
C          2.75690        1.74280       -2.31600
O          3.91070        1.70940       -3.01340
O          2.61240        1.01620       -1.34610
H         -2.55600       -4.23930       -2.47640
H         -1.54370       -5.00570       -1.24640
H         -3.31510       -4.78440       -0.97820
H         -2.06930       -5.04820        1.02620
H         -2.10520       -2.06720        5.23940
H          0.50160       -1.31040        5.15960
H          1.60270       -3.55660        5.97550
H         -2.19690       -4.39080        5.60080
H         -0.77860        2.10480        3.88740
H         -0.54240        4.20590        2.58820
H         -0.88430        4.18060        0.12780
H          0.15740        0.91830       -1.59320
H          2.23610        3.71980       -2.85180
H          2.27230        2.17550       -4.92270
H          0.37040        3.16160       -5.78940
H          0.94500        0.28670       -4.06970
H         -0.77770        0.38970       -5.64610
H         -1.42610        2.22560       -3.87860
H         -1.97140        0.07100       -2.64850
H          4.46410        1.04780       -2.54430

