HF BASIS=def2-svp cutoff=1.0e-9 denserms=1.0e-6  zmake GRADIENT DIPOLE CHARGE=0

C         -0.50890        6.22840       -2.42650
C         -0.32280        4.91720       -1.72260
O          0.63160        4.64620       -1.00810
O         -1.41190        4.09780       -2.00670
C         -1.31600        2.81640       -1.44620
C         -2.21330        2.46560       -0.43440
O         -3.15410        3.34950        0.01710
C         -2.19020        1.20170        0.15040
C         -1.23980        0.31340       -0.34910
O         -1.05460       -0.97100        0.08760
C         -0.04820       -1.46980       -0.66520
C          0.42120       -0.56000       -1.57510
C         -0.34370        0.61720       -1.37970
C         -0.38400        1.90110       -1.95450
C          1.49250       -0.92100       -2.47330
O          1.94820       -0.16080       -3.31980
O          1.98900       -2.24290       -2.31810
C          1.47910       -3.17140       -1.35520
C          2.05750       -4.43510       -1.31430
C          1.57420       -5.35140       -0.38610
O          2.15210       -6.58670       -0.35880
C          0.53520       -5.02030        0.48650
C         -0.03330       -3.74680        0.43130
O         -1.04560       -3.48310        1.31110
C          0.43280       -2.81100       -0.48980
H         -1.40230        6.72930       -2.04560
H         -0.58880        6.06280       -3.50380
H          0.35870        6.86690       -2.23750
H         -3.07660        4.15590       -0.52160
H         -2.87350        0.92260        0.94230
H          0.29650        2.17450       -2.75540
H          2.86540       -4.70400       -1.98710
H          1.72430       -7.11840        0.33370
H          0.15810       -5.73560        1.21110
H         -1.34150       -2.56220        1.16920

