HF BASIS=def2-svp cutoff=1.0e-9 denserms=1.0e-6  zmake GRADIENT DIPOLE CHARGE=0

C          4.63470        2.35610        1.96410
O          3.93780        3.59820        2.11370
C          5.41120        2.35830        0.63990
O          4.50820        2.54090       -0.46090
C          5.07590        2.39000       -1.68510
O          6.26730        2.20550       -1.88790
C          4.02080        2.49160       -2.75890
C          4.28160        1.53460       -3.92220
C          4.32300        0.04710       -3.54650
C          3.01730       -0.47060       -2.93960
C          3.07920       -1.98410       -2.69890
C          1.74340       -2.57050       -2.23570
C          1.36830       -2.16970       -0.80990
C         -0.03330       -2.66960       -0.45250
C         -0.44460       -2.22680        0.95260
C         -1.91390       -2.55170        1.22590
C         -2.35090       -2.03610        2.59850
C         -3.80980       -2.36230        2.93480
C         -4.86370       -1.83110        1.95470
C         -4.83510       -0.30870        1.79310
C         -5.87460        0.21480        0.79580
C         -7.31870        0.01640        1.25770
C         -8.30390        0.65600        0.28980
C          3.65650        1.18010        2.11090
O          2.73850        1.10030        1.03100
P          1.25160        1.65730        1.24250
O          1.45520        3.25000        1.24650
O          0.54030        1.18710        2.46800
O          0.49760        1.40440       -0.14780
C         -0.89140        1.68710       -0.18700
C         -1.35560        1.68290       -1.64180
N         -2.79770        1.88400       -1.75310
H          5.35490        2.30170        2.78780
H          3.26430        3.62180        1.39720
H          6.12390        3.19260        0.63660
H          5.95370        1.41120        0.53100
H          3.03390        2.29510       -2.32600
H          4.01630        3.52680       -3.11850
H          3.50530        1.68860       -4.68140
H          5.23560        1.79520       -4.39690
H          5.14990       -0.14310       -2.85300
H          4.54660       -0.52360       -4.45630
H          2.82410        0.04320       -1.99210
H          2.18510       -0.24040       -3.61530
H          3.86420       -2.21430       -1.96860
H          3.36080       -2.48130       -3.63560
H          1.80410       -3.66480       -2.28840
H          0.95130       -2.26520       -2.93080
H          1.39340       -1.08120       -0.70420
H          2.10130       -2.58250       -0.10520
H         -0.06840       -3.76470       -0.51650
H         -0.75170       -2.28070       -1.18530
H          0.19430       -2.71700        1.69790
H         -0.28990       -1.14700        1.05450
H         -2.52830       -2.09350        0.44190
H         -2.06660       -3.63560        1.17020
H         -2.18590       -0.95410        2.66360
H         -1.71450       -2.48730        3.37080
H         -4.03030       -1.96940        3.93510
H         -3.91990       -3.45170        3.00220
H         -4.74690       -2.31190        0.97590
H         -5.84580       -2.14130        2.33090
H         -4.98470        0.17240        2.76770
H         -3.84930        0.00370        1.43140
H         -5.69310        1.28590        0.64570
H         -5.72540       -0.26910       -0.17690
H         -7.55000       -1.05050        1.33670
H         -7.45790        0.45590        2.25110
H         -9.33080        0.49000        0.63210
H         -8.14160        1.73710        0.21820
H         -8.20350        0.22520       -0.71270
H          4.21240        0.23640        2.13480
H          3.10860        1.26690        3.05580
H          0.84370        3.65340        1.89590
H         -1.42130        0.92330        0.39160
H         -1.08440        2.66550        0.26810
H         -0.83450        2.48000       -2.18480
H         -1.06960        0.74320       -2.12750
H         -3.28610        1.08910       -1.34030
H         -3.06000        1.88990       -2.73790

