HF BASIS=def2-svp cutoff=1.0e-9 denserms=1.0e-6  zmake GRADIENT DIPOLE CHARGE=0

C         -1.71220       -1.24700       -2.28320
C         -2.58890       -2.43450       -2.66320
C         -3.79410       -2.31360       -1.73970
C         -3.20780       -1.82720       -0.41940
C         -1.92750       -1.06150       -0.78160
N         -2.01270        0.37530       -0.54650
C         -1.94530        1.13520       -1.81520
C         -2.16080        0.07370       -2.90180
C         -2.94770        2.28730       -2.06790
O         -3.30400        3.01540       -0.98850
O         -3.33990        2.59920       -3.18730
C         -1.72980        0.97950        0.66510
O         -1.66990        2.21140        0.71950
C         -1.56820        0.10710        1.93670
C         -2.63980        0.53610        2.94220
N         -0.23100        0.31090        2.54080
C          0.87400       -0.28560        1.74640
C          2.23130        0.18260        2.29900
C          2.49710        1.68250        2.12800
C          2.62940        2.10570        0.68590
C          1.62730        2.87460        0.08100
C          1.73940        3.25960       -1.25590
C          2.85620        2.88310       -1.99980
C          3.86230        2.12340       -1.40630
C          3.75040        1.73680       -0.06950
C          0.83550       -1.82110        1.82470
O          0.27940       -2.46290        2.70830
O          1.49190       -2.36260        0.76100
C          1.52050       -3.79410        0.74770
C          2.29980       -4.23460       -0.47690
H         -0.65650       -1.43010       -2.51960
H         -2.05610       -3.37000       -2.45450
H         -2.87580       -2.43520       -3.71950
H         -4.50600       -1.57760       -2.12960
H         -4.32320       -3.26350       -1.63070
H         -3.92920       -1.22410        0.14560
H         -2.94390       -2.69640        0.19280
H         -1.07530       -1.47680       -0.23800
H         -0.93620        1.55750       -1.88500
H         -3.21430        0.03050       -3.20430
H         -1.58960        0.30450       -3.80870
H         -2.73730        2.82360       -0.20330
H         -1.73350       -0.95180        1.73450
H         -2.56090        1.60050        3.19750
H         -2.56990       -0.04430        3.86820
H         -3.64090        0.37540        2.52290
H         -0.22420       -0.13530        3.46310
H          0.77610        0.00550        0.69510
H          2.29490       -0.06390        3.36800
H          3.03630       -0.38830        1.81920
H          1.71940        2.26940        2.62810
H          3.43160        1.93860        2.64230
H          0.75210        3.18180        0.65090
H          0.95740        3.86230       -1.71050
H          2.94570        3.19020       -3.03820
H          4.74100        1.84020       -1.97980
H          4.54960        1.15250        0.38020
H          0.49890       -4.18500        0.69900
H          2.01520       -4.16100        1.65280
H          3.31280       -3.81210       -0.45800
H          2.36980       -5.32670       -0.52680
H          1.81730       -3.86970       -1.38940

