HF BASIS=def2-svp cutoff=1.0e-9 denserms=1.0e-6  zmake GRADIENT DIPOLE CHARGE=0

O         -1.29570        1.67870        0.07200
C         -2.54430        1.42870       -0.55820
C         -2.72040       -0.04080       -0.66030
O         -3.58370       -0.49480       -1.70430
C         -2.18070       -0.80450       -1.85030
C         -1.70580       -2.22100       -1.61900
C         -2.59360       -3.30910       -1.70990
C         -2.17520       -4.61410       -1.45430
C         -0.85360       -4.85760       -1.10140
C          0.05420       -3.80080       -1.01460
C         -0.35920       -2.49020       -1.27970
O          0.46020       -1.38740       -1.26060
C          1.76670       -1.50860       -0.69840
O          1.71460       -1.65880        0.73230
C          1.17490       -0.49530        1.39190
C          2.00340        0.76240        1.11210
O          1.43400        1.95830        1.67140
C          2.10900        0.97590       -0.40010
O          3.02980        2.05260       -0.65830
C          2.61020       -0.28200       -1.10340
O          3.99110       -0.48420       -0.75360
C          1.21800       -0.77890        2.88830
O          1.48030       -2.07860        3.17010
O          1.03980        0.06880        3.75300
H         -1.24490        2.63630        0.23980
H         -2.54520        1.91620       -1.53830
H         -3.34060        1.86230        0.05440
H         -2.78580       -0.52770        0.30340
H         -1.65000       -0.24090       -2.61210
H         -3.63440       -3.12950       -1.97420
H         -2.88330       -5.43570       -1.52580
H         -0.52560       -5.87420       -0.89760
H          1.07510       -4.04490       -0.74250
H          2.28610       -2.38510       -1.10170
H          0.11920       -0.37530        1.12610
H          3.01000        0.66820        1.53920
H          1.28810        1.78700        2.62740
H          1.14240        1.28220       -0.81370
H          2.73610        2.77570       -0.06590
H          2.57640       -0.13410       -2.18890
H          4.40530        0.39820       -0.86220
H          1.63500       -2.54980        2.31790

