HF BASIS=def2-svp cutoff=1.0e-9 denserms=1.0e-6  zmake GRADIENT DIPOLE CHARGE=0

C          1.50600       -5.19640        5.14890
O          0.99400       -5.08910        3.81970
C          1.10510       -3.84860        3.27860
O          1.59430       -2.87980        3.84760
N          0.58970       -3.86100        2.01780
C          0.55680       -2.75950        1.20940
N          0.06650       -2.74440       -0.00780
C          0.23410       -1.45370       -0.45280
C          0.83960       -0.66630        0.52020
N          1.03460       -1.52480        1.56950
C          1.13300        0.68520        0.34200
C          0.78080        1.24230       -0.89410
C          0.16020        0.48030       -1.89500
S         -0.27230        1.21300       -3.46780
C         -1.37520        2.52320       -2.96540
C         -1.10030        3.83760       -3.35700
C         -1.95320        4.87850       -2.98290
C         -3.08900        4.60980       -2.22080
C         -3.37540        3.30110       -1.83580
C         -2.52330        2.25980       -2.21000
C         -0.11040       -0.88010       -1.68510
H          2.57620       -4.96770        5.16710
H          0.95570       -4.53590        5.82630
H          1.36700       -6.22830        5.48310
H          0.21160       -4.72070        1.64990
H          1.45590       -1.31450        2.46530
H          1.60960        1.27980        1.11370
H          0.99850        2.29450       -1.06980
H         -0.22040        4.06120       -3.95560
H         -1.73210        5.89760       -3.28920
H         -3.75380        5.41960       -1.93110
H         -4.26380        3.08880       -1.24650
H         -2.76480        1.24360       -1.90770
H         -0.57940       -1.49220       -2.44740

