HF BASIS=def2-svp cutoff=1.0e-9 denserms=1.0e-6  zmake GRADIENT DIPOLE CHARGE=0

C          0.32720        2.15810        2.84580
N         -0.47870        1.63440        1.74840
C         -0.23380        0.30600        1.27310
C         -0.42710       -0.10160       -0.07310
C         -0.19080       -1.45760       -0.40710
C          0.27320       -2.37170        0.53400
Cl          0.55540       -4.00530        0.07990
C          0.51030       -1.96590        1.83540
C          0.25930       -0.64150        2.19780
N         -0.82730        0.78920       -1.13610
C         -0.16490        0.63400       -2.41150
C         -0.85280        0.82550       -3.61910
C         -0.20760        0.67240       -4.85090
C          1.14110        0.33320       -4.89790
C          1.84810        0.15290       -3.71370
C          1.20250        0.30560       -2.48270
C         -1.80470        1.77760       -0.97360
O         -2.12760        2.60650       -1.82750
C         -2.49250        1.79830        0.35250
C         -1.58200        2.39620        1.37380
O         -1.84520        3.48590        1.88570
H          1.35790        1.79620        2.77520
H         -0.12370        1.85920        3.79730
H          0.36050        3.25200        2.81020
H         -0.37950       -1.81310       -1.41930
H          0.87390       -2.67130        2.57850
H          0.42200       -0.37680        3.24050
H         -1.91060        1.07710       -3.62890
H         -0.76380        0.82330       -5.77290
H          1.64150        0.22010       -5.85610
H          2.90600       -0.09500       -3.74480
H          1.79860        0.19610       -1.57990
H         -3.38950        2.42420        0.27110
H         -2.84550        0.80640        0.65080

