HF BASIS=def2-svp cutoff=1.0e-9 denserms=1.0e-6  zmake GRADIENT DIPOLE CHARGE=0

C         -4.01270       -5.41640        4.67160
N         -3.56760       -5.45410        3.30590
C         -3.59260       -4.34540        2.48660
O         -3.90050       -3.21950        2.85980
C         -3.21900       -4.62590        1.06170
N         -2.96650       -5.93160        0.75070
C         -2.65150       -6.19280       -0.53560
C         -2.56990       -5.22290       -1.51930
C         -2.81210       -3.90060       -1.16000
O         -2.75770       -2.96300       -2.16700
C         -2.12050       -1.77860       -1.88090
C         -2.80730       -0.59720       -2.14550
C         -2.19230        0.63320       -1.89810
C         -0.87970        0.69150       -1.40880
N         -0.33570        1.97140       -1.17310
C          0.98240        2.28340       -0.87220
O          1.91280        1.48940       -0.87330
N          1.09470        3.63390       -0.56990
C          2.27820        4.36210       -0.33290
C          3.56210        3.86980       -0.58490
C          4.71160        4.65120       -0.33720
C          4.54710        5.94650        0.16360
Cl          5.88620        6.98290        0.49640
C          3.26750        6.44940        0.40910
C          2.14080        5.66290        0.15940
C          6.07820        4.08620       -0.61740
F          6.87020        4.03600        0.48940
F          6.05050        2.80950       -1.09800
F          6.76640        4.80360       -1.54920
C         -0.19600       -0.50190       -1.16380
C         -0.80970       -1.73540       -1.40750
C         -3.16200       -3.58520        0.14850
H         -3.51950       -6.22200        5.22000
H         -3.77420       -4.45230        5.12810
H         -5.09490       -5.56870        4.68770
H         -3.39240       -6.34340        2.84420
H         -2.46210       -7.23790       -0.76610
H         -2.31880       -5.48710       -2.54050
H         -3.82100       -0.63200       -2.53490
H         -2.75360        1.54120       -2.10070
H         -0.93030        2.75200       -1.40480
H          0.23130        4.09570       -0.32690
H          3.70030        2.86840       -0.98830
H          3.13910        7.45790        0.79670
H          1.15920        6.08450        0.36120
H          0.81870       -0.50910       -0.77700
H         -0.25300       -2.65070       -1.22690
H         -3.39040       -2.57010        0.45330

