HF BASIS=def2-svp cutoff=1.0e-9 denserms=1.0e-6  zmake GRADIENT DIPOLE CHARGE=0

C          0.62180       -0.40370       -1.31710
C          1.13570       -1.64530       -2.04660
C         -0.00230       -2.63250       -2.08980
O         -0.90760       -2.37320       -2.92430
O          0.02370       -3.50360       -1.17920
C          0.15020       -0.70400        0.13640
N         -1.36160       -0.47500        0.45370
C         -1.59730       -0.94910        1.87980
C         -2.27530       -1.29420       -0.46020
C         -1.74150        0.98590        0.33730
O          1.79290        0.47340       -1.28830
C          1.60540        1.79820       -1.07880
C          2.90330        2.53230       -1.21840
O          0.54110        2.32290       -0.78720
H         -0.15430        0.08690       -1.91420
H          2.01000       -2.06940       -1.53770
H          1.46250       -1.39120       -3.06190
H          0.37570       -1.73090        0.43870
H          0.68760       -0.05800        0.84230
H         -2.64990       -0.78960        2.13350
H         -0.95690       -0.36670        2.54920
H         -1.35040       -2.01330        1.94370
H         -3.30710       -1.13670       -0.12690
H         -2.02870       -2.35020       -0.35440
H         -2.18070       -0.91800       -1.47820
H         -2.77580        1.10060        0.67810
H         -1.67450        1.29040       -0.70880
H         -1.07890        1.57060        0.98060
H          2.72370        3.60700       -1.12250
H          3.33350        2.34210       -2.20500
H          3.59260        2.21820       -0.43080

