HF BASIS=def2-svp cutoff=1.0e-9 denserms=1.0e-6  zmake GRADIENT DIPOLE CHARGE=0

C          2.57690        2.26110       -1.55480
C          1.32310        1.98520       -0.71680
C          1.07010        3.16320        0.24250
C         -0.31170        3.12050        0.89390
C         -0.41170        2.21400        2.11780
O          0.43320        1.07420        2.08850
C          0.30670        0.26910        0.91450
C          1.46880        0.61960       -0.01950
C          0.41890       -1.15390        1.38060
C         -0.22410       -2.27080        0.99920
C         -1.22230       -2.51850       -0.03200
C         -1.66310       -1.44280       -0.98210
C         -1.73950       -3.75460       -0.15230
H          3.46530        2.35510       -0.92100
H          2.75370        1.45110       -2.27040
H          2.46780        3.18940       -2.12550
H          0.47620        1.92000       -1.41320
H          1.12880        4.09470       -0.33560
H          1.85590        3.22110        1.00540
H         -1.05490        2.81020        0.14870
H         -0.60650        4.13300        1.19660
H         -0.12550        2.78580        3.00750
H         -1.44870        1.89410        2.27280
H         -0.65910        0.44840        0.44090
H          2.40750        0.61770        0.55220
H          1.56620       -0.15230       -0.79440
H          1.14930       -1.27900        2.18220
H          0.06270       -3.16670        1.55640
H         -2.25700       -0.68570       -0.46110
H         -2.29470       -1.84100       -1.78500
H         -0.80490       -0.96920       -1.46870
H         -2.47900       -3.98900       -0.91240
H         -1.45010       -4.57240        0.50110

