HF BASIS=def2-svp cutoff=1.0e-9 denserms=1.0e-6  zmake GRADIENT DIPOLE CHARGE=0

C         11.51120       -0.78800       12.09670
C         10.57100       -1.75720       11.40060
C         11.14550       -2.23200       10.06560
C         10.19800       -3.19850        9.35610
C         10.79970       -3.69970        8.04410
O          9.93400       -4.63820        7.41350
C          9.02100       -4.17780        6.50820
C          8.66040       -2.84520        6.30960
C          7.67390       -2.51560        5.36890
C          7.03810       -3.50450        4.60720
C          7.41360       -4.83900        4.80590
C          8.39340       -5.16770        5.75230
C          5.98380       -3.14090        3.67190
C          5.21700       -2.01670        3.47620
C          4.31670       -2.36160        2.44110
N          4.56130       -3.60290        1.99620
O          5.60360       -4.08580        2.76550
C          3.21540       -1.55550        1.91730
C          2.07810       -2.18340        1.39280
C          0.98650       -1.42660        0.97780
C          1.00010       -0.03480        1.09570
C          2.14630        0.60840        1.56530
C          3.25010       -0.15300        1.97930
C         -0.23200        0.68740        0.71150
O         -0.99780        0.22480       -0.12490
N         -0.53090        1.84930        1.38760
C         -1.38550        2.84510        0.74590
C         -2.43870        3.37670        1.69970
C         -3.30370        2.28430        2.36430
O         -4.13800        2.91510        3.36430
C         -4.26080        1.48730        1.43130
O         -5.03080        2.40700        0.66610
N         -3.65300        0.55300        0.52770
C         -4.27210       -0.41400       -0.20780
O         -3.60600       -1.33500       -0.68130
C         -5.77500       -0.33180       -0.46030
C         -6.52110       -1.10180        0.65470
O         -7.74750       -0.42810        0.96540
C         -6.77450       -2.47570        0.02560
C         -7.89540       -3.29010        0.64940
C         -7.04060       -2.13460       -1.43470
N         -6.17170       -1.00310       -1.71610
C         -5.94970       -0.61480       -3.01390
O         -6.54660       -1.17870       -3.94270
C         -4.94090        0.51070       -3.35470
N         -4.35670        0.04540       -4.64970
C         -3.18630        0.17980       -5.31270
O         -3.14920       -0.31950       -6.44570
C         -1.91160        0.79560       -4.71720
N         -2.14110        2.15890       -4.23910
C         -1.24680        3.17890       -4.48040
O         -0.21830        3.05870       -5.14600
C         -1.68060        4.53520       -3.89320
C         -2.69470        5.18790       -4.83850
C         -1.81730        5.94910       -5.82220
O         -2.55900        7.00000       -6.42100
C         -0.68200        6.45350       -4.93780
N         -0.60220        5.53510       -3.80660
C          0.40250        5.73770       -2.88570
O          1.18610        6.68490       -3.04040
C          0.68310        4.74990       -1.73220
N         -0.50440        4.34440       -0.97040
C         -0.37130        3.91850        0.32920
O          0.52780        4.28530        1.08470
C          1.44650        3.49960       -2.25270
C          2.70490        3.82860       -3.05350
O          1.85620        2.65870       -1.16000
C         -1.26540       -0.12670       -3.65000
O          0.02180        0.42670       -3.27690
C         -1.02710       -1.56470       -4.20370
O          0.03120       -1.50020       -5.16850
C         -0.69860       -2.58230       -3.12730
C         -1.74590       -3.09630       -2.34700
C         -1.50590       -4.01220       -1.31920
O         -2.60270       -4.41670       -0.61450
S         -2.60880       -4.38120        1.01880
O         -2.07240       -5.85930        1.39030
O         -1.62460       -3.45260        1.53590
O         -3.98450       -4.31130        1.46820
C         -0.21500       -4.49430       -1.11220
O          0.01190       -5.45780       -0.16460
C          0.84150       -3.99980       -1.87950
C          0.60210       -3.04320       -2.87190
C         -5.64820        1.87480       -3.58880
O         -4.64290        2.91380       -3.51370
C         -6.78080        2.21940       -2.61740
C         -7.48590        3.48680       -3.03150
N         -8.74500        3.64170       -2.53570
O         -6.94810        4.35960       -3.70260
H         12.49830       -1.23650       12.24600
H         11.63390        0.12430       11.50680
H         11.11120       -0.50930       13.07510
H          9.60230       -1.27240       11.24080
H         10.39410       -2.62080       12.05390
H         12.10840       -2.72620       10.23950
H         11.33640       -1.36720        9.42090
H          9.23450       -2.71040        9.17360
H          9.97360       -4.05750       10.00370
H         11.08960       -2.88670        7.37410
H         11.72280       -4.24380        8.26930
H          9.11060       -2.03780        6.87590
H          7.41440       -1.46420        5.24790
H          6.94120       -5.63970        4.24290
H          8.66090       -6.20980        5.89970
H          5.25410       -1.10130        4.04600
H          2.01630       -3.26670        1.33170
H          0.10190       -1.92440        0.58970
H          2.21300        1.69310        1.59400
H          4.13180        0.37210        2.33900
H          0.19320        2.24030        1.97960
H         -1.84880        2.43500       -0.15930
H         -3.08280        4.09960        1.17910
H         -1.95570        3.95800        2.49700
H         -2.66920        1.57790        2.90880
H         -4.09660        3.88540        3.26360
H         -4.96820        0.92350        2.05530
H         -5.55220        2.90300        1.32360
H         -2.65200        0.36920        0.59680
H         -6.10650        0.70030       -0.51970
H         -5.94230       -1.18680        1.58250
H         -8.14200       -0.91650        1.71940
H         -5.84540       -3.06600        0.07450
H         -7.75820       -3.37880        1.73140
H         -8.88130       -2.85480        0.45930
H         -7.90160       -4.30290        0.23270
H         -6.81280       -2.96910       -2.10500
H         -8.07330       -1.81560       -1.60920
H         -4.13070        0.58910       -2.63030
H         -5.03760       -0.45170       -5.22730
H         -1.20720        0.88070       -5.55440
H         -3.05730        2.38780       -3.85590
H         -2.13530        4.36920       -2.91660
H         -3.33010        5.88970       -4.28480
H         -3.35690        4.48680       -5.35100
H         -1.44020        5.27910       -6.60020
H         -1.95480        7.47520       -7.01840
H          0.27190        6.47330       -5.47980
H         -0.87150        7.46860       -4.56170
H          1.33500        5.28120       -1.02520
H         -1.40170        4.73190       -1.21960
H          0.77540        2.89550       -2.86460
H          3.26500        2.91290       -3.27670
H          3.36940        4.47670       -2.47470
H          2.46760        4.32210       -3.99950
H          1.90760        1.75460       -1.52810
H         -1.88730       -0.14950       -2.75160
H          0.60950        0.21240       -4.03130
H         -1.91780       -1.93190       -4.72530
H         -0.05850       -2.29240       -5.72460
H         -2.76610       -2.75630       -2.51610
H         -1.22760       -5.97440        0.88860
H          0.96430       -5.67960       -0.20180
H          1.86140       -4.34010       -1.71770
H          1.44260       -2.65440       -3.44690
H         -6.04190        1.90470       -4.61360
H         -5.12250        3.73780       -3.77090
H         -6.37850        2.42280       -1.62290
H         -7.52120        1.41280       -2.56440
H         -9.26080        4.47010       -2.79920
H         -9.22140        2.92200       -2.00700

