HF BASIS=def2-svp cutoff=1.0e-9 denserms=1.0e-6  zmake GRADIENT DIPOLE CHARGE=0

C         -2.39400        1.19720       -3.11430
O         -2.58890       -0.18820       -2.84650
C         -2.36740       -0.60600       -1.55910
C         -2.42170       -1.99050       -1.37050
O         -2.68030       -2.81920       -2.42820
C         -2.21400       -2.56010       -0.12330
C         -1.94440       -1.73180        0.96300
O         -1.74640       -2.36900        2.16080
C         -1.88390       -0.33300        0.81160
C         -2.10870        0.21990       -0.46140
C         -1.57430        0.52610        2.00340
O         -1.41740       -0.03520        3.09260
C         -1.41710        2.04310        1.85110
C         -1.54300        2.74220        3.21060
C         -0.09460        2.41000        1.19540
C          1.12420        1.90360        1.69820
C          2.33280        2.25030        1.09390
O          3.53120        1.77590        1.54840
C          2.35090        3.10080       -0.00410
O          3.53010        3.44530       -0.60500
C          1.16500        3.61030       -0.50290
O          1.16490        4.45040       -1.58370
C         -0.04730        3.27070        0.09100
O         -1.19830        3.79020       -0.43640
H         -2.53190        1.35130       -4.18880
H         -3.14000        1.80580       -2.59210
H         -1.37610        1.51180       -2.86050
H         -2.79560       -2.22760       -3.19670
H         -2.25990       -3.63750        0.00260
H         -1.59400       -1.68300        2.84910
H         -2.08590        1.29220       -0.60090
H         -2.26840        2.39630        1.25870
H         -2.50180        2.49920        3.68210
H         -1.48790        3.83050        3.09770
H         -0.75110        2.43890        3.90460
H          1.11710        1.24280        2.56260
H          3.36200        1.19120        2.30870
H          4.21210        2.96970       -0.08590
H          2.11400        4.53910       -1.81530
H         -0.88910        4.40740       -1.13350

