HF BASIS=def2-svp cutoff=1.0e-9 denserms=1.0e-6  zmake GRADIENT DIPOLE CHARGE=0

C          1.03830       -3.69620       -2.68210
C          0.48340       -2.29910       -2.33950
C          0.36900       -1.44380       -3.62170
C         -0.36810       -2.07300       -4.81520
C         -1.82380       -2.43260       -4.50100
C         -2.63530       -2.99870       -5.68510
C         -2.06160       -4.31700       -6.20900
C         -2.77850       -1.99140       -6.82680
O         -3.96140       -3.26260       -5.20650
C          1.37380       -1.62810       -1.24090
C          1.45200       -2.50370        0.03400
C          1.51270       -1.56710        1.23720
C          1.79620       -0.14920        0.67910
C          3.33450       -0.04030        0.49530
C          1.30150        0.91540        1.72210
C          2.01070        2.28790        1.72820
C          1.57430        3.08560        2.93160
C          0.32460        2.99880        3.43780
C         -0.74490        2.23350        2.71440
C         -0.96810        0.76380        2.97220
C         -0.21790        1.16370        1.71990
C         -0.88290        1.14280        0.36580
C         -0.50650       -0.08170       -0.44560
C          1.01610       -0.19760       -0.69010
C          1.48570        0.91930       -1.64340
C         -1.97220        3.06970        2.39760
C         -2.52570        3.71840        3.66580
C         -1.46180        4.55460        4.38490
O         -1.17380        5.71280        3.59080
C         -0.14880        3.76310        4.69810
C         -0.41810        2.73010        5.81720
C          0.89870        4.75780        5.25710
H          0.37350       -4.23770       -3.36140
H          2.02330       -3.62090       -3.15530
H          1.13890       -4.32820       -1.79530
H         -0.52210       -2.44070       -1.92550
H         -0.15980       -0.51650       -3.39160
H          1.37540       -1.16200       -3.95600
H          0.18100       -2.94930       -5.17310
H         -0.34260       -1.34330       -5.63270
H         -1.85700       -3.16160       -3.68160
H         -2.34000       -1.54490       -4.11060
H         -1.08550       -4.18210       -6.68470
H         -1.95470       -5.04540       -5.39710
H         -2.73890       -4.76990       -6.94240
H         -1.82420       -1.78690       -7.32100
H         -3.19180       -1.04480       -6.46070
H         -3.47990       -2.36100       -7.58410
H         -3.89770       -3.92440       -4.49650
H          2.38830       -1.58120       -1.66160
H          2.34360       -3.14040       -0.00110
H          0.58320       -3.16350        0.13910
H          0.55280       -1.60450        1.76640
H          2.27120       -1.89590        1.95700
H          3.84190       -0.07510        1.46690
H          3.75020       -0.85980       -0.09860
H          3.62490        0.89260        0.00260
H          1.55720        0.47310        2.69940
H          3.09450        2.15940        1.80950
H          1.80890        2.86610        0.82180
H          2.33750        3.70350        3.39130
H         -1.96700        0.35570        2.85720
H         -0.42400        0.29550        3.78600
H         -1.97400        1.13870        0.46350
H         -0.62380        2.05740       -0.17990
H         -1.04540       -0.03790       -1.39850
H         -0.88930       -0.97090        0.07000
H          2.47260        0.70360       -2.06630
H          0.80130        1.06960       -2.48100
H          1.55300        1.88400       -1.13510
H         -1.70870        3.83920        1.66130
H         -2.77260        2.46690        1.95520
H         -2.90840        2.94250        4.33850
H         -3.37630        4.35270        3.38890
H         -1.88840        4.92910        5.32410
H         -2.01030        6.18340        3.43920
H         -1.19700        2.00980        5.54980
H          0.48780        2.15850        6.05240
H         -0.74280        3.22700        6.73900
H          0.49290        5.31080        6.11270
H          1.20710        5.49600        4.50830
H          1.79890        4.23980        5.60810

