HF BASIS=def2-svp cutoff=1.0e-9 denserms=1.0e-6  zmake GRADIENT DIPOLE CHARGE=0

N          0.43650       -0.74280       -3.55710
C          1.16710       -1.39550       -2.44920
C          2.50380       -0.69650       -2.14440
C          2.52830        0.83920       -2.04070
C          1.52130        1.50160       -1.10430
N          1.66620        1.05790        0.27760
C          0.61550        1.14240        1.13440
N         -0.11720        2.19640        1.27500
N          0.36050        0.00670        1.81720
P         -1.18110       -0.41400        2.13480
O         -1.91630        0.88300        2.71880
O         -1.13370       -1.30480        3.46400
O         -1.98950       -1.08420        1.06020
C          0.30520       -1.56550       -1.18810
O         -1.00340       -1.29940       -1.39130
O          0.73240       -1.88670       -0.08620
H         -0.08260        0.05200       -3.17860
H         -0.31610       -1.37850       -3.83770
H          1.39270       -2.41840       -2.77700
H          3.20990       -0.96650       -2.94220
H          2.93330       -1.11690       -1.22650
H          2.38510        1.25900       -3.04440
H          3.54050        1.13480       -1.73460
H          0.50170        1.31310       -1.45580
H          1.67120        2.58690       -1.13970
H          2.22920        0.22040        0.38090
H          0.29420        2.93440        0.69040
H          0.85680       -0.80460        1.46820
H         -1.40410        1.67300        2.40720
H         -2.03420       -1.58920        3.70320
H         -1.47370       -1.38490       -0.51670

