HF BASIS=def2-svp cutoff=1.0e-9 denserms=1.0e-6  zmake GRADIENT DIPOLE CHARGE=0

C          0.48860       -3.88250       -3.86890
C          1.56900       -3.01800       -3.27990
C          2.74230       -3.46410       -2.78290
C          3.15800       -4.90230       -2.66390
C          3.78870       -2.49440       -2.34390
O          4.93640       -2.84970       -2.10450
O          3.42680       -1.19230       -2.24950
C          2.01690       -0.84390       -2.16820
C          1.26210       -1.54000       -3.29600
C          1.93310        0.71580       -2.13340
C          2.55370        1.31330       -3.42040
O          2.80240        1.15550       -1.06360
C          0.47970        1.28890       -1.90180
O         -0.27450        0.96930       -3.08900
C          0.49550        2.85480       -1.78450
C         -0.62510        3.27590       -0.80750
C         -1.43660        2.00480       -0.59400
O         -2.24670        1.88040       -1.80020
C         -2.44970        1.93760        0.57400
C         -1.94510        2.44570        1.93870
C         -2.22560        1.54640        3.09830
O         -3.48240        1.79880        3.73250
C         -3.34660        0.52180        3.08710
C         -3.23980       -0.61740        4.05740
C         -4.51380       -1.43720        4.07540
C         -4.72400       -2.05200        2.70900
C         -4.85010       -1.00190        1.63210
O         -5.48580       -1.27180        0.60680
C         -4.12890        0.35420        1.78700
C         -5.28100        1.39070        1.70860
C         -3.13860        0.53030        0.58340
C         -2.11800       -0.63520        0.46860
C         -1.10640       -0.47430       -0.68210
C         -0.35250        0.87190       -0.61480
C          0.55380        0.86180        0.64100
H         -0.37540       -3.91670       -3.19690
H          0.81220       -4.90780       -4.06660
H          0.16230       -3.46960       -4.83010
H          2.32010       -5.59800       -2.75110
H          3.60870       -5.09260       -1.68350
H          3.89210       -5.15170       -3.43660
H          1.69160       -1.23160       -1.19730
H          0.18570       -1.39990       -3.16790
H          1.54480       -1.15030       -4.27960
H          3.56940        0.93610       -3.58610
H          1.96070        1.09550       -4.31310
H          2.66050        2.40080       -3.33970
H          3.65140        0.68720       -1.19610
H         -1.19380        1.27990       -2.92760
H          1.44530        3.23360       -1.39230
H          0.32920        3.32260       -2.76210
H         -0.17520        3.65320        0.11520
H         -1.21900        4.08790       -1.24120
H         -2.91680        2.59000       -1.78800
H         -3.25110        2.64250        0.30460
H         -0.87400        2.65810        1.92460
H         -2.40430        3.42440        2.13560
H         -1.36750        1.40140        3.74230
H         -2.38740       -1.25030        3.78200
H         -3.03920       -0.24610        5.07020
H         -4.43620       -2.22890        4.82860
H         -5.36870       -0.80530        4.34490
H         -5.64210       -2.64950        2.71760
H         -3.88960       -2.71050        2.44390
H         -4.93450        2.42410        1.80450
H         -6.00840        1.22060        2.51200
H         -5.82240        1.31840        0.75800
H         -3.74320        0.47280       -0.33470
H         -2.65410       -1.57630        0.29770
H         -1.58110       -0.77130        1.41220
H         -0.40740       -1.31510       -0.63950
H         -1.64780       -0.58070       -1.62910
H          1.09780        1.80140        0.77450
H          0.00250        0.67900        1.56380
H          1.29060        0.05470        0.59080

