HF BASIS=def2-svp cutoff=1.0e-9 denserms=1.0e-6  zmake GRADIENT DIPOLE CHARGE=0

O         -2.63200       -1.18880        1.17230
C         -2.70370       -0.08160        2.07670
C         -1.28790        0.43540        2.34490
O         -0.73100        0.82280        1.06860
C          0.62110        1.25700        1.18290
O          1.10920        1.61130       -0.11470
C          1.66890        0.51130       -0.87040
C          0.78010       -0.75360       -1.01760
O          0.74020       -1.45490        0.21930
O          1.31520       -1.68310       -1.95170
C          1.48440       -1.13590       -3.25550
C          2.46860        0.02500       -3.22820
O          2.61010        0.59130       -4.53110
C          1.95770        1.09010       -2.26240
O          2.93270        2.14520       -2.17880
C          0.69210        2.51820        2.06430
O          2.04620        2.97440        2.22960
C          0.12130        2.20080        3.44810
O          0.06320        3.40380        4.23270
C         -1.28370        1.60520        3.34110
O         -2.18480        2.63920        2.92040
H         -2.14580       -0.83880        0.40210
H         -3.18510       -0.42230        2.99790
H         -3.33310        0.67900        1.60370
H         -0.67600       -0.39180        2.72790
H          1.26260        0.48020        1.61840
H          2.61740        0.24680       -0.38450
H         -0.24620       -0.48470       -1.29380
H          0.14830       -2.20980        0.05530
H          1.85990       -1.92760       -3.91290
H          0.51180       -0.83240       -3.66270
H          3.45850       -0.32180       -2.90820
H          3.13010        1.40960       -4.39950
H          1.05430        1.56100       -2.67190
H          2.56220        2.78570       -1.54190
H          0.14010        3.34660        1.60360
H          2.40670        3.05810        1.32620
H          0.78580        1.50690        3.97740
H          0.94680        3.81430        4.13290
H         -1.63120        1.27450        4.32640
H         -1.95560        3.41520        3.47410

