HF BASIS=def2-svp cutoff=1.0e-9 denserms=1.0e-6  zmake GRADIENT DIPOLE CHARGE=0

C         -4.93560       -3.19560        5.30890
C         -5.00980       -4.58750        5.95100
O         -5.95600       -5.38160        5.21330
C         -5.91690       -6.71780        5.45120
O         -5.24100       -7.25680        6.31560
C         -6.85670       -7.45630        4.52460
C         -6.78920       -6.96970        3.07480
C         -5.42240       -7.22790        2.43490
C         -5.31400       -6.56810        1.05850
C         -3.97050       -6.89030        0.39940
C         -3.76740       -6.08260       -0.88410
C         -2.48970       -6.45770       -1.64410
C         -1.20670       -6.15000       -0.86560
C          0.06600       -6.51980       -1.63300
C          0.36770       -5.57910       -2.80190
C          1.68470       -5.96060       -3.48210
C          2.03260       -5.00630       -4.59050
C          3.01320       -4.08740       -4.57970
C          3.92730       -3.76670       -3.43090
C          5.29560       -4.42910       -3.60590
C          6.26690       -4.11730       -2.46150
C          5.85070       -4.75530       -1.13240
C          6.90240       -4.60050       -0.02920
C          7.09750       -3.14920        0.41430
C          8.05780       -3.05320        1.60010
C          8.24980       -1.61130        2.04310
C         -6.31870       -2.53710        5.25430
O         -6.18830       -1.22170        4.68400
C         -7.35010       -0.51940        4.64240
O         -8.41430       -0.89860        5.11400
C         -7.17950        0.77340        3.88550
C         -6.21510        1.75180        4.55250
C         -4.76620        1.56750        4.08670
C         -3.80020        2.60190        4.67610
C         -4.11260        4.06910        4.35440
C         -4.30250        4.39960        2.87010
C         -3.04160        4.16810        2.03670
C         -3.29380        4.42600        0.54940
C         -2.00920        4.25810       -0.26890
C         -2.28070        4.39940       -1.74030
C         -1.93620        3.55370       -2.72610
C         -1.18010        2.25860       -2.61120
C          0.16700        2.28530       -3.34680
C          1.12820        3.33480       -2.78360
C          2.50900        3.32330       -3.44390
C          3.35230        2.06790       -3.19900
C          3.63240        1.80510       -1.71680
C          4.65150        0.67900       -1.53410
C          4.92020        0.41000       -0.06220
O         -4.45590       -3.30550        3.94530
C         -3.10640       -3.39290        3.79730
O         -2.30460       -3.46180        4.71770
C         -2.74960       -3.40990        2.33030
C         -1.42360       -2.71040        2.03710
C         -1.45900       -1.21990        2.38520
C         -0.19350       -0.49910        1.91590
C         -0.20250        0.96080        2.36930
C          0.93300        1.76120        1.73330
C          0.93430        3.20670        2.23440
C          1.87390        4.08350        1.40670
C          1.81220        5.54760        1.84720
C          2.62730        6.48050        0.94600
C          2.01510        6.64420       -0.44890
C          2.80860        7.63440       -1.30290
C          2.18930        7.77700       -2.69550
C          2.99830        8.73300       -3.57330
C          2.35760        8.89780       -4.95390
C          3.17720        9.83970       -5.83740
C          2.49340       10.17910       -7.16530
C          2.20000        8.99110       -8.08510
C          3.44740        8.23780       -8.51880
H         -4.26010       -2.54270        5.87610
H         -4.02770       -5.07150        5.92210
H         -5.35000       -4.50950        6.99000
H         -6.60840       -8.52300        4.56580
H         -7.87260       -7.33320        4.91580
H         -7.02940       -5.90120        3.02260
H         -7.55880       -7.49060        2.49320
H         -4.62390       -6.83470        3.07460
H         -5.26020       -8.30880        2.34670
H         -5.41950       -5.48170        1.17120
H         -6.13250       -6.90900        0.41280
H         -3.16440       -6.67300        1.10830
H         -3.92410       -7.96310        0.17520
H         -4.62290       -6.24660       -1.55080
H         -3.75060       -5.01150       -0.64830
H         -2.51790       -7.52330       -1.90120
H         -2.48840       -5.90450       -2.59000
H         -1.18090       -5.08940       -0.58860
H         -1.20210       -6.72320        0.06850
H          0.90760       -6.48610       -0.92970
H         -0.00370       -7.55370       -1.99140
H          0.42650       -4.54760       -2.43240
H         -0.44400       -5.61280       -3.53720
H          1.60010       -6.96700       -3.91190
H          2.48780       -6.01800       -2.73930
H          1.43640       -5.10530       -5.49700
H          3.16290       -3.49030       -5.47810
H          3.46870       -4.06130       -2.48260
H          4.04760       -2.67750       -3.38060
H          5.17970       -5.51640       -3.69910
H          5.74710       -4.08160       -4.54430
H          6.35740       -3.03050       -2.35270
H          7.25880       -4.49370       -2.74200
H          4.90470       -4.32660       -0.78420
H          5.67520       -5.82690       -1.28940
H          7.85880       -5.01870       -0.36670
H          6.58260       -5.19820        0.83300
H          7.49180       -2.55230       -0.41540
H          6.12830       -2.71990        0.69440
H          7.67000       -3.63830        2.44250
H          9.02980       -3.48040        1.32840
H          8.93870       -1.56430        2.89210
H          7.29850       -1.16620        2.35190
H          8.66580       -1.00390        1.23300
H         -6.73400       -2.45800        6.26640
H         -6.99740       -3.11480        4.61490
H         -8.17320        1.23900        3.84380
H         -6.89850        0.54900        2.85080
H         -6.54710        2.76330        4.29680
H         -6.26770        1.66160        5.64330
H         -4.41060        0.57320        4.37870
H         -4.71820        1.59790        2.99160
H         -2.78630        2.36460        4.33160
H         -3.78010        2.48660        5.76740
H         -3.30440        4.69060        4.75900
H         -5.01850        4.36960        4.89450
H         -4.59140        5.45470        2.78730
H         -5.13710        3.82260        2.45830
H         -2.69790        3.13690        2.15840
H         -2.24190        4.82520        2.39810
H         -3.68970        5.44030        0.41160
H         -4.06090        3.72950        0.18700
H         -1.28680        5.02840        0.02530
H         -1.55510        3.29230       -0.03290
H         -2.81090        5.30830       -2.02700
H         -2.22080        3.82710       -3.74270
H         -1.01240        1.97080       -1.56910
H         -1.80140        1.46720       -3.04800
H          0.61180        1.28760       -3.26290
H          0.00410        2.47210       -4.41490
H          1.22610        3.20110       -1.70300
H          0.70080        4.33400       -2.93380
H          3.06950        4.19370       -3.08060
H          2.39080        3.46260       -4.52550
H          2.86980        1.19200       -3.64600
H          4.30530        2.19620       -3.72780
H          4.01200        2.72040       -1.24570
H          2.70270        1.53430       -1.20290
H          5.59340        0.94940       -2.02650
H          4.28690       -0.23920       -2.00950
H          5.24300        1.31950        0.45310
H          5.71040       -0.33730        0.04600
H          4.02260        0.03230        0.43670
H         -2.69840       -4.45670        2.01540
H         -3.54770       -2.92420        1.75580
H         -0.61150       -3.19600        2.59210
H         -1.19770       -2.83090        0.97070
H         -2.33460       -0.75220        1.91700
H         -1.56920       -1.09260        3.46830
H         -0.13230       -0.55110        0.82180
H          0.69650       -1.00020        2.31590
H         -0.12650        1.00670        3.46270
H         -1.15900        1.41800        2.09340
H          1.89940        1.29420        1.95660
H          0.81130        1.74680        0.64350
H         -0.07980        3.61600        2.17460
H          1.22830        3.23280        3.29020
H          1.58590        3.99910        0.35600
H          2.90240        3.71270        1.49040
H          2.19620        5.62490        2.87140
H          0.76960        5.88880        1.87390
H          3.65650        6.11060        0.86180
H          2.68100        7.46440        1.42750
H          1.99130        5.67900       -0.96480
H          0.97720        6.98800       -0.35650
H          2.83200        8.61340       -0.80860
H          3.84590        7.29080       -1.39450
H          1.15990        8.14340       -2.60230
H          2.13890        6.79340       -3.17880
H          4.02070        8.35240       -3.68500
H          3.06800        9.71150       -3.08260
H          2.27490        7.91480       -5.43120
H          1.34040        9.29140       -4.83920
H          4.16770        9.40800       -6.02170
H          3.34810       10.77930       -5.29760
H          3.12270       10.89810       -7.70460
H          1.54800       10.69520       -6.95440
H          1.69220        9.36840       -8.98120
H          1.50090        8.29820       -7.60510
H          4.17250        8.91340       -8.98400
H          3.92930        7.74030       -7.67290
H          3.18460        7.46740       -9.25100

