HF BASIS=def2-svp cutoff=1.0e-9 denserms=1.0e-6  zmake GRADIENT DIPOLE CHARGE=0

C          9.88780        1.91780        4.57910
C          8.48280        1.84190        4.18140
C          7.32940        1.77940        3.85480
C          5.84980        1.69930        3.43570
C          4.69670        1.63690        3.10920
C          3.21720        1.55670        2.69010
C          2.06390        1.49380        2.36280
C          0.69680        1.42330        1.98040
C          0.30530        0.70600        0.91800
C         -1.07450        0.61030        0.49810
C         -1.46200       -0.10840       -0.56640
C         -2.89020       -0.22630       -1.01890
C         -3.07520        0.34420       -2.42700
C         -4.53030        0.21440       -2.88940
C         -4.77890        0.83480       -4.26770
C         -4.08250        0.09910       -5.37680
C         -3.16790        0.65050       -6.18430
H         10.47640        1.14270        4.07920
H         10.31470        2.89050        4.31650
H          9.99440        1.78100        5.65950
H         -0.02030        1.97340        2.58230
H          1.04470        0.16360        0.33100
H         -1.81620        1.15230        1.08160
H         -0.72700       -0.65640       -1.15300
H         -3.56210        0.28780       -0.32090
H         -3.17070       -1.28640       -1.00770
H         -2.78090        1.40130       -2.43920
H         -2.41200       -0.18230       -3.12400
H         -5.18280        0.71610       -2.16390
H         -4.82250       -0.84320       -2.89820
H         -5.85600        0.81250       -4.47340
H         -4.48590        1.89170       -4.25310
H         -4.35870       -0.94280       -5.52640
H         -2.86250        1.68680       -6.07800
H         -2.70150        0.06920       -6.97390

