HF BASIS=def2-svp cutoff=1.0e-9 denserms=1.0e-6  zmake GRADIENT DIPOLE CHARGE=0

C         -3.48640       -1.37870        4.56710
C         -3.31830       -0.19830        3.62260
C         -3.94190        1.04600        4.18870
C         -3.32450        2.17650        4.57350
C         -1.85230        2.47230        4.56180
C         -1.53340        3.64460        3.67730
C         -1.00570        3.61330        2.44120
C         -0.67540        2.39710        1.62360
C          0.80440        2.27000        1.39890
C          1.60600        1.26320        1.78640
C          1.22460        0.04850        2.59930
C          0.94290       -1.23030        1.78330
O         -0.28400       -1.04770        1.06080
O         -0.99000       -2.32520        1.10440
C          2.08600       -1.60950        0.86490
C          2.07510       -1.55070       -0.47710
C          3.21950       -1.90510       -1.28280
C          3.30380       -1.85320       -2.62220
C          2.25840       -1.43640       -3.62180
C          2.10440       -2.47200       -4.70170
C          1.00540       -3.16450       -5.04340
C         -0.37140       -3.06720       -4.44650
C         -0.70140       -4.26360       -3.56190
C         -0.11430       -4.08250       -2.19350
O          1.01350       -4.78850       -2.00380
O         -0.56170       -3.35650       -1.31830
H         -2.98450       -1.19290        5.52270
H         -4.54390       -1.57980        4.77000
H         -3.04950       -2.28040        4.12630
H         -2.25570       -0.06710        3.40470
H         -3.80460       -0.42610        2.66660
H         -5.02780        1.01340        4.27820
H         -3.95150        2.98070        4.95760
H         -1.54440        2.72460        5.58480
H         -1.25500        1.59900        4.29410
H         -1.74320        4.62160        4.11110
H         -0.82550        4.56680        1.94570
H         -1.10070        1.49110        2.05820
H         -1.16020        2.50340        0.64520
H          1.25390        3.07420        0.81790
H          2.65540        1.31680        1.49960
H          2.04640       -0.14650        3.30070
H          0.35080        0.27310        3.21970
H          0.80510       -2.04910        2.50250
H         -0.86260       -2.55920        0.15690
H          2.98560       -1.93800        1.38100
H          1.17860       -1.19820       -0.98130
H          4.10890       -2.22780       -0.74100
H          4.26450       -2.12790       -3.05900
H          2.58920       -0.50320       -4.09270
H          1.30330       -1.21640       -3.14320
H          3.01090       -2.67450       -5.27250
H          1.10250       -3.88530       -5.85570
H         -1.08550       -3.03690       -5.27990
H         -0.50890       -2.12810       -3.89970
H         -1.78760       -4.35470       -3.43570
H         -0.36050       -5.21080       -3.99590
H          1.35670       -4.49590       -1.13310

