HF BASIS=def2-svp cutoff=1.0e-9 denserms=1.0e-6  zmake GRADIENT DIPOLE CHARGE=0

C         -2.42660        1.69650       -1.48720
C         -1.37020        0.75450       -2.06870
C         -1.75600        0.35340       -3.49300
C          0.02180        1.39910       -2.06400
C          0.54940        1.62870       -0.66980
O          0.73140        2.73250       -0.17490
O          0.78740        0.44270       -0.04690
C          1.35870        0.55660        1.26580
C          1.20540       -0.79520        1.99710
C          1.82850       -1.95950        1.21890
C         -0.27390       -1.09650        2.26040
C          2.82930        0.97270        1.19270
O          3.35120        1.27450        2.40080
O          3.52360        1.04540        0.19050
H         -3.41750        1.23050       -1.51320
H         -2.20630        1.94210       -0.44330
H         -2.47910        2.63290       -2.05290
H         -1.35390       -0.15470       -1.45460
H         -1.03050       -0.35460       -3.90740
H         -2.73890       -0.12940       -3.50880
H         -1.79580        1.22510       -4.15510
H          0.74960        0.77130       -2.59270
H          0.00490        2.36310       -2.58690
H          0.82020        1.33090        1.82890
H          1.71040       -0.73320        2.96960
H          1.72840       -2.89420        1.78150
H          2.89660       -1.79400        1.04640
H          1.34460       -2.10320        0.24700
H         -0.38410       -2.02440        2.83180
H         -0.83610       -1.20780        1.32710
H         -0.73620       -0.29150        2.84140
H          4.26830        1.55460        2.19470

