HF BASIS=def2-svp cutoff=1.0e-9 denserms=1.0e-6  zmake GRADIENT DIPOLE CHARGE=0

C         -6.32790        1.97350        2.25540
C         -4.97390        2.38490        2.81300
C         -3.84350        2.31390        1.78310
C         -4.00230        3.32120        0.64150
C         -2.78890        3.37070       -0.29280
C         -2.60620        2.09180       -1.11510
C         -1.45310        2.23660       -2.11150
C         -1.30170        1.02930       -3.04110
C         -0.81530       -0.23320       -2.32430
C         -0.62530       -1.38700       -3.31410
C         -0.18980       -2.69390       -2.64540
C          1.24260       -2.64540       -2.10750
C          1.64800       -3.98370       -1.48600
C          3.10920       -4.02600       -1.02620
C          3.51680       -2.96740        0.00470
C          2.69870       -3.03180        1.29590
C          3.21900       -2.09410        2.39060
C          3.23240       -0.60250        2.03820
C          1.89670       -0.01380        1.57440
C          0.78340       -0.13450        2.61440
C         -0.49960        0.52020        2.12660
H         -6.67910        2.67620        1.49420
H         -6.28250        0.97430        1.81070
H         -7.07360        1.95380        3.05680
H         -4.72460        1.71960        3.64830
H         -5.04140        3.39850        3.22500
H         -3.78410        1.29450        1.38560
H         -2.89760        2.51020        2.30220
H         -4.89870        3.09290        0.05420
H         -4.14730        4.32180        1.06710
H         -2.92050        4.21880       -0.97630
H         -1.88100        3.57190        0.28870
H         -3.53290        1.87030       -1.65750
H         -2.41070        1.24880       -0.44610
H         -1.62930        3.12340       -2.73260
H         -0.51410        2.40960       -1.57220
H         -2.25570        0.82940       -3.54370
H         -0.58060        1.29060       -3.82550
H         -1.53780       -0.53500       -1.55850
H          0.12820       -0.01200       -1.81420
H          0.10480       -1.10490       -4.08230
H         -1.57530       -1.56790       -3.83240
H         -0.26320       -3.49960       -3.38640
H         -0.88590       -2.94430       -1.83570
H          1.93250       -2.39430       -2.92190
H          1.32350       -1.85540       -1.35620
H          0.98390       -4.21830       -0.64600
H          1.50280       -4.78220       -2.22440
H          3.31210       -5.02140       -0.61200
H          3.75900       -3.92090       -1.90400
H          3.44200       -1.97220       -0.44550
H          4.57670       -3.11710        0.24490
H          2.72630       -4.05700        1.68470
H          1.64680       -2.80750        1.09240
H          2.61830       -2.24670        3.29530
H          4.24080       -2.39290        2.65720
H          3.98130       -0.42180        1.25780
H          3.57770       -0.04630        2.91870
H          2.05510        1.04700        1.34240
H          1.58240       -0.48650        0.63810
H          1.09710        0.33900        3.55180
H          0.57650       -1.18740        2.83360
H         -0.34830        1.58690        1.93370
H         -0.85170        0.05030        1.20320
H         -1.28610        0.41870        2.88050

