HF BASIS=def2-svp cutoff=1.0e-9 denserms=1.0e-6  zmake GRADIENT DIPOLE CHARGE=0

O          4.21020        2.92510       -1.55110
C          3.15210        2.83660       -0.72570
O          3.03100        3.59670        0.21770
C          2.20660        1.74790       -1.09220
C          2.39340        1.08080       -2.30420
C          1.49660        0.09970       -2.63980
N          0.45160       -0.23340       -1.86440
C          0.25600        0.39580       -0.66770
C          1.13690        1.39620       -0.23170
N          0.96810        2.12410        0.96320
C          0.28280        1.84970        2.11080
O          0.25900        2.70480        2.99830
C         -0.30640        0.53270        2.38820
C         -0.34150        0.13500        3.73900
C         -0.93660       -1.06290        4.10560
C         -1.49530       -1.82320        3.10490
N         -1.48510       -1.46190        1.80470
C         -0.88470       -0.28960        1.43020
N         -0.92460        0.06050        0.05520
C         -1.97030       -0.64820       -0.73960
C         -3.43710       -0.35130       -0.54090
C         -2.75940        0.06880       -1.80840
H          4.73890        3.66830       -1.18860
H          3.20790        1.31970       -2.97930
H          1.58320       -0.45550       -3.56950
H          1.52280        2.97810        1.06270
H          0.09080        0.77230        4.50880
H         -0.97210       -1.38210        5.14080
H         -1.98550       -2.76830        3.31990
H         -1.70300       -1.68460       -0.93790
H         -3.70980        0.41780        0.17140
H         -4.12160       -1.18990       -0.57520
H         -2.97830       -0.48030       -2.71580
H         -2.57120        1.12470       -1.95950

