HF BASIS=def2-svp cutoff=1.0e-9 denserms=1.0e-6  zmake GRADIENT DIPOLE CHARGE=0

C         -1.62500       -4.79660        0.09830
C         -1.28880       -5.40490        1.46270
O         -2.41600       -5.39840        2.34670
C         -2.73730       -4.13620        2.95620
O         -3.29570       -3.26820        1.97260
C         -4.31030       -2.40150        2.48580
C         -4.88690       -1.55230        1.33960
O         -3.91030       -0.55610        0.98080
C         -4.39420        0.33410       -0.02340
O         -3.38990        1.28670       -0.40310
C         -3.15630        2.34730        0.54400
C         -2.27210        1.77840        1.67570
C         -1.30330        2.77070        2.30670
C         -0.35690        3.49150        1.28820
C         -0.24810        4.95050        1.82600
C         -0.95470        3.38620       -0.16030
C         -0.09090        4.13970       -1.18560
C          1.33750        3.56440       -1.22650
C          2.08640        3.49540        0.14190
C          2.48250        4.95960        0.49150
C          1.11630        2.85030        1.24760
C          1.04150        1.28990        1.14710
C          2.36440        0.54830        0.99030
C          3.12550        1.13170       -0.18170
C          4.48830        0.49520       -0.50350
C          4.55650       -0.72570       -1.41650
C          3.53150       -1.81480       -1.12810
O          5.87250       -1.28620       -1.23700
C          4.44780       -0.10120       -2.82240
C          5.07880       -0.86910       -3.99260
C          4.47280       -2.21950       -4.25890
C          3.35710       -2.48770       -4.96390
C          2.86670       -3.90270       -5.11870
C          2.49990       -1.45250       -5.64320
O          5.11510        1.17740       -2.73390
C          5.17020        1.57000       -1.36380
O          6.53050        1.73850       -0.99840
C          4.37050        2.89470       -1.16340
O          5.24000        4.00980       -0.98630
C          3.44610        2.63580        0.06350
C          4.27980        2.84180        1.37310
C         -2.50820        3.56170       -0.23370
C         -3.01540        4.88720        0.36840
C         -2.99260        3.56980       -1.70810
C         -4.72790       -0.44340       -1.31930
O         -5.23930        0.43400       -2.33620
C         -5.75680       -1.53170       -1.02170
O         -7.00280       -0.89990       -0.67230
C         -5.23800       -2.42040        0.11530
O         -6.19170       -3.43140        0.43870
C         -1.52410       -3.48640        3.65580
O         -1.15290       -4.23000        4.83130
C         -0.33110       -3.42630        2.70610
O          0.82440       -2.96540        3.43500
C         -0.03500       -4.81390        2.12830
O          1.06170       -4.71140        1.21260
H         -1.69710       -3.70440        0.13480
H         -0.85790       -5.04940       -0.64220
H         -2.58810       -5.17070       -0.26380
H         -1.08170       -6.46480        1.26680
H         -3.49560       -4.38450        3.70830
H         -5.10780       -3.00840        2.92860
H         -3.87840       -1.75230        3.25710
H         -5.77730       -1.04480        1.72970
H         -5.27580        0.87840        0.33590
H         -4.12050        2.67220        0.95460
H         -2.92630        1.38700        2.46700
H         -1.71320        0.90900        1.31170
H         -0.71890        2.27880        3.09470
H         -1.92600        3.48980        2.85450
H         -1.13980        5.28740        2.36160
H         -0.10770        5.69320        1.04180
H          0.56890        5.04840        2.55210
H         -0.83530        2.34310       -0.48210
H         -0.49950        4.01610       -2.19430
H         -0.08550        5.21850       -1.00350
H          1.91130        4.17230       -1.93780
H          1.26730        2.56750       -1.67150
H          1.71750        5.69210        0.23370
H          3.35820        5.28520       -0.07700
H          2.71510        5.07660        1.55480
H          1.56510        3.05340        2.22920
H          0.55860        0.88360        2.04180
H          0.41780        0.99300        0.29790
H          2.94090        0.58740        1.91770
H          2.14510       -0.50860        0.82290
H          2.49550        1.02580       -1.07150
H          5.04570        0.31020        0.42140
H          3.73900       -2.72000       -1.70360
H          2.51060       -1.48980       -1.34940
H          3.58390       -2.11780       -0.07530
H          5.86040       -1.85310       -0.44500
H          3.39780        0.11550       -3.05600
H          5.03330       -0.25270       -4.90040
H          6.15660       -0.99100       -3.82260
H          5.02010       -3.04880       -3.80720
H          1.88450       -4.01500       -4.64940
H          3.54330       -4.62760       -4.65290
H          2.78260       -4.16500       -6.17970
H          2.90840       -0.44070       -5.57110
H          1.50140       -1.43650       -5.19350
H          2.39830       -1.68860       -6.70920
H          6.92210        0.85530       -1.13660
H          3.78220        3.08570       -2.06410
H          6.14440        3.62830       -0.98060
H          5.17530        2.21880        1.40460
H          3.70490        2.61580        2.27210
H          4.63460        3.87120        1.47270
H         -4.05910        5.06970        0.08810
H         -2.43080        5.74000        0.00540
H         -3.00170        4.88970        1.45760
H         -2.70570        4.49450       -2.22100
H         -4.08580        3.50160       -1.76490
H         -2.57610        2.73490       -2.28030
H         -3.81330       -0.90010       -1.71680
H         -4.63910        1.20770       -2.32340
H         -5.95940       -2.13510       -1.91540
H         -7.28470       -0.45490       -1.49480
H         -4.33710       -2.91940       -0.26560
H         -5.70200       -4.15930        0.86280
H         -1.76750       -2.47450        4.00050
H         -0.27070       -3.88120        5.08380
H         -0.51070       -2.69860        1.90500
H          1.54230       -2.93190        2.77060
H          0.28030       -5.47460        2.94840
H          1.78200       -5.26410        1.57310

