HF BASIS=def2-svp cutoff=1.0e-9 denserms=1.0e-6  zmake GRADIENT DIPOLE CHARGE=0

C         -0.45010        1.31560        2.17490
C         -0.84770        0.22350        1.16910
C         -2.23040       -0.30260        1.58850
O          0.08920       -0.86670        1.31800
C          0.72490       -1.26350        0.07430
C          1.61050       -2.46820        0.38900
C         -0.36040       -1.63980       -0.95130
C         -1.23940       -0.41700       -1.23230
O         -1.09310       -0.04280       -2.60000
C         -0.82220        0.73820       -0.29810
C          0.62320        1.14580       -0.66810
C          1.55110       -0.05690       -0.44590
O          2.55590        0.31460        0.50150
H          0.58630        1.64020        2.04930
H         -1.10230        2.19100        2.09100
H         -0.51130        0.93790        3.20260
H         -2.50460       -1.21740        1.05440
H         -2.23520       -0.57910        2.64970
H         -3.00980        0.44910        1.42670
H          2.15950       -2.80470       -0.49620
H          1.00730       -3.30450        0.76090
H          2.33200       -2.23800        1.18050
H         -0.99190       -2.43190       -0.52930
H          0.08810       -2.03090       -1.87220
H         -2.29450       -0.67780       -1.10030
H         -1.69800        0.70030       -2.77050
H         -1.48730        1.59810       -0.43920
H          0.67050        1.45490       -1.71920
H          0.94570        2.02060       -0.09330
H          2.06590       -0.31060       -1.37930
H          2.16780        0.16530        1.38480

