HF BASIS=def2-svp cutoff=1.0e-9 denserms=1.0e-6  zmake GRADIENT DIPOLE CHARGE=0

O         -1.47010        1.26020       -5.69100
C         -0.52950        2.03150       -5.07910
C          0.76120        1.56430       -4.87180
C          1.68040        2.37290       -4.21020
C          1.30860        3.64640       -3.74650
C          0.00150        4.10200       -3.97430
C         -0.91620        3.29350       -4.63940
C          2.26890        4.49200       -2.92510
O          3.62870        4.35280       -3.40920
C          4.39100        4.18850       -2.27980
C          5.76890        4.13010       -2.30600
C          6.42030        3.92420       -1.09990
O          7.78460        3.85570       -1.11640
C          5.70480        3.77140        0.09540
C          4.29520        3.80410        0.11780
C          3.53410        3.58810        1.39980
O          4.03590        2.57860        2.29740
C          2.74200        2.33690        1.72100
C          2.60090        1.11670        0.82560
C          1.35370        0.46340        0.73030
C          1.22490       -0.69780       -0.02400
C          2.31180       -1.22000       -0.69920
O          2.06810       -2.40640       -1.34130
C          0.62530       -2.59200       -1.23680
C          0.08600       -1.66190       -0.11270
C         -1.29090       -1.10400       -0.39690
C         -2.42610       -1.60190        0.25790
C         -2.56550       -2.68330        1.28930
C         -4.11680       -2.82440        1.34610
O         -4.71130       -1.68590        0.66210
C         -3.68990       -1.11330       -0.04520
C         -3.89370       -0.12840       -0.98640
C         -2.78420        0.36130       -1.66060
O         -3.00510        1.30530       -2.61710
C         -1.49600       -0.10980       -1.38020
C         -4.63230       -4.14560        0.78700
C         -4.28430       -5.35100        1.42290
C         -4.76670       -6.57720        0.95370
C         -5.60610       -6.60480       -0.15400
O         -6.10780       -7.77490       -0.63800
C         -5.98020       -5.42620       -0.78710
C         -5.49220       -4.20100       -0.32450
C         -1.96760       -2.35450        2.64740
C         -2.32890       -1.19620        3.35600
C         -1.78930       -0.95310        4.61580
O         -2.14850        0.14870        5.33520
C         -0.87920       -1.83380        5.18350
C         -0.49950       -2.98010        4.48770
C         -1.04660       -3.24100        3.22930
C          0.29370       -4.04710       -0.96090
C          1.06130       -4.80810       -0.06520
C          0.69830       -6.11810        0.24930
C         -0.43480       -6.68350       -0.32950
C         -1.20720       -5.93980       -1.21890
C         -0.84810       -4.62880       -1.53270
C          3.54800       -0.61930       -0.64750
C          3.68880        0.53990        0.12400
C          3.66550        4.04770       -1.10430
C          2.20620        4.08560       -1.42660
C          1.33740        5.02570       -0.61610
C          1.71230        6.35190       -0.34500
C          0.83350        7.19610        0.32970
O          1.16140        8.49200        0.60000
C         -0.41880        6.75100        0.73550
C         -0.79730        5.43880        0.47870
C          0.07450        4.57980       -0.19030
H         -1.04440        0.45840       -6.04480
H          1.07210        0.58140       -5.20940
H          2.68920        2.00050       -4.04170
H         -0.31080        5.08130       -3.62210
H         -1.93130        3.64220       -4.81230
H          2.01260        5.54960       -3.07650
H          6.31770        4.23440       -3.23390
H          8.08820        3.52840       -0.25390
H          6.23460        3.60160        1.02950
H          3.18720        4.50070        1.87450
H          1.90450        2.49790        2.39930
H          0.50010        0.83070        1.29680
H          0.22390       -2.31290       -2.22220
H          0.08680       -2.18970        0.84530
H         -2.11260       -3.60350        0.90670
H         -4.48360       -2.77570        2.37890
H         -4.89030        0.23430       -1.21000
H         -2.16120        1.60730       -2.98500
H         -0.64940        0.28580       -1.93880
H         -3.64050       -5.34540        2.29950
H         -4.49060       -7.49190        1.46960
H         -5.66910       -8.51540       -0.18310
H         -6.64620       -5.45620       -1.64560
H         -5.81030       -3.29090       -0.82960
H         -3.03780       -0.49550        2.92580
H         -2.85800        0.60890        4.85430
H         -0.46390       -1.62760        6.16620
H          0.21420       -3.66950        4.92890
H         -0.74600       -4.14760        2.70600
H          1.95230       -4.37750        0.39550
H          1.30160       -6.69450        0.94560
H         -0.71790       -7.70360       -0.08500
H         -2.09740       -6.37860       -1.66410
H         -1.47080       -4.06440       -2.22430
H          4.40280       -1.05430       -1.15410
H          4.67750        0.98320        0.20740
H          1.82790        3.05870       -1.31680
H          2.68000        6.72110       -0.67690
H          2.08050        8.65020        0.32990
H         -1.09820        7.42350        1.24450
H         -1.77830        5.08760        0.78510
H         -0.24700        3.56090       -0.39510

