HF BASIS=def2-svp cutoff=1.0e-9 denserms=1.0e-6  zmake GRADIENT DIPOLE CHARGE=+1

O         -0.78070        0.06620       -1.13210
C         -2.14010        0.38830       -1.45190
C         -2.81000        1.37280       -0.47800
O         -2.77380        0.83110        0.85760
C         -1.87310        1.49340        1.75150
O         -0.54630        1.35260        1.24160
C          0.46370        1.41490        2.26270
C          0.89590       -0.00940        2.64900
O          1.45000       -0.62500        1.47540
C          1.88670       -1.96830        1.68320
O          2.48930       -2.45830        0.46290
C          1.65470       -2.38570       -0.62850
C          0.47840       -3.13610       -0.63800
C         -0.41450       -3.04490       -1.71190
C         -1.69690       -3.63190       -1.72050
O         -2.08370       -4.36640       -0.63350
C         -2.56870       -3.46760       -2.79770
C         -2.14470       -2.72760       -3.89770
O         -2.94030       -2.54010       -4.98520
C         -0.87970       -2.15690       -3.92980
C         -0.02590       -2.31060       -2.84330
O          1.29690       -1.82520       -2.98340
C          2.02350       -1.63320       -1.76280
C          3.21890       -0.78680       -1.93640
C          3.83290       -0.07920       -0.89180
C          4.94680        0.71780       -1.13350
O          5.50830        1.39320       -0.08740
C          5.48380        0.83800       -2.40990
O          6.57890        1.63630       -2.56540
C          4.90010        0.16420       -3.47040
C          3.77490       -0.63690       -3.23090
C          2.95560       -2.04100        2.79440
O          3.29820       -3.40470        3.07800
C          2.42700       -1.38530        4.07080
O          3.46960       -1.31190        5.05400
C          1.92760        0.03020        3.77960
O          1.34380        0.57530        4.96110
C         -2.27620        2.97890        1.92680
O         -3.33200        3.10350        2.89650
C         -2.76180        3.60490        0.60770
O         -2.30710        4.96220        0.49120
C         -2.27140        2.80800       -0.60130
O         -2.75530        3.40940       -1.80530
H         -0.61000        0.44160       -0.23760
H         -2.69020       -0.55790       -1.43310
H         -2.16010        0.77240       -2.47810
H         -3.87160        1.38870       -0.75740
H         -1.96050        0.96190        2.70640
H          1.31090        1.94280        1.81240
H          0.12240        1.99510        3.12570
H          0.00620       -0.57900        2.94550
H          1.03630       -2.60640        1.95420
H          0.21650       -3.75710        0.21800
H         -2.97540       -4.73850       -0.76770
H         -3.55760       -3.91660       -2.78750
H         -3.84230       -2.86480       -4.82250
H         -0.53770       -1.60150       -4.79650
H          3.45280       -0.10650        0.12350
H          6.26790        1.87490       -0.48150
H          6.84420        1.64040       -3.50220
H          5.28980        0.24900       -4.48070
H          3.32160       -1.15200       -4.07960
H          3.87640       -1.54390        2.46110
H          4.13320       -3.37590        3.58160
H          1.62280       -1.98680        4.51690
H          3.40660       -2.11710        5.60520
H          2.77630        0.66700        3.50260
H          2.04450        0.54700        5.64470
H         -1.43340        3.55520        2.32460
H         -4.06310        2.51470        2.62280
H         -3.85820        3.66330        0.57970
H         -2.62460        5.43540        1.28430
H         -1.17730        2.83850       -0.65630
H         -2.56460        4.36580       -1.70990

