HF BASIS=def2-svp cutoff=1.0e-9 denserms=1.0e-6  zmake GRADIENT DIPOLE CHARGE=0

C         -2.98460        4.16160        1.71500
C         -1.67150        3.49950        2.04470
C         -1.81160        2.12020        2.62720
C         -0.50750        4.13750        1.80960
C          0.89590        3.65670        2.06800
C          1.69260        3.50940        0.78770
C          1.59320        2.34010        0.00890
O          0.77890        1.33720        0.46930
C          0.59670        0.20180       -0.29680
C          1.22620       -0.05780       -1.45990
C          1.12180       -1.31800       -2.28530
C          0.24110       -1.13630       -3.49480
C         -0.83420       -1.85780       -3.86990
C         -1.58220       -1.51070       -5.13220
C         -1.39870       -3.04260       -3.13500
C          2.17260        0.97480       -1.95530
O          2.83620        0.82610       -2.97810
C          2.30670        2.21520       -1.18030
C          3.13240        3.25830       -1.61120
O          3.86910        3.20350       -2.76410
C          3.23790        4.42580       -0.86300
C          2.51700        4.54630        0.32440
O          2.60920        5.69680        1.05690
C         -0.35690       -0.72780        0.33300
C         -1.61970       -0.91520       -0.24650
C         -2.52450       -1.78800        0.34430
O         -3.74850       -1.96840       -0.23380
C         -2.20030       -2.47760        1.50930
O         -3.14050       -3.32260        2.03060
C         -0.96290       -2.29510        2.10950
C         -0.05320       -1.41230        1.52500
O          1.13640       -1.25580        2.18560
H         -3.53930        3.56090        0.98670
H         -3.59440        4.26460        2.61860
H         -2.85180        5.16130        1.28820
H         -2.38040        2.16430        3.56200
H         -0.85770        1.63910        2.84970
H         -2.35010        1.47130        1.92880
H         -0.54730        5.14240        1.38730
H          1.38640        4.37260        2.73910
H          0.92510        2.71250        2.62030
H          2.12180       -1.61130       -2.63010
H          0.79390       -2.15350       -1.66190
H          0.55650       -0.32070       -4.14800
H         -2.62450       -1.26890       -4.89960
H         -1.56710       -2.35690       -5.82670
H         -1.14920       -0.64840       -5.65000
H         -1.38700       -3.92480       -3.78400
H         -2.43580       -2.84570       -2.84490
H         -0.84660       -3.30200       -2.23010
H          3.71160        2.32780       -3.18610
H          3.88040        5.22490       -1.22040
H          3.19490        6.32170        0.59650
H         -1.90500       -0.38800       -1.15340
H         -4.20550       -2.60750        0.34890
H         -2.76930       -3.72860        2.83370
H         -0.69090       -2.81200        3.02350
H          1.59630       -0.48070        1.81920

