HF BASIS=def2-svp cutoff=1.0e-9 denserms=1.0e-6  zmake GRADIENT DIPOLE CHARGE=0

C         -0.70830        2.07630       -5.20050
O         -1.62490        1.77020       -4.14220
C         -1.10660        0.77870       -3.34330
C         -1.36400       -0.54790       -3.69640
O         -2.13020       -0.84860       -4.78600
C         -0.86170       -1.59160       -2.94070
C         -0.12690       -1.30990       -1.78810
O          0.32460       -2.41770       -1.11310
C          1.09140       -2.23720        0.00570
C          1.38070       -0.99600        0.55490
C          2.17350       -0.91330        1.71070
O          2.48080        0.28940        2.29590
C          2.68690       -2.07120        2.31400
C          3.53790       -1.98360        3.54860
C          4.28970       -3.28640        3.77480
C          3.36890       -4.49900        3.58500
C          4.21160       -5.77970        3.67990
C          2.25290       -4.57200        4.63820
O          2.77820       -4.51430        2.27260
C          2.36270       -3.31470        1.76300
C          1.58060       -3.39580        0.60950
C          0.83060        0.19990       -0.10390
O          0.99250        1.29100        0.43580
C          0.09180        0.01630       -1.38230
C         -0.39800        1.09270       -2.16810
C         -0.21120        2.54340       -1.77440
C         -1.23420        2.98440       -0.71750
C         -0.81680        4.25290        0.05290
C         -0.71470        5.47230       -0.86450
C         -1.81650        4.53150        1.17800
O          0.46460        4.06690        0.65910
H         -1.09300        2.95300       -5.72980
H          0.28870        2.32050       -4.81750
H         -0.64500        1.24890       -5.91500
H         -2.54130       -0.00900       -5.06660
H         -1.05370       -2.61890       -3.23720
H          2.04350        1.00170        1.77930
H          2.89770       -1.75740        4.40920
H          4.26940       -1.17220        3.45580
H          5.10830       -3.33860        3.04330
H          4.74870       -3.28540        4.77060
H          4.98620       -5.79510        2.90430
H          3.59280       -6.66900        3.51240
H          4.69680       -5.87350        4.65700
H          1.55870       -3.72900        4.56130
H          2.66220       -4.58940        5.65370
H          1.64560       -5.47350        4.49490
H          1.34790       -4.37030        0.18680
H          0.82470        2.69390       -1.45330
H         -0.30780        3.19820       -2.64740
H         -1.38510        2.17430        0.00770
H         -2.20900        3.13800       -1.19930
H         -0.44980        6.36870       -0.29170
H         -1.65760        5.66350       -1.38710
H          0.07880        5.34580       -1.60890
H         -1.51450        5.40870        1.76170
H         -2.82500        4.70390        0.78850
H         -1.85430        3.69250        1.88240
H          0.59440        3.10830        0.81760

