HF BASIS=def2-svp cutoff=1.0e-9 denserms=1.0e-6  zmake GRADIENT DIPOLE CHARGE=0

N          2.22590       -2.40680       -1.27400
C          1.04030       -1.49180       -1.20680
C          1.25180       -0.38790       -0.16890
C         -0.06430        0.29620        0.16470
O         -1.13840       -0.30010        0.08110
C         -0.04650        1.72080        0.62240
C         -1.17660        2.55400        0.43960
N         -2.33810        2.02570       -0.17080
C         -3.52090        2.66140       -0.45380
O         -3.83850        3.82400       -0.25010
C         -1.10510        3.88590        0.86890
C          0.04980        4.38520        1.47850
C          1.14030        3.54920        1.66550
O          2.28200        3.99070        2.26430
C          1.10370        2.22530        1.24740
C          0.84740       -0.87360       -2.60490
O          1.47410       -1.61640       -3.55560
O          0.22520        0.14660       -2.85200
H          2.23010       -2.97470       -0.42100
H          3.08040       -1.84320       -1.20970
H          0.15910       -2.10810       -0.99940
H          1.97090        0.34540       -0.55140
H          1.63910       -0.81010        0.76600
H         -2.29630        1.03110       -0.40300
H         -4.22980        1.95900       -0.92580
H         -1.94170        4.56760        0.74430
H          0.06780        5.42260        1.79960
H          2.17030        4.92880        2.49610
H          1.97640        1.60690        1.43130
H          1.92320       -2.35380       -3.07060

