HF BASIS=def2-svp cutoff=1.0e-9 denserms=1.0e-6  zmake GRADIENT DIPOLE CHARGE=0

C          0.05090       -4.93700        0.44320
C          1.16850       -4.25980       -0.34020
C          0.70530       -2.96470       -1.02570
C          1.77390       -2.45740       -1.99050
C          0.39310       -1.86340       -0.01420
O          0.91470       -1.82900        1.10090
C         -0.56720       -0.79170       -0.43580
C         -1.68260       -0.63120        0.54750
O         -2.48310       -1.48550        0.87760
C         -1.72040        0.79660        1.04950
O         -2.51280        1.19680        1.88070
C         -0.67870        1.61150        0.31900
C         -1.36930        2.62430       -0.61690
C         -2.41980        2.02670       -1.52410
C         -2.29810        1.68600       -2.82150
C         -1.05120        1.83310       -3.65160
C         -3.47200        1.11360       -3.57560
C          0.25570        2.33530        1.30060
C          0.91340        1.43950        2.31740
C          2.18750        1.00380        2.33170
C          2.67560        0.10690        3.44130
C          3.23300        1.31310        1.29560
C          0.07130        0.57400       -0.51300
O          1.04780        0.82200       -1.21180
H         -0.79240       -5.17930       -0.21120
H          0.41450       -5.87000        0.88520
H         -0.31450       -4.30210        1.25570
H          1.52680       -4.96630       -1.09860
H          2.01180       -4.06280        0.33300
H         -0.21150       -3.18130       -1.58770
H          2.68890       -2.17650       -1.45670
H          1.42510       -1.57390       -2.53470
H          2.02960       -3.22310       -2.73020
H         -1.01270       -1.01020       -1.41130
H         -1.87230        3.39360       -0.01530
H         -0.61710        3.16450       -1.20240
H         -3.39590        1.89570       -1.04960
H         -0.70980        0.84980       -3.99190
H         -0.22360        2.30150       -3.11590
H         -1.25620        2.45120       -4.53230
H         -4.36440        1.02110       -2.94800
H         -3.22700        0.11560       -3.95430
H         -3.72740        1.75620       -4.42450
H         -0.31720        3.08460        1.86460
H          1.00520        2.90870        0.74430
H          0.26480        1.14030        3.14350
H          3.04150       -0.84000        3.03100
H          1.88780       -0.12780        4.16480
H          3.49420        0.58920        3.98510
H          3.57980        0.38690        0.82500
H          2.87940        1.97030        0.49920
H          4.09220        1.80410        1.76450

