HF BASIS=def2-svp cutoff=1.0e-9 denserms=1.0e-6  zmake GRADIENT DIPOLE CHARGE=0

C         -3.26000        1.53030        1.72270
C         -2.23010        0.41050        1.54020
C         -0.95340        0.74340        2.31560
O         -2.78810       -0.79010        2.07960
C         -1.96600        0.19110        0.03670
C         -0.98230       -0.94780       -0.27350
C         -0.88010       -1.26190       -1.77450
C         -0.33610       -0.12880       -2.62390
C         -1.16440        0.58160       -3.40980
C          1.08620        0.18200       -2.62760
C          2.05340       -0.47630       -1.97650
H         -3.50300        1.67130        2.78220
H         -4.20210        1.27880        1.22210
H         -2.89610        2.48200        1.32190
H         -0.26140       -0.10520        2.33120
H         -1.18220        0.96090        3.36550
H         -0.43930        1.61130        1.89040
H         -2.95770       -0.64310        3.02580
H         -1.59710        1.12520       -0.40380
H         -2.91880       -0.04520       -0.45550
H          0.00810       -0.70120        0.12270
H         -1.30710       -1.86160        0.23840
H         -1.87700       -1.55280       -2.13340
H         -0.26090       -2.15670       -1.91650
H         -2.22950        0.37190       -3.44180
H         -0.81240        1.39050       -4.04260
H          1.39040        1.03580       -3.23350
H          3.08600       -0.15120       -2.06050
H          1.86490       -1.34450       -1.35590

