HF BASIS=def2-svp cutoff=1.0e-9 denserms=1.0e-6  zmake GRADIENT DIPOLE CHARGE=0

O          3.65370        2.30070       -3.50490
C          3.75290        1.33010       -4.55090
C          3.61300       -0.08550       -3.97850
O          2.41180       -0.08440       -3.18180
C          2.14650       -1.35210       -2.56160
C          3.30460       -1.76140       -1.62090
O          3.10620       -3.05590       -1.02780
C          4.59770       -1.81130       -2.43920
O          5.71610       -2.10640       -1.58200
C          4.84400       -0.48060       -3.15010
O          5.99530       -0.62650       -3.99170
C          0.79400       -1.26280       -1.86710
C         -0.29940       -1.99990       -2.35020
O         -0.10470       -2.80050       -3.44760
C         -1.55330       -1.91380       -1.72980
C         -1.71930       -1.12690       -0.58590
O         -2.93070       -1.02040        0.05400
C         -3.75350       -2.18870       -0.09960
C         -4.04390       -2.43550       -1.56900
C         -2.73170       -2.62670       -2.27270
O         -2.62420       -3.30100       -3.29590
C         -5.03170       -1.97430        0.68700
C         -5.50400       -2.97800        1.54700
C         -6.68690       -2.79970        2.26600
C         -7.41620       -1.62080        2.12990
C         -6.96170       -0.61600        1.27810
C         -5.77710       -0.79050        0.56020
C         -0.64970       -0.37900       -0.06470
C         -0.84760        0.42060        1.21600
O          0.26460        0.17830        2.10040
C          0.16250        0.82070        3.38690
C         -0.84390        0.07310        4.27840
O         -0.51160       -1.31670        4.31590
C         -0.09110        2.33110        3.26420
O         -0.38200        2.94030        4.52650
C         -1.25010        2.62810        2.30170
O         -1.32440        4.04390        2.07660
C         -1.02950        1.92660        0.95950
O          0.15670        2.48780        0.35340
C          0.58150       -0.42740       -0.75200
O          1.62530        0.36570       -0.35360
H          2.88340        2.01530       -2.97390
H          2.93330        1.53590       -5.24900
H          4.69960        1.47370       -5.07890
H          3.48990       -0.77990       -4.81990
H          2.09040       -2.10120       -3.36060
H          3.46270       -1.05540       -0.79930
H          2.39080       -2.93480       -0.37790
H          4.56290       -2.63480       -3.16620
H          5.40140       -2.83480       -1.00830
H          5.08070        0.28920       -2.40700
H          6.70140       -0.93110       -3.39300
H         -0.97530       -3.15780       -3.74290
H         -3.20940       -3.03900        0.33830
H         -4.55480       -1.58970       -2.04150
H         -4.65350       -3.33730       -1.69580
H         -4.95420       -3.90970        1.66800
H         -7.03950       -3.58150        2.93370
H         -8.33880       -1.48510        2.68770
H         -7.53450        0.30360        1.16920
H         -5.44150        0.00610       -0.10140
H         -1.73670        0.04020        1.72700
H          1.14480        0.68230        3.85450
H         -0.82590        0.45030        5.30520
H         -1.86840        0.15310        3.90560
H         -0.14240       -1.53710        3.43820
H          0.81140        2.82400        2.88010
H          0.44350        2.94150        5.04440
H         -2.20600        2.32380        2.74310
H         -1.35730        4.44640        2.96910
H         -1.86140        2.12400        0.27360
H          0.00330        3.45920        0.36710
H          1.25070        1.17800        0.05830

