HF BASIS=def2-svp cutoff=1.0e-9 denserms=1.0e-6  zmake GRADIENT DIPOLE CHARGE=0

C         -0.95640       -4.39810        1.69120
C          0.43260       -4.04970        1.26610
O          1.23250       -5.11210        1.10090
N          0.95220       -2.89030        1.04300
C          0.14820       -1.75680        1.20660
C         -0.56660       -1.23830        0.12160
C         -1.35290       -0.09380        0.27140
C         -1.40410        0.54420        1.51350
C         -0.69070        0.04040        2.60540
C          0.09250       -1.10420        2.44270
S         -2.39780        2.00380        1.72730
O         -3.18370        1.80140        2.92550
O         -3.02320        2.31450        0.45940
N         -1.27010        3.17000        2.07770
C         -0.28390        3.62720        1.22570
N          0.69720        4.39050        1.71340
O          1.51980        4.68130        0.63990
C          1.01870        4.09790       -0.48080
C          1.77200        4.31670       -1.72740
C         -0.12990        3.41780       -0.15890
H         -1.17220       -3.94680        2.66300
H         -1.67390       -4.04040        0.94810
H         -1.06790       -5.48250        1.78280
H          2.10300       -4.77440        0.82920
H         -0.50890       -1.73310       -0.84480
H         -1.91380        0.28640       -0.57930
H         -0.73660        0.52820        3.57610
H          0.66370       -1.49360        3.28190
H         -1.22120        3.46960        3.04760
H          1.82160        5.38410       -1.96340
H          2.79340        3.93620       -1.63030
H          1.29630        3.80360       -2.56880
H         -0.76240        2.86870       -0.83900

