HF BASIS=def2-svp cutoff=1.0e-9 denserms=1.0e-6  zmake GRADIENT DIPOLE CHARGE=0

C         -0.07300       -1.76250       -3.79740
O         -1.20770       -2.34720       -3.16700
C         -1.38480       -2.06620       -1.83700
C         -2.53980       -2.61110       -1.26630
O         -3.39520       -3.36170       -2.02570
C         -2.85560       -2.41330        0.07120
C         -2.00090       -1.65360        0.86770
C         -0.83220       -1.09390        0.32620
C         -0.53130       -1.31010       -1.03290
C          0.07880       -0.30880        1.17310
C          1.13090       -0.93300        1.86720
O          1.37690       -2.28510        1.80680
C          1.99830       -0.19580        2.67170
O          3.01640       -0.82580        3.33070
C          1.84720        1.17140        2.82050
C          0.80190        1.82240        2.15600
C         -0.07410        1.09540        1.31350
C         -1.20810        1.82960        0.61690
O         -1.05950        3.25510        0.60500
C         -0.75590        3.75570        1.90530
C          0.64890        3.31650        2.29390
H          0.85730       -2.13920       -3.35990
H         -0.11730       -0.66910       -3.75550
H         -0.08860       -2.05650       -4.85120
H         -3.00150       -3.36920       -2.92010
H         -3.76060       -2.84670        0.48700
H         -2.24960       -1.49940        1.91640
H          0.37830       -0.87110       -1.43340
H          0.69110       -2.69910        1.25300
H          2.92280       -1.76660        3.07870
H          2.53970        1.72190        3.45120
H         -1.26840        1.52650       -0.43270
H         -2.15910        1.58600        1.10510
H         -1.50970        3.41020        2.62380
H         -0.80790        4.84850        1.86870
H          0.85940        3.63360        3.32130
H          1.38030        3.78840        1.62670

