HF BASIS=def2-svp cutoff=1.0e-9 denserms=1.0e-6  zmake GRADIENT DIPOLE CHARGE=0

C          2.16850       -0.23620        2.45880
C          2.27800        0.18700        1.02510
C          3.43760        0.59220        0.47370
C          3.50810        0.98970       -0.91440
C          2.39760        1.31120       -1.59730
C          1.02040        1.23970       -0.94610
C          0.73810        2.62980       -0.32570
C         -0.08150        0.97510       -1.99830
C         -0.09610       -0.45550       -2.52790
C         -0.28980       -1.45390       -1.37530
C          0.86960       -1.30160       -0.38030
C          1.00800        0.13620        0.17420
C         -0.43160       -2.90410       -1.81250
C          0.02640       -3.41600       -2.97000
C         -1.15150       -3.86050       -0.92880
O         -1.61350       -3.28680        0.19380
O         -1.33950       -5.04590       -1.13990
H          3.12700       -0.15760        2.98250
H          1.83510       -1.27600        2.52980
H          1.44830        0.39730        2.98640
H          4.35910        0.62500        1.04780
H          4.48940        1.06550       -1.37290
H          2.47910        1.66410       -2.62150
H          0.73050        3.41260       -1.09390
H          1.48810        2.91280        0.42150
H         -0.23880        2.64650        0.17140
H          0.02470        1.66610       -2.84500
H         -1.06560        1.18670       -1.55780
H          0.83840       -0.65030       -3.06780
H         -0.91340       -0.55640       -3.25280
H         -1.22240       -1.16110       -0.87330
H          1.80400       -1.61140       -0.86970
H          0.73010       -1.99350        0.46070
H          0.14150        0.33150        0.82170
H         -0.11580       -4.46320       -3.22810
H          0.56680       -2.81950       -3.69570
H         -2.05140       -4.02870        0.66020

