HF BASIS=def2-svp cutoff=1.0e-9 denserms=1.0e-6  zmake GRADIENT DIPOLE CHARGE=0

O          0.57450       -3.14730       -0.23970
C         -0.39490       -2.40380       -0.40380
C         -0.84560       -1.98570       -1.80010
C          0.02030       -2.55910       -2.92790
C          1.39540       -1.89470       -3.06450
C          1.32000       -0.49140       -3.67230
C          2.68630        0.20050       -3.77150
C          3.37840        0.47310       -2.43050
C          2.54060        1.30500       -1.50090
C          2.06280        0.84880       -0.33170
C          1.22390        1.63810        0.57880
C          1.40130        1.48300        1.96100
C          0.57910        2.19710        2.80780
C         -0.39980        3.03610        2.33250
O         -1.10380        3.63210        3.33100
C         -0.44620        3.08170        4.49130
O          0.61740        2.16280        4.16690
C         -0.61040        3.21150        0.98300
C          0.20860        2.49770        0.10060
N         -1.13080       -1.89870        0.67350
C         -2.46480       -1.31560        0.51810
C         -2.81880       -0.35090        1.64430
C         -2.59910       -0.98250        3.01260
C         -1.16990       -1.49470        3.13110
C         -0.82010       -2.44760        1.99400
H         -0.86980       -0.89540       -1.85400
H         -1.86320       -2.36440       -1.94180
H         -0.51980       -2.45910       -3.87690
H          0.16460       -3.63350       -2.76430
H          2.01740       -2.52040       -3.71610
H          1.89040       -1.87090       -2.08990
H          0.90130       -0.56850       -4.68390
H          0.63000        0.14150       -3.10610
H          3.35370       -0.40750       -4.39370
H          2.55180        1.15150       -4.30190
H          4.31490        1.01170       -2.61980
H          3.66690       -0.47280       -1.95940
H          2.33750        2.32390       -1.82230
H          2.29120       -0.16490       -0.00530
H          2.16390        0.83000        2.36730
H         -1.19160        2.55460        5.09830
H         -0.02970        3.90580        5.08190
H         -1.38740        3.87450        0.61930
H          0.04470        2.61020       -0.96930
H         -2.55090       -0.78380       -0.43250
H         -3.17810       -2.14880        0.48990
H         -3.86090       -0.02910        1.54370
H         -2.19600        0.54610        1.55920
H         -2.79700       -0.24610        3.79900
H         -3.30370       -1.81090        3.15730
H         -0.48010       -0.64320        3.11450
H         -1.03170       -1.99930        4.09440
H          0.24290       -2.70370        2.05930
H         -1.38520       -3.38240        2.09620

