HF BASIS=def2-svp cutoff=1.0e-9 denserms=1.0e-6  zmake GRADIENT DIPOLE CHARGE=0

C         -0.19110       -3.37180       -0.55720
C         -1.45150       -2.69940       -0.02080
C         -2.14780       -3.56540        1.02260
O         -2.37680       -2.48890       -1.10350
C         -1.14010       -1.32990        0.58720
O         -2.04140       -0.37950        0.23960
N         -0.13070       -1.10400        1.36320
C          0.03380        0.19050        1.86570
C          0.76850        1.13890        1.14400
C          0.96290        2.44360        1.63480
C          0.42350        2.75250        2.89340
C         -0.30540        1.81090        3.63410
C         -0.49170        0.53000        3.11460
N          0.61830        4.06710        3.49090
O          1.77750        4.49170        3.55000
O         -0.38790        4.64660        3.91810
C          1.72460        3.44380        0.80940
F          3.01350        3.59000        1.21020
F          1.16110        4.68110        0.81850
F          1.79080        3.09300       -0.50790
H          0.32170       -2.72250       -1.27630
H         -0.43880       -4.29770       -1.08800
H          0.51670       -3.60810        0.24430
H         -1.50180       -3.75820        1.88560
H         -3.06070       -3.07970        1.38710
H         -2.45370       -4.52570        0.59250
H         -1.85280       -2.27740       -1.89910
H         -2.73070       -0.78530       -0.32410
H          1.18240        0.85000        0.17850
H         -0.72130        2.06080        4.60840
H         -1.04830       -0.21190        3.68210

