HF BASIS=def2-svp cutoff=1.0e-9 denserms=1.0e-6  zmake GRADIENT DIPOLE CHARGE=0

C          3.35500        0.51070        4.03070
O          3.87140        1.12530        2.85780
C          3.07090        1.17530        1.74390
C          1.80350        0.61280        1.54600
O          1.21340       -0.11870        2.54640
C          1.14570        0.79110        0.30980
C          1.74780        1.52760       -0.71710
O          1.16860        1.73560       -1.94190
C         -0.26160        1.75230       -1.85840
C         -0.78820        0.42400       -1.32380
C         -0.16930        0.16470        0.03690
O         -0.65110       -0.59240        0.88060
C         -2.30570        0.36850       -1.31770
C         -2.96680       -0.56380       -2.13940
C         -4.35710       -0.62100       -2.14060
O         -5.04410       -1.51060       -2.91940
C         -5.09900        0.23910       -1.33670
O         -6.46340        0.17720       -1.34920
C         -4.47310        1.16360       -0.51600
C         -3.08000        1.22070       -0.51090
O         -2.44110        2.12280        0.29380
C          3.01750        2.06180       -0.53830
C          3.65650        1.88620        0.68260
O          4.90280        2.43740        0.83310
H          3.21270       -0.56420        3.88370
H          4.10390        0.63090        4.82010
H          2.44230        1.00750        4.37470
H          0.36270       -0.48540        2.21140
H         -0.63780        1.92320       -2.87410
H         -0.56640        2.62150       -1.26260
H         -0.39880       -0.38170       -1.96280
H         -2.39110       -1.23820       -2.76660
H         -4.39910       -2.07110       -3.38430
H         -6.67080       -0.53960       -1.98190
H         -5.07680        1.82030        0.10050
H         -3.10060        2.52640        0.88540
H          3.50340        2.61940       -1.33340
H          5.17500        2.20160        1.74250

