HF BASIS=def2-svp cutoff=1.0e-9 denserms=1.0e-6  zmake GRADIENT DIPOLE CHARGE=0

C         -1.06150       -0.34160        3.15390
O         -0.34160       -0.27080        1.91900
C         -1.06610       -0.86340        0.91710
C         -1.91980       -0.10960        0.09800
C         -2.06740        1.38720        0.24520
C         -1.08290        2.16750       -0.62350
C          0.27870        2.27640        0.03470
O          0.44880        3.06120        0.97040
C          1.43100        1.44700       -0.43910
C          2.68680        1.68810        0.14050
C          3.78970        0.93590       -0.25260
O          5.02200        1.14540        0.29210
C          3.66760       -0.05830       -1.21410
C          2.42490       -0.30690       -1.79230
C          1.30860        0.44340       -1.40870
C         -2.61790       -0.77190       -0.93080
C         -2.45030       -2.14340       -1.14810
C         -1.56620       -2.85550       -0.35270
O         -1.37450       -4.18560       -0.58970
C         -0.86570       -2.22090        0.66420
O          0.04040       -2.95330        1.38500
H         -1.12490       -1.37580        3.50860
H         -2.06490        0.08890        3.06700
H         -0.50610        0.23860        3.89660
H         -3.09010        1.66210       -0.04460
H         -1.97720        1.68010        1.29710
H         -1.44440        3.19920       -0.73000
H         -1.02340        1.78200       -1.64400
H          2.79030        2.46050        0.89820
H          4.95670        1.86550        0.94180
H          4.53660       -0.64010       -1.50890
H          2.32230       -1.09130       -2.53860
H          0.35840        0.20200       -1.87310
H         -3.29460       -0.21850       -1.57970
H         -2.99190       -2.64670       -1.94380
H         -0.71510       -4.46220        0.07830
H          0.54970       -2.29510        1.89810

