HF BASIS=def2-svp cutoff=1.0e-9 denserms=1.0e-6  zmake GRADIENT DIPOLE CHARGE=0

C         -3.70770        0.93220       -3.24680
C         -2.42120        0.13980       -3.13690
O         -1.91660        0.28230       -1.81980
P         -0.43600       -0.28970       -1.49450
S         -0.16530       -2.19780       -1.72220
O          0.47130        0.67100       -2.43380
C          1.88140        0.61230       -2.29620
C          2.48580        1.79430       -3.02600
O         -0.14410        0.33530       -0.03300
C         -0.81500        0.04800        1.12160
C         -0.25480        0.57610        2.28880
C         -0.85590        0.35060        3.52960
C         -2.03020       -0.40790        3.59470
C         -2.59940       -0.93470        2.42810
C         -1.98830       -0.70200        1.19060
N         -2.67170       -0.64920        4.89330
O         -2.12510       -0.18010        5.90180
O         -3.72250       -1.30580        4.90410
H         -4.13530        0.84540       -4.24960
H         -4.44290        0.57720       -2.51700
H         -3.52830        1.99030       -3.02930
H         -1.69080        0.51160       -3.86190
H         -2.61740       -0.91720       -3.33960
H          2.15920        0.64520       -1.23820
H          2.24910       -0.32150       -2.73150
H          3.57660        1.78410       -2.94970
H          2.11120        2.73590       -2.61090
H          2.20520        1.77900       -4.08440
H          0.65740        1.16670        2.23410
H         -0.40050        0.76980        4.42440
H         -3.51400       -1.52430        2.46240
H         -2.45980       -1.11630        0.30420

