HF BASIS=def2-svp cutoff=1.0e-9 denserms=1.0e-6  zmake GRADIENT DIPOLE CHARGE=0

C          2.94980       -1.65010        1.38460
C          1.96380       -1.47260        0.25450
C          0.88490       -2.27300        0.17400
C         -0.17350       -2.28750       -0.89010
C         -1.43750       -1.54110       -0.46660
C         -1.44100       -0.09880       -0.92170
C         -1.84100        0.19920       -2.35660
O         -2.76660        0.34610       -1.27660
C         -0.67880        0.91920       -0.06280
C         -1.23590        2.37480        0.03400
C          0.21640        2.91170        0.04960
C          0.70220        3.21150        1.47040
C          0.43770        4.11650       -0.86430
C          0.65030        1.54830       -0.61080
C          2.02200        1.02060       -0.18690
C          2.30440       -0.38020       -0.73640
H          3.95010       -1.84900        0.98590
H          2.68540       -2.48910        2.03720
H          2.99600       -0.75270        2.00820
H          0.73600       -3.02060        0.95390
H          0.20070       -1.92410       -1.85190
H         -0.43110       -3.34170       -1.05740
H         -1.59750       -1.59640        0.61730
H         -2.29540       -2.05650       -0.92000
H         -1.99560       -0.62600       -3.04080
H         -1.47750        1.10270       -2.82950
H         -0.53960        0.50460        0.94740
H         -1.83710        2.57660        0.92670
H         -1.81490        2.70470       -0.83700
H          1.77190        3.44670        1.47740
H          0.53910        2.36560        2.14660
H          0.16950        4.07270        1.88910
H          0.05310        3.93500       -1.87400
H         -0.07030        5.00430       -0.47230
H          1.50500        4.34660       -0.95190
H          0.63220        1.61080       -1.71040
H          2.78280        1.70360       -0.58620
H          2.13110        1.04050        0.90160
H          3.37710       -0.46140       -0.95710
H          1.80350       -0.52300       -1.69850

