HF BASIS=def2-svp cutoff=1.0e-9 denserms=1.0e-6  zmake GRADIENT DIPOLE CHARGE=0

C         -0.81690        4.77620       -1.68530
C          0.43230        4.53570       -0.85440
C          0.78300        3.04740       -0.79390
C          2.12280        2.77130       -0.10500
C          2.09990        3.04290        1.40180
C          3.48390        2.92950        2.05020
C          4.06170        1.51230        2.02380
C          5.38390        1.39300        2.79200
C          6.53920        2.25910        2.26760
C          6.93010        2.01990        0.80500
C          7.54600        0.63860        0.57030
C          7.81480        0.38770       -0.91910
C          8.45030       -0.98030       -1.19810
C          7.45980       -2.11450       -1.50010
C          6.49370       -2.41160       -0.35540
C          5.65320       -3.66380       -0.61290
C          4.81440       -4.07470        0.60240
C          3.81020       -3.00800        1.04830
C          2.97600       -3.49620        2.23400
C          1.98330       -2.42650        2.69500
C          1.14690       -2.92490        3.87580
C          0.02730       -1.95790        4.26810
C          0.53130       -0.67780        4.94710
C         -0.62200        0.25610        5.33580
C         -1.15860        1.04510        4.14140
C         -2.56260        1.55920        4.36580
O         -3.15280        1.60300        5.43240
O         -3.07430        1.93680        3.16400
C         -4.48090        2.28340        3.09510
C         -5.29450        0.98370        3.10070
C         -4.93270        0.08360        1.91190
C         -5.07240        0.77980        0.51770
C         -6.60250        0.87110        0.25970
C         -4.35510        2.18080        0.55190
C         -4.40960        2.86390       -0.82340
C         -3.75050        2.00500       -1.91770
C         -4.32850        0.56600       -2.07690
C         -5.75820        0.70590       -2.67950
C         -4.38350       -0.10410       -0.63740
C         -2.97830       -0.57560       -0.17190
C         -1.95260       -0.90130       -1.19450
C         -2.08330       -0.78710       -2.52430
C         -0.97660       -1.26820       -3.49490
C          0.39780       -1.72340       -2.88270
C          1.18230       -0.63420       -2.13040
C          1.25660       -2.41810       -3.97410
C          2.60230       -2.91810       -3.44380
C          1.45670       -1.52450       -5.20430
C          0.12420       -1.04640       -5.77940
C         -0.80530       -0.35540       -4.74750
C         -0.25170        1.04990       -4.42010
C         -2.19460       -0.19710       -5.40820
C         -3.22220        0.42240       -4.46230
C         -3.43720       -0.34330       -3.11580
C         -4.19650       -1.66630       -3.44390
C         -4.69350        3.10480        1.78170
C         -3.71140        4.31130        1.81280
C         -6.10940        3.70850        1.74040
H         -1.04340        5.84540       -1.73290
H         -0.69040        4.40780       -2.70770
H         -1.67550        4.26870       -1.24040
H          0.26270        4.92950        0.15330
H          1.26570        5.09890       -1.28950
H         -0.01900        2.49240       -0.29180
H          0.84390        2.65930       -1.81850
H          2.90670        3.37170       -0.58220
H          2.37830        1.71990       -0.27760
H          1.40140        2.35520        1.89250
H          1.73200        4.05740        1.59170
H          3.40140        3.26090        3.09300
H          4.16630        3.62710        1.54980
H          4.20250        1.17030        0.99360
H          3.33800        0.82670        2.48160
H          5.68800        0.34000        2.80010
H          5.20650        1.65970        3.84180
H          6.28180        3.31690        2.39190
H          7.41680        2.08710        2.90380
H          6.06210        2.16540        0.15270
H          7.66280        2.78380        0.51490
H          6.88250       -0.12980        0.96800
H          8.48600        0.56320        1.12980
H          8.50610        1.16360       -1.27160
H          6.89210        0.50140       -1.49890
H          9.09470       -0.87680       -2.08090
H          9.10930       -1.27140       -0.37190
H          6.89100       -1.87090       -2.40490
H          8.04050       -3.01620       -1.72840
H          5.81800       -1.55930       -0.23660
H          7.05720       -2.53590        0.57710
H          6.31270       -4.50100       -0.87200
H          4.99750       -3.49670       -1.47500
H          4.27540       -4.99770        0.35340
H          5.48330       -4.31680        1.43760
H          4.33380       -2.09240        1.34200
H          3.14980       -2.75280        0.21070
H          3.64070       -3.76110        3.06640
H          2.43300       -4.40600        1.95120
H          1.32410       -2.15700        1.86140
H          2.53210       -1.52250        2.98120
H          0.68610       -3.88340        3.60390
H          1.79370       -3.11960        4.73940
H         -0.56780       -1.71900        3.37990
H         -0.64420       -2.47820        4.96260
H          1.07690       -0.95600        5.85680
H          1.23710       -0.14260        4.30230
H         -1.41860       -0.32610        5.81520
H         -0.26540        0.97000        6.08870
H         -1.19110        0.40290        3.25420
H         -0.50280        1.89620        3.92440
H         -4.74420        2.89860        3.96450
H         -5.08680        0.41800        4.01780
H         -6.36630        1.20150        3.12510
H         -3.91010       -0.26020        2.08930
H         -5.55410       -0.82060        1.93990
H         -6.89420        1.74610       -0.31950
H         -7.18820        0.92410        1.18200
H         -6.97230       -0.02490       -0.25110
H         -3.28630        1.97510        0.68800
H         -3.87130        3.81530       -0.79770
H         -5.43400        3.12510       -1.10170
H         -3.86000        2.56560       -2.85280
H         -2.67490        1.95060       -1.71260
H         -6.33300        1.52690       -2.25190
H         -5.73670        0.93210       -3.74810
H         -6.34430       -0.20830       -2.54840
H         -4.98630       -1.01860       -0.72970
H         -2.49980        0.15960        0.47960
H         -3.11260       -1.47940        0.43820
H         -1.03860       -1.28960       -0.75650
H         -1.39380       -2.21160       -3.88530
H          0.16890       -2.50430       -2.14250
H          1.89520       -0.10670       -2.76760
H          1.76930       -1.09170       -1.32570
H          0.53570        0.11290       -1.66860
H          0.70070       -3.30790       -4.30380
H          3.11370       -3.51880       -4.20440
H          3.26970       -2.09300       -3.17390
H          2.46140       -3.54950       -2.56050
H          2.09440       -0.66590       -4.96470
H          1.98850       -2.08690       -5.98120
H         -0.38950       -1.92160       -6.20060
H          0.31740       -0.37340       -6.62460
H         -0.38880        1.72860       -5.27040
H          0.81790        1.04560       -4.21020
H         -0.75110        1.50240       -3.55650
H         -2.56310       -1.16820       -5.76190
H         -2.11580        0.43300       -6.30420
H         -2.91070        1.45390       -4.28320
H         -4.16440        0.48890       -5.01810
H         -3.61190       -2.33610       -4.08350
H         -4.43920       -2.23340       -2.53910
H         -5.13140       -1.47880       -3.98240
H         -3.93330        5.03590        1.02170
H         -3.78460        4.84850        2.76640
H         -2.66950        3.99460        1.68990
H         -6.90130        2.96730        1.83840
H         -6.28220        4.26130        0.81120
H         -6.24800        4.41720        2.56640

