HF BASIS=def2-svp cutoff=1.0e-9 denserms=1.0e-6  zmake GRADIENT DIPOLE CHARGE=0

O          3.24050        1.68290        3.48910
C          3.51330        0.43270        2.85840
C          3.50150        0.52340        1.32420
O          2.16860        0.80790        0.85000
C          1.93480        2.19980        0.63290
O          0.55260        2.40940        0.31540
C         -0.27860        2.30070        1.48310
C         -1.69410        1.89810        1.02750
O         -1.68850        0.63190        0.33740
C         -1.42050       -0.48140        1.20410
O         -1.50440       -1.67210        0.41430
C         -0.39280       -1.80750       -0.47800
C         -0.88890       -2.19990       -1.87690
O         -1.39740       -3.54420       -1.82710
C         -1.81280       -4.03750       -3.09800
O         -0.70310       -4.15580       -3.98280
C         -2.89750       -3.15150       -3.73310
O         -3.19270       -3.60440       -5.06510
C         -2.41920       -1.69950       -3.78470
O         -3.49160       -0.87080       -4.26610
C         -1.97620       -1.24090       -2.39310
O         -1.52100        0.11540       -2.47670
C         -2.50460       -0.59990        2.29760
O         -3.77430       -0.91500        1.68850
C         -2.63000        0.70360        3.08110
O         -1.49240        0.89270        3.92860
C         -2.76820        1.90340        2.13230
O         -2.72700        3.10980        2.90100
C          2.77030        2.67630       -0.57700
O          2.10130        2.41000       -1.82710
C          4.13000        1.96260       -0.63800
O          5.12700        2.86710       -1.14670
C          4.57130        1.47600        0.74160
O          4.78680        2.63660        1.57080
H          3.90510        2.31420        3.13610
H          4.48530        0.07660        3.21460
H          2.74360       -0.26540        3.20030
H          3.70790       -0.48170        0.94040
H          2.18820        2.78490        1.52510
H          0.14530        1.57080        2.17660
H         -0.28540        3.27670        1.98430
H         -1.99450        2.63710        0.27330
H         -0.42310       -0.41320        1.65120
H          0.25300       -2.59170       -0.07070
H          0.19360       -0.88250       -0.53870
H         -0.01270       -2.17730       -2.53780
H         -2.20650       -5.04910       -2.95090
H         -1.11460       -4.37330       -4.84560
H         -3.82410       -3.21360       -3.15010
H         -3.73440       -2.88880       -5.45660
H         -1.60590       -1.58260       -4.51330
H         -3.17940        0.04600       -4.12110
H         -2.85640       -1.24920       -1.73720
H         -1.52020        0.44980       -1.55200
H         -2.25630       -1.43490        2.96210
H         -3.53670       -1.43550        0.89370
H         -3.50720        0.66880        3.73890
H         -1.61730        1.78170        4.31920
H         -3.75570        1.83710        1.65790
H         -3.17810        3.79670        2.37620
H          2.87800        3.76520       -0.53550
H          1.15100        2.33650       -1.59370
H          4.09430        1.11220       -1.33310
H          4.82310        3.10360       -2.04440
H          5.54070        0.96640        0.69080
H          5.40870        3.18510        1.04440

