HF BASIS=def2-svp cutoff=1.0e-9 denserms=1.0e-6  zmake GRADIENT DIPOLE CHARGE=0

C          1.51090        2.57910        1.21560
O          1.57260        1.48260        0.29730
C          0.41240        0.73380        0.34170
C         -0.77060        1.21440       -0.26710
O         -0.63110        2.43680       -0.86520
C         -1.76680        3.18150       -1.30590
O         -1.45780        4.57810       -1.20320
C         -0.35760        5.04830       -2.00360
C         -0.14650        4.20780       -3.27330
O          0.58300        4.89490       -4.30130
C         -1.50410        3.74490       -3.78580
O         -1.31540        3.07180       -5.04460
C         -2.14370        2.79600       -2.76480
O         -3.56070        2.81350       -2.99270
C         -0.60440        6.54880       -2.27450
O          0.15030        7.09030       -3.25880
O         -1.37520        7.24500       -1.62460
C         -1.90280        0.39080       -0.26560
O         -3.06750        0.81520       -0.86110
C         -1.82840       -0.89700        0.30070
C         -2.99150       -1.79980        0.28390
O         -4.06710       -1.42660       -0.17210
C         -2.81510       -3.15600        0.81330
C         -1.61360       -3.50440        1.28660
O         -0.52330       -2.65690        1.33170
C         -0.63750       -1.37310        0.85480
C          0.50390       -0.55650        0.90210
C          1.83840       -1.05930        1.44670
O          1.61210       -1.79780        2.65380
C          2.80940       -2.32550        3.22750
C          3.52770       -3.26260        2.26140
O          4.74840       -3.73220        2.83860
C          3.83100       -2.52240        0.96060
O          4.41640       -3.43980        0.02010
C          2.56600       -1.89860        0.36980
O          2.96520       -1.13690       -0.78440
C         -1.34960       -4.85160        1.82830
C         -0.56080       -4.99870        2.98270
C         -0.28880       -6.26440        3.50730
C         -0.78500       -7.40160        2.87340
C         -1.54480       -7.27460        1.71290
C         -1.82550       -6.00740        1.19290
H          0.87750        3.38530        0.83380
H          2.52610        2.97520        1.32500
H          1.16700        2.25540        2.20360
H         -2.60790        3.05180       -0.61810
H          0.54930        5.00650       -1.38540
H          0.46380        3.32730       -3.03270
H          0.41980        4.35520       -5.11110
H         -2.14920        4.60740       -4.00230
H         -2.20820        2.78190       -5.31760
H         -1.82200        1.76950       -2.98020
H         -3.94880        2.20360       -2.33090
H          0.63860        6.40290       -3.77900
H         -3.75940        0.12180       -0.72590
H         -3.67580       -3.81120        0.79720
H          2.45990       -0.20050        1.72320
H          3.46080       -1.50410        3.55040
H          2.53580       -2.87310        4.13470
H          2.90290       -4.14120        2.05210
H          5.22380       -4.17120        2.10480
H          4.59500       -1.75170        1.13020
H          4.42530       -2.95930       -0.83210
H          1.92110       -2.70330       -0.00250
H          2.79680       -0.18660       -0.61370
H         -0.16190       -4.12230        3.49130
H          0.30320       -6.35980        4.41290
H         -0.57290       -8.38640        3.28150
H         -1.91880       -8.16220        1.20770
H         -2.40140       -5.94150        0.27360

