HF BASIS=def2-svp cutoff=1.0e-9 denserms=1.0e-6  zmake GRADIENT DIPOLE CHARGE=0

C         -2.30290        2.77420        1.69520
C         -2.55080        1.26130        1.54820
O         -3.51550        1.01130        0.52450
C         -4.14250       -0.26890        0.60360
C         -3.19140       -1.44290        0.35350
C         -2.70430       -2.08780        1.65480
C         -1.79670       -3.29000        1.38890
C         -1.31200       -3.90400        2.70380
C         -0.30690       -5.03080        2.46320
C          0.03080       -5.82240        3.72960
C          0.63400       -4.96960        4.85040
C          1.02100       -5.83850        6.04920
C          1.44120       -5.03090        7.27920
C          2.72560       -4.22470        7.07470
C          3.16630       -3.55830        8.38160
C          4.52540       -2.86050        8.28660
C          4.53510       -1.67450        7.32100
C          5.87140       -0.92980        7.37180
C          5.89360        0.24090        6.38650
C          7.25160        0.94240        6.31090
C          7.64740        1.64560        7.60040
C         -3.58780        3.51370        2.09650
O         -4.07150        3.04800        3.36980
C         -3.46890        3.59600        4.46110
O         -2.67130        4.52210        4.43610
C         -3.87650        2.86260        5.71640
C         -3.40860        1.40570        5.70170
C         -1.88000        1.27590        5.71620
C         -1.43830       -0.16200        5.43350
C          0.07890       -0.38160        5.49030
C          0.87600        0.61490        4.64450
C          2.34190        0.21500        4.45650
C          2.58820       -0.97020        3.51410
C          2.03640       -0.73360        2.10530
C          2.52550       -1.78990        1.11060
C          1.82460       -1.68230       -0.24880
C          2.16900       -0.40550       -1.02030
C          1.39510       -0.26230       -2.33770
C         -0.11720       -0.17100       -2.12120
C         -0.85800        0.28430       -3.37780
C         -2.34940        0.46810       -3.08500
C         -3.11340        0.95430       -4.31620
C         -4.61180        1.14820       -4.06380
C         -4.98120        2.14040       -2.95550
C         -4.42280        3.54520       -3.17930
C         -4.87410        4.50220       -2.08710
O         -1.82230        3.34840        0.46220
C         -0.50510        3.12910        0.19740
O          0.24940        2.46590        0.89570
C         -0.11730        3.79740       -1.10030
C          1.36430        4.17350       -1.09220
C          1.80450        4.95030       -2.33420
C          1.80410        4.09820       -3.60590
C          2.40330        4.87030       -4.78570
C          2.54340        4.02040       -6.05180
C          1.20320        3.71310       -6.72150
C          1.39970        2.87360       -7.95410
C          1.11480        1.56850       -8.09850
C          0.57410        0.63170       -7.05460
C         -0.82800        0.20790       -7.38690
C         -1.33150       -1.03780       -7.38040
C         -0.62990       -2.31120       -7.00550
C         -0.51160       -3.22770       -8.18890
C         -1.01670       -4.46450       -8.32910
C         -1.85120       -5.23080       -7.34420
C         -1.05840       -6.36790       -6.71850
H         -1.55650        2.92690        2.48520
H         -1.62500        0.74980        1.26710
H         -2.90140        0.85630        2.50220
H         -4.90110       -0.27120       -0.18780
H         -4.67890       -0.36130        1.55500
H         -2.33580       -1.12010       -0.24630
H         -3.72840       -2.20790       -0.21990
H         -3.56760       -2.40830        2.25030
H         -2.15430       -1.35690        2.25360
H         -2.33880       -4.04390        0.80620
H         -0.93660       -2.97600        0.78960
H         -2.17350       -4.28540        3.26480
H         -0.84600       -3.12110        3.31380
H          0.61320       -4.61550        2.03410
H         -0.71300       -5.73050        1.72200
H          0.73590       -6.61820        3.46060
H         -0.87740       -6.31760        4.09640
H         -0.08980       -4.21480        5.17640
H          1.51410       -4.44010        4.46880
H          0.16450       -6.46340        6.33110
H          1.82910       -6.52420        5.76360
H          0.62560       -4.35830        7.57400
H          1.58580       -5.73170        8.11030
H          3.52130       -4.88520        6.71180
H          2.55910       -3.45890        6.30990
H          3.23230       -4.32030        9.16820
H          2.40420       -2.83920        8.70380
H          5.29060       -3.58660        7.98720
H          4.79870       -2.50940        9.28970
H          3.72120       -0.98520        7.57640
H          4.35810       -2.02470        6.29760
H          6.03800       -0.56450        8.39180
H          6.68800       -1.62430        7.13750
H          5.11830        0.96850        6.65800
H          5.64390       -0.12890        5.38410
H          8.02970        0.21960        6.03670
H          7.21330        1.68650        5.50700
H          8.58280        2.19590        7.45550
H          7.80590        0.93290        8.41470
H          6.87780        2.36050        7.90970
H         -3.43090        4.60020        2.10880
H         -4.38170        3.34220        1.36060
H         -4.96730        2.91680        5.80540
H         -3.45700        3.39110        6.58030
H         -3.81920        0.89080        6.57880
H         -3.81470        0.89620        4.82010
H         -1.49330        1.60420        6.68810
H         -1.45130        1.93790        4.95630
H         -1.91630       -0.84230        6.14890
H         -1.79620       -0.45450        4.43950
H          0.41560       -0.31510        6.53220
H          0.27920       -1.40750        5.16190
H          0.39330        0.77060        3.67430
H          0.86400        1.58840        5.15150
H          2.88720        1.08360        4.06610
H          2.78390       -0.01000        5.43320
H          2.15460       -1.88540        3.93160
H          3.67090       -1.13680        3.45660
H          0.94050       -0.75090        2.13350
H          2.34030        0.26270        1.76510
H          2.32650       -2.78700        1.52100
H          3.61030       -1.70920        0.98000
H          2.10050       -2.55170       -0.85790
H          0.74630       -1.74270       -0.08240
H          1.96820        0.47920       -0.40730
H          3.24390       -0.39820       -1.24030
H          1.74870        0.64560       -2.84110
H          1.62420       -1.10440       -3.00090
H         -0.50580       -1.14960       -1.82130
H         -0.32890        0.52570       -1.30280
H         -0.43740        1.23230       -3.73270
H         -0.72020       -0.45500       -4.17500
H         -2.45810        1.18900       -2.26760
H         -2.77730       -0.48070       -2.74070
H         -2.99930        0.21660       -5.11870
H         -2.67130        1.88530       -4.68800
H         -5.05850        0.17630       -3.81950
H         -5.07950        1.47460       -5.00140
H         -4.64720        1.75810       -1.98510
H         -6.07610        2.19410       -2.90010
H         -3.32680        3.52470       -3.19060
H         -4.75290        3.92580       -4.15330
H         -5.96580        4.57020       -2.05040
H         -4.47650        5.50380       -2.27330
H         -4.51630        4.17210       -1.10660
H         -0.71840        4.70590       -1.22590
H         -0.35220        3.10860       -1.91570
H          1.56690        4.79320       -0.20870
H          1.98080        3.27280       -0.98290
H          1.16290        5.82820       -2.47220
H          2.82020        5.32560       -2.15590
H          2.38780        3.18570       -3.43410
H          0.78040        3.79040       -3.84230
H          1.79890        5.76050       -4.99780
H          3.40230        5.22560       -4.50480
H          3.18000        4.56540       -6.76170
H          3.07110        3.08830       -5.81070
H          0.51840        3.23080       -6.01910
H          0.71680        4.65040       -7.01980
H          1.80750        3.40130       -8.81560
H          1.30700        1.11180       -9.06960
H          0.57410        1.09190       -6.06200
H          1.25670       -0.22240       -6.99470
H         -1.50740        1.02080       -7.64560
H         -2.38140       -1.15700       -7.64770
H          0.37470       -2.12450       -6.61500
H         -1.18350       -2.77240       -6.18300
H          0.07550       -2.82850       -9.01710
H         -0.81120       -4.98770       -9.26310
H         -2.24990       -4.58800       -6.55500
H         -2.72090       -5.64020       -7.87170
H         -0.70700       -7.07300       -7.47990
H         -1.68390       -6.92120       -6.00970
H         -0.18480       -5.98890       -6.17530

