HF BASIS=def2-svp cutoff=1.0e-9 denserms=1.0e-6  zmake GRADIENT DIPOLE CHARGE=0

C         -1.23630       -0.28810        4.43070
C         -0.49310       -1.27110        3.54460
C          0.05140       -0.62270        2.28550
O         -0.11690        0.56720        2.02040
C          0.78370       -1.51260        1.32200
C         -0.08500       -1.90600        0.16880
O         -0.70750       -2.97100        0.21220
C         -0.25100       -0.94100       -0.99230
C         -0.10700       -1.72390       -2.30580
C         -1.66830       -0.34960       -0.90830
C          0.76320        0.20010       -1.00460
O          0.53800        1.21530       -1.67210
C          2.11440        0.01710       -0.31560
C          2.61670        1.38770        0.17110
C          3.10400       -0.54930       -1.34360
C          2.08690       -0.92030        0.88050
O          3.11510       -1.17930        1.51380
H         -1.61140       -0.79110        5.32730
H         -0.58080        0.53040        4.74620
H         -2.08920        0.15050        3.90220
H         -1.16880       -2.08020        3.24850
H          0.34790       -1.69970        4.09960
H          1.04570       -2.44290        1.84500
H          0.83220       -2.28590       -2.33700
H         -0.91810       -2.45090       -2.42970
H         -0.12180       -1.05690       -3.17530
H         -1.78440        0.28800       -0.02550
H         -1.90000        0.26530       -1.78570
H         -2.42970       -1.13560       -0.84540
H          1.90090        1.85240        0.85790
H          3.57170        1.30400        0.70240
H          2.76580        2.08150       -0.66440
H          2.87540       -1.59240       -1.58690
H          4.13160       -0.53050       -0.96200
H          3.08360        0.02190       -2.27860

