HF BASIS=def2-svp cutoff=1.0e-9 denserms=1.0e-6  zmake GRADIENT DIPOLE CHARGE=0

C         -1.18220        5.09100       -1.15340
C         -1.05650        3.87070       -2.03030
C          0.04150        3.96320       -3.05420
C         -1.89620        2.82810       -1.86900
C         -1.93730        1.52850       -2.63130
C         -1.85620        0.32350       -1.71870
C         -0.63940       -0.11250       -1.14800
O          0.52150        0.58780       -1.36330
C         -0.54960       -1.26760       -0.33780
C          0.78590       -1.72810        0.20890
C          0.95460       -1.38490        1.66650
C          1.24960       -2.20470        2.69570
C          1.50100       -3.68400        2.59510
C          1.37140       -1.65540        4.09510
C         -1.73460       -1.95930       -0.06110
O         -1.79820       -3.06380        0.74870
C         -2.94270       -1.53520       -0.60490
O         -4.09940       -2.22190       -0.33670
C         -3.00600       -0.41170       -1.42070
O         -4.22530       -0.04160       -1.92120
H         -1.39410        5.97580       -1.76230
H         -0.24930        5.25980       -0.60540
H         -1.98670        4.99380       -0.41680
H         -0.10990        4.84310       -3.68880
H          1.01140        4.06080       -2.55510
H          0.09790        3.09560       -3.71400
H         -2.67060        2.90280       -1.10340
H         -2.86350        1.50870       -3.21780
H         -1.13750        1.44760       -3.37350
H          0.29150        1.50550       -1.58720
H          0.87920       -2.80070        0.01390
H          1.61480       -1.27380       -0.34580
H          0.82400       -0.32150        1.87620
H          2.49180       -3.92500        2.99490
H          0.75250       -4.23160        3.17720
H          1.46530       -4.06470        1.57270
H          0.64600       -2.14130        4.75620
H          2.37730       -1.83710        4.48740
H          1.18840       -0.57650        4.13740
H         -0.98590       -3.09020        1.28420
H         -3.80330       -2.96310        0.23220
H         -4.84740       -0.71460       -1.57510

