HF BASIS=def2-svp cutoff=1.0e-9 denserms=1.0e-6  zmake GRADIENT DIPOLE CHARGE=0

C          2.56040       -1.66740       -0.94730
C          2.60230       -3.19320       -0.82630
O          3.11820       -3.56960        0.45660
C          3.04210       -4.90530        0.71310
O          2.53090       -5.73640       -0.02420
C          3.65240       -5.22370        2.05310
C          2.59680       -5.34230        3.14700
C          1.90110       -4.02860        3.52490
C          2.86340       -2.96760        4.06600
C          2.10600       -1.76740        4.63990
C          3.07580       -0.69990        5.15730
C          2.38340        0.43630        5.91700
C          1.41080        1.23500        5.04830
C          0.84850        2.48000        5.74080
C          0.06800        2.22540        7.03420
C         -1.08280        1.21890        6.93300
C         -2.15230        1.60990        5.90830
C         -3.32140        0.62010        5.93480
C         -4.35550        0.96270        4.89930
C         -4.62880        0.29850        3.76420
C         -3.94890       -0.93610        3.23970
C         -3.31410       -0.67530        1.87150
C         -2.45210       -1.83990        1.36860
C         -3.24860       -3.11870        1.10310
C         -2.37950       -4.27160        0.58780
C         -1.83400       -4.04370       -0.82390
C         -1.07840       -5.27320       -1.32690
C         -0.55140       -5.06980       -2.73720
C          1.54500       -1.07790        0.03590
O          1.53990        0.34100       -0.08890
P          0.30240        1.10860        0.58160
O          0.62500        2.65500        0.32900
O          0.10170        0.81670        2.03080
O         -0.97340        0.82670       -0.34170
C         -0.90500        1.13850       -1.72150
C         -2.09620        0.48480       -2.42090
N         -2.07000        0.68810       -3.86570
O          2.14560       -1.28290       -2.27880
C          3.13520       -1.27680       -3.21650
O          4.27180       -1.68340       -3.03040
C          2.59550       -0.72520       -4.51510
C          3.68630       -0.39010       -5.53120
C          4.64050        0.73840       -5.12150
C          3.99020        2.08350       -4.78880
C          3.18610        2.67120       -5.95070
C          2.74650        4.11910       -5.70750
C          1.87990        4.35080       -4.46610
C          0.57880        3.54540       -4.41390
C         -0.38950        3.78420       -5.57580
C         -0.84880        5.23260       -5.76880
C         -1.47900        5.90230       -4.54440
C         -2.72470        5.18070       -4.02540
C         -3.35930        5.94950       -2.86450
C         -4.65790        5.32060       -2.35600
C         -4.46410        3.94770       -1.73140
H          3.53980       -1.22640       -0.71830
H          3.23950       -3.62360       -1.60570
H          1.59130       -3.59510       -0.95940
H          4.42560       -4.48810        2.29730
H          4.17970       -6.17920        1.94350
H          3.06790       -5.76320        4.04410
H          1.82850       -6.05900        2.83220
H          1.14810       -4.25690        4.29020
H          1.35510       -3.62840        2.66220
H          3.49370       -3.40850        4.84870
H          3.52740       -2.62020        3.26570
H          1.45900       -1.34330        3.86310
H          1.45570       -2.10200        5.45670
H          3.64800       -0.28690        4.31680
H          3.80200       -1.16770        5.83440
H          3.15660        1.10990        6.30620
H          1.86090        0.01820        6.78550
H          1.92780        1.55820        4.13610
H          0.58280        0.59460        4.72900
H          0.20650        3.01230        5.02890
H          1.67490        3.16530        5.96700
H         -0.33050        3.18500        7.38900
H          0.76180        1.88280        7.81200
H         -1.54780        1.13710        7.92410
H         -0.69040        0.22180        6.69880
H         -2.51850        2.62200        6.12490
H         -1.71790        1.62810        4.90120
H         -3.80480        0.64550        6.91890
H         -2.94810       -0.40060        5.81120
H         -4.94730        1.85160        5.11790
H         -5.42870        0.68740        3.13410
H         -4.70510       -1.72540        3.15900
H         -3.18110       -1.30150        3.92760
H         -4.09280       -0.45380        1.13100
H         -2.67860        0.21610        1.93220
H         -1.96630       -1.51810        0.44290
H         -1.65300       -2.04310        2.09170
H         -4.05500       -2.91600        0.38720
H         -3.72560       -3.45400        2.03170
H         -2.98960       -5.18340        0.58810
H         -1.54970       -4.44890        1.28310
H         -2.66200       -3.81830       -1.50610
H         -1.16080       -3.17980       -0.83470
H         -0.24110       -5.49480       -0.65710
H         -1.73760       -6.14840       -1.31470
H          0.11690       -4.20590       -2.79260
H         -1.37200       -4.90890       -3.44200
H          0.00820       -5.95120       -3.06480
H          0.54090       -1.45250       -0.18830
H          1.79650       -1.33450        1.06980
H          0.38900        3.17140        1.12230
H          0.03410        0.76650       -2.14430
H         -0.94180        2.22570       -1.84270
H         -3.02560        0.89670       -2.00900
H         -2.11470       -0.59020       -2.19850
H         -1.29920        0.15860       -4.27330
H         -2.92530        0.30710       -4.27250
H          1.98810        0.16080       -4.30330
H          1.93650       -1.48930       -4.94230
H          3.20880       -0.13250       -6.48370
H          4.28620       -1.28790       -5.72730
H          5.23230        0.42150       -4.25460
H          5.35830        0.89020       -5.93720
H          3.35770        1.97720       -3.90130
H          4.78650        2.78520       -4.51240
H          2.30750        2.05000       -6.15640
H          3.80020        2.65390       -6.86020
H          2.21570        4.47730       -6.59720
H          3.64020        4.74960       -5.62070
H          1.65040        5.42080       -4.39810
H          2.46520        4.12220       -3.56710
H          0.07310        3.77360       -3.46930
H          0.81240        2.47510       -4.36960
H          0.06800        3.43670       -6.50980
H         -1.27030        3.14900       -5.43040
H         -1.57140        5.25620       -6.59350
H          0.00080        5.84010       -6.09870
H         -0.73990        5.98850       -3.74070
H         -1.74830        6.92890       -4.82140
H         -2.45570        4.17360       -3.69280
H         -3.45070        5.07290       -4.83960
H         -2.64240        6.02790       -2.03750
H         -3.58260        6.97220       -3.19190
H         -5.38420        5.24960       -3.17340
H         -5.09270        5.98780       -1.60230
H         -3.70360        3.97600       -0.94540
H         -4.16300        3.20670       -2.47580
H         -5.40130        3.60080       -1.28490

