HF BASIS=def2-svp cutoff=1.0e-9 denserms=1.0e-6  zmake GRADIENT DIPOLE CHARGE=0

O          0.41760       -0.28190       -2.95300
C          0.86910        0.24970       -1.69140
C          1.19740       -0.88680       -0.71860
O          1.59580       -2.05090       -1.46260
C          0.01390       -1.18020        0.22380
O          0.46790       -2.22740        1.09980
C         -0.47590       -2.55140        2.11660
C         -0.40130       -1.64460        3.34340
O         -1.25780       -2.02720        4.31340
O          0.32040       -0.66910        3.50110
O         -0.39390       -0.05170        0.98930
C         -0.21490        1.23330        0.38190
C         -0.21400        1.19090       -1.14730
O         -1.50150        0.71300       -1.59050
C          1.05400        1.89120        0.91820
O          1.45810        1.39350        2.11020
O          1.67060        2.77060        0.33420
H          0.93840       -1.10730       -3.07090
H          1.78980        0.80820       -1.89570
H          2.06010       -0.59160       -0.10780
H          1.70320       -2.75780       -0.79410
H         -0.83980       -1.56940       -0.34420
H         -1.49530       -2.54650        1.71540
H         -0.23670       -3.56530        2.45330
H         -1.11670       -1.38390        5.04010
H         -1.05300        1.84690        0.73200
H         -0.09070        2.18930       -1.58110
H         -1.34120        0.39470       -2.50690
H          0.87720        0.66530        2.45610

