HF BASIS=def2-svp cutoff=1.0e-9 denserms=1.0e-6  zmake GRADIENT DIPOLE CHARGE=0

C         -4.73210       -0.83930       -0.78620
O         -4.33740       -0.78930        0.57900
C         -3.00810       -0.58850        0.83340
C         -1.99740       -0.42730       -0.12210
C         -0.62890       -0.22120        0.21560
C         -0.34170       -0.18770        1.60650
C         -1.35550       -0.34940        2.56320
C         -2.67700       -0.54800        2.17910
C          0.96380        0.00800        2.05040
C          2.00410        0.17330        1.14600
C          1.77560        0.14880       -0.23130
C          2.88420        0.32410       -1.08320
C          2.74460        0.31310       -2.46510
O          3.74420        0.47240       -3.38340
C          5.05960        0.66920       -2.87950
C          1.48160        0.12460       -3.00470
C          0.36960       -0.05120       -2.16970
O         -0.84100       -0.23110       -2.79340
C          0.46190       -0.04770       -0.74270
H         -4.52750        0.11020       -1.29190
H         -5.81360       -1.00400       -0.81490
H         -4.25500       -1.67730       -1.30520
H         -2.27460       -0.46180       -1.16610
H         -1.12510       -0.32220        3.62620
H         -3.44950       -0.67140        2.93320
H          1.19060        0.03470        3.11440
H          3.00720        0.32330        1.54120
H          3.86330        0.47010       -0.63580
H          5.12200        1.58840       -2.28770
H          5.39440       -0.19820       -2.30100
H          5.73250        0.77810       -3.73550
H          1.37640        0.11660       -4.08580
H         -0.71300       -0.20440       -3.75570

