HF BASIS=def2-svp cutoff=1.0e-9 denserms=1.0e-6  zmake GRADIENT DIPOLE CHARGE=0

C          0.33940       -3.35250       -2.43530
C          1.55760       -4.02620       -1.76550
C          2.78710       -4.01510       -2.66610
O          3.91720       -4.56340       -1.97980
C          3.13290       -2.58590       -3.09140
O          4.24030       -2.62530       -3.99650
C          1.94630       -1.93500       -3.78910
C          0.64470       -1.90190       -2.93380
C         -0.48210       -1.45300       -3.90470
C          0.76130       -0.92560       -1.69410
C          1.03290        0.53950       -2.11260
C          1.15670        1.49770       -0.92260
O          2.37960        1.20320       -0.25030
C         -0.08360        1.45460        0.03900
C         -1.25890        2.11330       -0.70500
C          0.26510        2.11500        1.42140
C          0.92140        0.97410        2.23640
C          0.58300       -0.34150        1.53970
C         -0.42110       -0.00740        0.43070
C         -0.49050       -0.99180       -0.77140
C         -0.85770       -2.43330       -0.34690
O          0.04890       -2.94820        0.61730
C         -0.90790       -3.40030       -1.53120
C         -0.81570        2.83500        2.29710
C         -1.26150        4.17660        1.70000
C         -2.01590        1.96590        2.73090
C         -2.88690        2.63600        3.79460
C         -3.93410        1.68840        4.30600
O         -4.89870        1.43510        3.40150
O         -3.96680        1.17520        5.41150
H          0.10570       -3.96870       -3.31640
H          1.82580       -3.54160       -0.82200
H          1.31220       -5.06270       -1.50100
H          2.62290       -4.64240       -3.55070
H          3.64960       -5.42970       -1.62620
H          3.45940       -1.99210       -2.23060
H          4.89750       -3.20060       -3.55630
H          1.75460       -2.49390       -4.71760
H          2.22760       -0.93520       -4.13850
H         -1.44490       -1.31100       -3.40910
H         -0.63650       -2.19970       -4.69300
H         -0.22890       -0.51460       -4.40910
H          1.62160       -1.25000       -1.09710
H          1.96910        0.58530       -2.67900
H          0.24540        0.89920       -2.78070
H          1.26760        2.52080       -1.30400
H          3.10540        1.29140       -0.89130
H         -1.04160        3.16370       -0.92480
H         -2.19220        2.06290       -0.14280
H         -1.46980        1.62880       -1.66280
H          1.03790        2.87780        1.24730
H          0.59790        0.95390        3.28260
H          2.00930        1.10670        2.27140
H          0.15240       -1.04370        2.26190
H          1.49790       -0.79930        1.15050
H         -1.41710       -0.02200        0.89320
H         -1.34100       -0.64650       -1.37370
H         -1.84410       -2.41180        0.13270
H         -0.33420       -3.76440        0.98140
H         -1.79500       -3.17210       -2.13400
H         -1.04300       -4.42630       -1.16580
H         -0.28650        3.10670        3.22370
H         -2.06720        4.06230        0.97100
H         -1.63710        4.83900        2.48790
H         -0.42670        4.69680        1.21950
H         -2.64640        1.71810        1.87280
H         -1.66270        1.00970        3.13310
H         -2.27630        2.95230        4.64800
H         -3.39160        3.52860        3.41000
H         -5.50140        0.81910        3.86850

