HF BASIS=def2-svp cutoff=1.0e-9 denserms=1.0e-6  zmake GRADIENT DIPOLE CHARGE=0

C         -3.12190       -0.18910        8.80050
C         -1.84290       -0.97580        8.56550
C         -0.79500       -0.21250        7.75280
C         -1.21790        0.18860        6.33570
C         -1.52170       -1.00960        5.43000
C         -1.81190       -0.55670        3.99740
C         -2.07170       -1.74820        3.07940
C         -2.41870       -1.29270        1.65960
C         -2.66560       -2.45850        0.70020
C         -1.45430       -3.35860        0.42710
C         -0.21810       -2.65170       -0.13750
C         -0.46720       -2.00220       -1.50030
C          0.81930       -1.40160       -2.07520
C          0.63740       -0.89500       -3.50280
C         -0.23710        0.33410       -3.58150
O         -1.43130        0.31150       -3.84980
O          0.50000        1.44320       -3.32210
C         -0.17090        2.71540       -3.44410
C         -1.04950        3.04060       -2.22370
C         -1.62510        4.45550       -2.35630
O         -2.44210        4.56520       -3.50580
P         -4.02230        4.81380       -3.30820
O         -4.64690        5.15480       -4.63430
O         -4.30100        5.64910       -2.08810
O         -4.49170        3.30220       -2.92250
C         -5.08210        2.52510       -3.94040
C         -6.47650        3.00880       -4.39140
N         -7.53060        3.21180       -3.26990
C         -7.13060        4.37520       -2.34720
C         -7.72450        1.96280       -2.44090
C         -8.82770        3.60310       -3.95200
O         -0.21550        2.96290       -1.05010
C         -0.89330        2.66130        0.09610
C         -0.34250        2.07150        1.16120
C          1.06440        1.58460        1.38390
C          2.11880        1.95640        0.33730
C          3.49640        1.39340        0.69940
C          4.53310        1.75550       -0.37250
C          5.93810        1.22000       -0.07680
C          5.98380       -0.30850        0.03220
C          7.39490       -0.82710       -0.02120
C          7.85780       -1.86730       -0.73450
C          7.07750       -2.79040       -1.63310
C          7.13990       -4.25960       -1.17940
C          6.62800       -4.52940        0.23960
C          5.15350       -4.15950        0.44690
C          4.70690       -4.44830        1.88280
C          3.26180       -4.00890        2.12330
C          2.83770       -4.25040        3.57140
C          1.40780       -3.80230        3.80750
H         -3.78740       -0.73650        9.46960
H         -2.91520        0.78100        9.25860
H         -3.66700       -0.02030        7.87160
H         -2.08460       -1.92550        8.08450
H         -1.41150       -1.22370        9.54030
H         -0.52080        0.69900        8.30560
H          0.11210       -0.82480        7.70050
H         -2.08620        0.85660        6.37540
H         -0.39880        0.77330        5.89840
H         -2.38870       -1.56050        5.81740
H         -0.66410       -1.69640        5.44000
H         -2.67850        0.11820        3.99890
H         -0.95540        0.02090        3.62190
H         -1.17830       -2.38200        3.06650
H         -2.89380       -2.35070        3.48450
H         -3.32660       -0.67980        1.70490
H         -1.62740       -0.64510        1.27010
H         -3.03730       -2.05440       -0.24770
H         -3.47520       -3.08140        1.09890
H         -1.76560       -4.14090       -0.27650
H         -1.17130       -3.87820        1.34900
H          0.15410       -1.90430        0.57240
H          0.58110       -3.39830       -0.23920
H         -1.21900       -1.21160       -1.40350
H         -0.86350       -2.75340       -2.19600
H          1.16160       -0.59140       -1.42620
H          1.60800       -2.16460       -2.07790
H          0.21100       -1.66970       -4.14610
H          1.60770       -0.64890       -3.94390
H          0.63330        3.45580       -3.53080
H         -0.73780        2.74110       -4.38260
H         -1.85000        2.29110       -2.16850
H         -2.16560        4.72830       -1.44770
H         -0.81280        5.18610       -2.44550
H         -4.40850        2.48600       -4.80500
H         -5.15710        1.50120       -3.56720
H         -6.89610        2.23910       -5.05390
H         -6.45250        3.93040       -4.96740
H         -6.33240        4.04220       -1.68410
H         -6.85230        5.22750       -2.96420
H         -8.00000        4.62710       -1.73370
H         -6.79780        1.73630       -1.90940
H         -8.52690        2.14890       -1.72320
H         -7.99460        1.14200       -3.11690
H         -9.60110        3.72710       -3.18810
H         -8.67470        4.54550       -4.48640
H         -9.11690        2.80900       -4.64770
H         -1.93550        2.95670        0.09130
H         -1.00570        1.90960        2.00810
H          1.38880        1.97060        2.35680
H          1.02090        0.49080        1.47830
H          2.18250        3.04710        0.24990
H          1.82340        1.55900       -0.64060
H          3.81550        1.79190        1.66970
H          3.41720        0.30190        0.79880
H          4.20570        1.37410       -1.34900
H          4.59030        2.84930       -0.45810
H          6.31520        1.66650        0.85080
H          6.60500        1.55810       -0.88030
H          5.37180       -0.73910       -0.76640
H          5.54540       -0.61490        0.98830
H          8.11010       -0.29790        0.60870
H          8.91940       -2.10260       -0.64910
H          7.51140       -2.72510       -2.63740
H          6.03200       -2.48580       -1.73910
H          8.18130       -4.60970       -1.24550
H          6.56690       -4.86880       -1.89090
H          6.76140       -5.59680        0.45270
H          7.25050       -3.99400        0.96730
H          4.53420       -4.72630       -0.26040
H          5.00170       -3.09570        0.23310
H          5.36970       -3.92120        2.57900
H          4.80890       -5.52170        2.08830
H          3.15700       -2.94620        1.88190
H          2.59650       -4.55770        1.44690
H          3.50060       -3.69990        4.24750
H          2.93200       -5.31570        3.81690
H          1.28610       -2.73950        3.57630
H          0.71260       -4.36660        3.18230
H          1.12190       -3.95770        4.85150

