HF BASIS=def2-svp cutoff=1.0e-9 denserms=1.0e-6  zmake GRADIENT DIPOLE CHARGE=0

C          1.37110       -1.17670        4.68780
C         -0.03010       -1.23040        4.09880
C         -0.38900       -2.64520        3.64320
C         -1.81680       -2.77060        3.10400
C         -2.18090       -1.90310        1.88980
C         -1.39750       -2.23450        0.61510
O         -0.04420       -1.81560        0.74470
C         -2.00620       -1.55740       -0.58730
C         -1.65780       -0.35400       -1.07510
C         -2.27780        0.25890       -2.30610
C         -3.52140        1.11990       -2.02390
O         -3.27690        2.08460       -1.00220
C         -3.77020        1.85300       -3.33840
C         -2.37610        1.95360       -3.91260
O         -2.13060        2.54180       -4.96000
C         -1.34700        1.23400       -3.05820
C         -0.25680        0.52570       -3.85810
C          0.78970        1.47470       -4.38110
C          1.88150        1.90110       -3.72450
C          2.24460        1.57670       -2.30430
C          3.42280        0.60260       -2.22510
C          3.69540        0.15940       -0.78840
C          2.56840       -0.68940       -0.26640
O          2.12680       -0.28140        0.93920
O          2.05110       -1.63290       -0.84510
H          1.60270       -0.15940        5.01960
H          1.46140       -1.84460        5.54960
H          2.11780       -1.47160        3.94450
H         -0.08090       -0.53010        3.25950
H         -0.75010       -0.88920        4.85090
H         -0.29220       -3.32640        4.49870
H          0.33190       -2.99740        2.89780
H         -2.00050       -3.82210        2.85310
H         -2.51400       -2.52660        3.91560
H         -3.25230       -2.04590        1.69980
H         -2.04850       -0.84620        2.14810
H         -1.39260       -3.31710        0.44680
H          0.39230       -2.11140       -0.08890
H         -2.79270       -2.12500       -1.08260
H         -0.88870        0.22610       -0.56550
H         -2.57050       -0.54920       -2.99480
H         -4.39160        0.52450       -1.72880
H         -3.16680        1.59920       -0.16380
H         -4.19480        2.84990       -3.19720
H         -4.37760        1.25030       -4.01980
H         -0.91910        1.97070       -2.36610
H         -0.69230       -0.00710       -4.71270
H          0.22950       -0.24250       -3.24490
H          0.62970        1.83120       -5.39870
H          2.55880        2.57730       -4.24500
H          2.50410        2.51120       -1.79150
H          1.37930        1.17350       -1.76890
H          4.32260        1.08640       -2.62460
H          3.22680       -0.27500       -2.85370
H          4.61210       -0.43710       -0.73660
H          3.83310        1.03600       -0.14500
H          1.33700       -0.84550        1.14230

