HF BASIS=def2-svp cutoff=1.0e-9 denserms=1.0e-6  zmake GRADIENT DIPOLE CHARGE=0

C         -0.20350       -6.28310       -3.26730
C         -0.01820       -4.76320       -3.39750
C          0.34840       -4.37160       -4.83040
C         -1.19650       -3.92360       -2.88190
C         -1.01210       -2.79050       -2.01320
C          0.27760       -2.32880       -1.64670
C          0.51330       -1.23110       -0.80340
C          1.93840       -0.84900       -0.48820
C         -0.57550       -0.50140       -0.31450
C         -1.87460       -0.92100       -0.68620
O         -2.94940       -0.14860       -0.30040
C         -2.13990       -2.07190       -1.50090
C         -3.44470       -2.53070       -1.86880
C         -4.68900       -1.99350       -1.26550
O         -5.77230       -2.13220       -1.83360
C         -3.60340       -3.56780       -2.79110
O         -4.82240       -4.01060       -3.25620
C         -2.49750       -4.24050       -3.28900
O         -2.73300       -5.23090       -4.20590
C         -0.36060        0.69300        0.53550
C         -0.12200        1.96920       -0.02550
O         -0.16130        2.10320       -1.39730
C          0.09810        3.15450        0.75160
C          0.43190        4.43700        0.21040
C          0.80010        4.63910       -1.21260
O          0.75920        5.76110       -1.71770
C          0.52130        5.56100        1.03520
O          0.81790        6.82950        0.58610
C          0.32760        5.44540        2.40360
O          0.47300        6.58580        3.14980
C          0.02800        4.21770        3.00720
C         -0.20310        4.16610        4.52500
C          1.11140        4.31750        5.29470
C         -1.26570        5.15200        5.03280
C         -0.05000        3.04710        2.17180
C         -0.26710        1.75160        2.70630
C         -0.40600        0.58980        1.92960
C         -0.64210       -0.72760        2.62590
H         -0.88320       -6.69760       -4.01630
H         -0.57780       -6.55080       -2.27340
H          0.75830       -6.79020       -3.40830
H          0.85980       -4.57480       -2.77630
H          0.56630       -3.30030       -4.89970
H          1.23820       -4.91630       -5.16420
H         -0.46050       -4.59250       -5.53450
H          1.16500       -2.82040       -2.03850
H          2.64620       -1.60790       -0.84040
H          2.19420        0.09630       -0.97790
H          2.08590       -0.75590        0.59290
H         -2.65970        0.62530        0.21410
H         -4.64500       -1.53300       -0.26970
H         -5.51560       -3.40340       -2.90390
H         -3.70780       -5.25620       -4.30560
H         -0.37130        1.25520       -1.82670
H          1.18000        3.78860       -1.79370
H          0.82330        6.80420       -0.40030
H          0.68490        7.28790        2.49940
H         -0.61470        3.19540        4.80440
H          1.84140        3.56710        4.97190
H          0.94560        4.18280        6.36930
H          1.56320        5.30420        5.15150
H         -0.92030        6.18910        5.04180
H         -1.54240        4.90590        6.06490
H         -2.17400        5.09790        4.42290
H         -0.31710        1.60650        3.78270
H          0.07330       -1.48160        2.28300
H         -0.51340       -0.63870        3.71000
H         -1.66280       -1.07670        2.44010

