HF BASIS=def2-svp cutoff=1.0e-9 denserms=1.0e-6  zmake GRADIENT DIPOLE CHARGE=0

O          1.60760        4.33790       -0.24930
C          2.02010        3.25560       -0.94300
O          3.21300        3.03250       -1.07850
C          0.87010        2.42820       -1.47990
C          1.34630        1.42660       -2.56860
C          1.63650        0.10830       -1.82650
N          0.80180        0.23500       -0.64270
C          0.36050        1.50790       -0.43170
C         -0.42890        1.50670        0.68380
C         -0.42820        0.15930        1.15610
C          0.37500       -0.62230        0.32220
C          0.70690       -2.03570        0.36090
O          1.16200       -2.64030       -0.60890
C          0.49050       -2.81810        1.60720
C          0.84290       -2.30900        2.86360
C          0.64200       -3.08310        4.00810
C          0.10700       -4.36210        3.89210
O         -0.06920       -5.08000        5.03730
C         -0.22720       -4.88920        2.64800
C         -0.02820       -4.11650        1.50150
H          2.43960        4.74770        0.06650
H          0.10220        3.09120       -1.88990
H          2.20860        1.77090       -3.14800
H          0.52370        1.25700       -3.27660
H          1.33390       -0.76680       -2.40500
H          2.67560        0.03400       -1.49350
H         -0.94820        2.35280        1.11530
H         -0.97230       -0.19680        2.02240
H          1.28820       -1.32240        2.96260
H          0.91060       -2.69420        4.98660
H         -0.42650       -5.95350        4.80700
H         -0.63460       -5.89050        2.54950
H         -0.27650       -4.52570        0.52410

