HF BASIS=def2-svp cutoff=1.0e-9 denserms=1.0e-6  zmake GRADIENT DIPOLE CHARGE=0

C          1.80210        3.94380       -3.69470
O          1.31470        2.72360       -3.14530
C          1.66720        2.42480       -1.85240
C          1.21040        1.18000       -1.35870
C          0.43630        0.23720       -2.27470
O          0.92500       -1.10760       -2.14630
C          0.38770       -1.98520       -3.14390
C         -1.14350       -2.02310       -3.14770
O         -1.62230       -2.76460       -2.01490
C         -1.74830       -0.60790       -3.13190
O         -3.16510       -0.74630       -2.94070
C         -1.09170        0.28720       -2.06350
O         -1.43570       -0.22200       -0.77710
S         -2.56910        0.52490        0.09170
O         -3.16070       -0.68840        0.96630
O         -3.60520        0.97380       -0.81500
O         -1.90440        1.43010        0.99980
C          1.47460        0.85710       -0.01100
C          2.21410        1.71540        0.80060
C          2.69530        2.91670        0.28530
O          3.43420        3.80360        1.02160
C          2.41550        3.27650       -1.03000
C          2.44260        1.33660        2.20140
O          3.16290        2.00970        2.93130
C          1.73690        0.14830        2.70080
C          1.01790       -0.57900        1.83540
O          0.96290       -0.31780        0.47830
C          0.18820       -1.73470        2.23950
C         -0.46520       -1.77900        3.48120
C         -1.31230       -2.84240        3.80820
C         -1.52710       -3.87200        2.89570
C         -0.89630       -3.84040        1.65590
C         -0.04690       -2.78030        1.33090
H          2.89680        3.96050       -3.71140
H          1.39740        4.80700       -3.15640
H          1.45320        4.00480       -4.73000
H          0.64940        0.52610       -3.31150
H          0.78830       -2.98270       -2.93600
H          0.76600       -1.66720       -4.12230
H         -1.49790       -2.56990       -4.02880
H         -2.58050       -2.56570       -1.97880
H         -1.59630       -0.14800       -4.11590
H         -3.52580        0.08640       -2.56830
H         -1.44670        1.32020       -2.16860
H         -2.41260       -1.22560        1.30380
H          3.56530        3.42140        1.91950
H          2.79170        4.23320       -1.37770
H          1.81920       -0.06020        3.75860
H         -0.34470       -0.97740        4.20690
H         -1.80930       -2.86230        4.77550
H         -2.18660       -4.69830        3.15000
H         -1.06400       -4.63660        0.93380
H          0.42210       -2.77660        0.34610

