HF BASIS=def2-svp cutoff=1.0e-9 denserms=1.0e-6  zmake GRADIENT DIPOLE CHARGE=+1

C         -0.48550        2.43780       -2.70640
O         -0.49750        2.07320       -4.08330
C          0.68860        1.64760       -4.62020
C          0.70930        1.53950       -6.01400
O         -0.39370        1.86590       -6.75300
C          1.84470        1.12070       -6.69690
C          2.99160        0.78860       -5.97900
C          2.98390        0.86440       -4.58270
C          4.16650        0.44680       -3.83000
C          4.22760       -0.62780       -3.02650
C          3.14120       -1.58670       -2.79470
O          2.60340       -2.09960       -3.90900
O          2.77070       -1.96500       -1.62440
C          1.70240       -2.90960       -1.59450
C          0.78670       -2.61350       -0.38460
O          0.12960       -1.33610       -0.54600
C         -0.70820       -1.00100        0.58010
O          0.07000       -0.87790        1.78210
C         -0.11740        0.34480        2.40280
C         -0.94010        0.45750        3.45440
C         -1.26260        1.79930        3.93820
C         -1.97130        2.05760        5.11760
O         -2.31120        1.07660        6.00700
C         -2.36860        3.35390        5.44540
C         -2.04820        4.40260        4.58600
O         -2.41960        5.68440        4.86370
C         -1.33240        4.17830        3.41700
C         -0.93030        2.88070        3.10650
O         -0.19140        2.70840        1.95160
C          0.54780        1.52040        1.83440
C          1.76640        1.55440        1.23880
C          2.26130        2.80840        0.65620
C          3.41010        2.85750       -0.03320
C          4.23300        1.63810       -0.20270
O          5.19930        1.61730       -0.95740
C          3.82990        0.43070        0.55300
C          2.67390        0.40460        1.22850
C         -1.83080       -2.05710        0.74340
O         -2.65400       -1.83560        1.89290
C         -1.25710       -3.47500        0.82680
O         -0.58350       -3.70170        2.07030
C         -0.25760       -3.73030       -0.30180
O          0.40330       -4.98080       -0.11620
C          1.83480        1.30710       -3.90410
H         -0.34390        1.55730       -2.07240
H          0.27710        3.19750       -2.50080
H         -1.46150        2.87030       -2.46490
H         -1.05150        2.20740       -6.11690
H          1.84090        1.07610       -7.78480
H          3.88350        0.48010       -6.52440
H          5.01920        1.12380       -3.88500
H          5.10330       -0.78170       -2.40210
H          2.96750       -1.70530       -4.73400
H          1.07940       -2.86130       -2.49450
H          2.15140       -3.90540       -1.52250
H          1.42310       -2.58610        0.50800
H         -1.18860       -0.04730        0.32410
H         -1.44310       -0.40260        3.87790
H         -1.66030        0.35700        5.94480
H         -2.92790        3.52700        6.36050
H         -2.66150        5.74730        5.80300
H         -1.08240        5.00900        2.76470
H          1.68380        3.72000        0.78070
H          3.78710        3.76670       -0.48400
H          4.51470       -0.40820        0.53890
H          2.43680       -0.47760        1.81330
H         -2.47320       -2.01220       -0.14540
H         -3.11100       -0.97820        1.77000
H         -2.06350       -4.21670        0.79150
H         -1.19690       -3.36880        2.76070
H         -0.81440       -3.77960       -1.24510
H          0.32120       -5.19950        0.84020
H          1.85550        1.37840       -2.81950

