HF BASIS=def2-svp cutoff=1.0e-9 denserms=1.0e-6  zmake GRADIENT DIPOLE CHARGE=0

C          0.62960        5.70730        0.96520
C         -0.68650        4.94780        1.01680
C         -1.63150        5.28580       -0.13500
C         -1.12090        4.98850       -1.55040
C         -0.95740        3.49920       -1.87760
C          0.45560        2.96720       -1.63140
C          0.68080        1.55400       -2.17820
C         -0.22550        0.50040       -1.53810
C          0.14930       -0.90930       -1.99570
C         -0.76380       -1.96030       -1.35940
C         -0.41480       -3.39940       -1.75690
C          1.00620       -3.79170       -1.34980
C          1.23870       -5.30450       -1.42250
C          2.66990       -5.67880       -1.01910
C          2.91220       -5.55850        0.49060
C          4.40760       -5.47510        0.81710
C          4.67420       -5.17050        2.29550
C          4.22870       -3.80320        2.77940
O          4.10740       -3.51860        3.96370
O          4.00940       -2.94040        1.75610
C          3.54560       -1.60990        2.10220
C          2.06000       -1.66120        2.48030
O          1.50160       -0.34460        2.58030
C          0.19920       -0.33330        2.99090
O         -0.43400       -1.32740        3.31150
C         -0.32980        1.08300        2.95900
C         -1.75000        1.21790        3.51470
C         -2.84660        0.55820        2.67150
C         -3.11220        1.25590        1.33580
C         -4.13880        0.46570        0.52220
C         -4.50350        1.16540       -0.78870
C         -5.41080        0.30590       -1.67780
C         -6.77200        0.08080       -1.08190
C         -7.31730       -1.08210       -0.68730
C         -6.71230       -2.45780       -0.72530
C         -6.55860       -3.01940        0.65990
C         -5.43320       -3.43350        1.26720
C         -4.03070       -3.42700        0.73750
C         -3.51160       -4.82580        0.57210
C         -2.60060       -5.45660        1.33290
C         -1.92540       -4.92930        2.56570
C         -0.44890       -4.66730        2.31820
C          3.77740       -0.72510        0.87440
O          5.17290       -0.69000        0.59610
P          5.64850       -0.28170       -0.87760
O          7.12460       -0.19990       -1.07930
O          4.98950       -1.42370       -1.79090
O          4.79900        1.02390       -1.24650
C          5.05050        1.62830       -2.50810
C          4.64590        3.10390       -2.44070
O          5.51770        3.80600       -1.54080
C          4.70240        3.78020       -3.81020
O          6.03770        3.74310       -4.30150
P          6.29900        3.18180       -5.77370
O          7.70970        3.17750       -6.24400
O          5.33260        4.02810       -6.71680
O          5.63290        1.73210       -5.79470
H          0.45830        6.78680        0.92680
H          1.22720        5.42350        0.09520
H          1.22290        5.49280        1.85990
H         -0.49700        3.87140        1.05680
H         -1.19160        5.19940        1.95680
H         -2.57730        4.75200        0.02120
H         -1.87220        6.35580       -0.08150
H         -1.87170        5.39210       -2.24240
H         -0.19820        5.54080       -1.75910
H         -1.18900        3.35840       -2.94090
H         -1.69010        2.91350       -1.31560
H          0.68960        2.97390       -0.56440
H          1.18000        3.63410       -2.11230
H          0.53050        1.55330       -3.26440
H          1.72900        1.28160       -2.00440
H         -1.27090        0.69490       -1.79990
H         -0.14210        0.56170       -0.44710
H          0.08040       -0.97870       -3.08800
H          1.19350       -1.10090       -1.72270
H         -1.80340       -1.76220       -1.64790
H         -0.72320       -1.87030       -0.26700
H         -1.13440       -4.07110       -1.27350
H         -0.53540       -3.52680       -2.83930
H          1.72690       -3.29290       -2.00890
H          1.19940       -3.42850       -0.33700
H          0.52170       -5.83350       -0.78350
H          1.06260       -5.64140       -2.45140
H          3.37370       -5.04770       -1.57480
H          2.86940       -6.71430       -1.32200
H          2.40410       -4.67790        0.88850
H          2.47090       -6.42430        1.00060
H          4.88670       -4.71010        0.19230
H          4.88160       -6.43080        0.56250
H          4.17250       -5.92360        2.91390
H          5.75320       -5.23570        2.47940
H          4.15060       -1.21530        2.92860
H          1.93930       -2.18870        3.43360
H          1.50940       -2.22320        1.71740
H          0.33820        1.69330        3.57810
H         -0.27520        1.45520        1.93260
H         -1.98230        2.28280        3.63030
H         -1.77990        0.77980        4.52070
H         -3.77480        0.57100        3.25660
H         -2.61320       -0.49670        2.49420
H         -2.18840        1.34470        0.75670
H         -3.47650        2.27420        1.51390
H         -5.04060        0.31460        1.12740
H         -3.72490       -0.52440        0.29760
H         -3.58950        1.39000       -1.35050
H         -4.98480        2.12680       -0.57590
H         -5.54740        0.82010       -2.63720
H         -4.90210       -0.63340       -1.90980
H         -7.37670        0.98130       -0.97010
H         -8.32730       -1.03980       -0.27930
H         -5.76950       -2.47120       -1.27650
H         -7.39290       -3.11310       -1.28270
H         -7.48660       -3.11740        1.22450
H         -5.52660       -3.81760        2.28310
H         -3.95960       -2.92510       -0.23100
H         -3.40320       -2.83900        1.41470
H         -3.92260       -5.36780       -0.27780
H         -2.32660       -6.47350        1.05360
H         -2.03140       -5.67520        3.36240
H         -2.40110       -4.01680        2.93640
H          0.03390       -4.31230        3.23570
H         -0.31590       -3.90390        1.54480
H          0.06700       -5.57670        1.99380
H          3.23950       -1.13170        0.01090
H          3.44100        0.30040        1.05480
H          5.55280       -2.21760       -1.77100
H          6.11390        1.53600       -2.75320
H          4.45630        1.09810       -3.25850
H          3.63910        3.19250       -2.02340
H          6.39940        3.81660       -1.95990
H          4.42620        4.83630       -3.72000
H          4.00320        3.30180       -4.50400
H          5.79590        4.80970       -7.07050
H          5.99050        1.20400       -6.53280

