HF BASIS=def2-svp cutoff=1.0e-9 denserms=1.0e-6  zmake GRADIENT DIPOLE CHARGE=0

C          2.93100       -3.32500       -2.78920
O          1.73950       -3.08350       -2.04830
C          1.35220       -1.69810       -2.07400
C          0.57860       -1.44390       -0.80880
C         -0.53700       -0.68920       -0.77130
C         -1.04330       -0.07840       -1.98980
C         -0.56020       -0.39920       -3.19890
C          0.55080       -1.38660       -3.38020
O         -0.05420       -2.56880       -3.91910
C         -1.19570       -0.48650        0.54680
C         -2.15770       -1.43160        0.99870
C         -2.49730       -2.64000        0.15430
C         -2.74580       -1.25990        2.26820
C         -3.74210       -2.24020        2.82910
C         -2.41230       -0.13380        3.03630
C         -1.48650        0.82110        2.59520
C         -1.18460        1.93430        3.40820
C         -0.26220        2.89350        2.99830
O          0.11400        4.01260        3.69450
C         -0.50580        4.21580        4.95910
C          0.35990        2.72880        1.76340
O          1.27470        3.64770        1.32390
C          0.07700        1.64040        0.94590
C         -0.85810        0.65440        1.33880
H          3.14840       -4.39560       -2.74660
H          3.77130       -2.78220       -2.34590
H          2.80610       -3.03670       -3.83680
H          2.24290       -1.05670       -2.02520
H          0.98060       -1.88120        0.10150
H         -1.86410        0.62830       -1.89570
H         -0.99350        0.03800       -4.09260
H          1.24960       -1.01580       -4.13810
H          0.14490       -3.27440       -3.27200
H         -1.73350       -3.41270        0.28650
H         -3.46910       -3.06810        0.41530
H         -2.57210       -2.38170       -0.90630
H         -3.33700       -3.25700        2.80250
H         -3.98050       -2.01910        3.87510
H         -4.67560       -2.19830        2.25930
H         -2.88690       -0.00410        4.00850
H         -1.68830        2.02640        4.36540
H         -1.58870        4.33850        4.85270
H         -0.10590        5.14260        5.38160
H         -0.26460        3.40280        5.65170
H          1.32030        4.31620        2.03490
H          0.59720        1.57200       -0.00560

