HF BASIS=def2-svp cutoff=1.0e-9 denserms=1.0e-6  zmake GRADIENT DIPOLE CHARGE=0

O         -0.08760        4.58140        3.21640
C          0.16600        3.42740        2.53430
C          0.98880        3.42560        1.39830
C          1.22680        2.23210        0.71900
O          2.00590        2.28130       -0.39320
C          0.64870        1.08160        1.21340
C         -0.17400        1.08580        2.32460
O         -0.69180       -0.13130        2.69040
C         -0.30770       -1.06230        1.64200
O          0.19120       -2.25340        2.22390
C         -1.58040       -1.38440        0.81580
C         -1.28930       -2.12290       -0.47180
C         -0.90020       -1.40220       -1.60810
C         -0.36220       -2.07390       -2.70130
O          0.25420       -1.37840       -3.70580
S          1.64390       -0.57780       -3.34940
O          2.44350       -1.55690       -2.34550
O          1.32300        0.60710       -2.57300
O          2.41740       -0.48090       -4.56740
C         -0.37630       -3.46420       -2.74670
O          0.10100       -4.15180       -3.82360
C         -0.84680       -4.19300       -1.66210
C         -1.27510       -3.52390       -0.51260
C          0.73870       -0.29590        0.81030
O          1.54160       -0.72820       -0.00420
C         -0.42820        2.25760        3.00850
H          0.39510        5.31250        2.79410
H          1.44060        4.34240        1.03030
H          1.82940        1.50910       -0.97380
H          1.11370       -2.08100        2.47610
H         -2.27300       -1.97990        1.42560
H         -2.12620       -0.46150        0.57730
H         -0.92640       -0.31470       -1.60200
H          2.14250       -1.37140       -1.41850
H          0.34580       -3.50620       -4.51020
H         -0.83670       -5.27930       -1.69120
H         -1.56920       -4.10450        0.36030
H         -1.06470        2.27270        3.88680

