HF BASIS=def2-svp cutoff=1.0e-9 denserms=1.0e-6  zmake GRADIENT DIPOLE CHARGE=0

O         -2.03770       -0.29380        4.25870
C         -1.95600       -1.37700        3.32300
C         -2.11000       -0.78290        1.91590
O         -1.21250        0.34570        1.82020
C         -1.83420       -1.82250        0.82110
O         -2.56220       -3.03050        1.10350
C         -2.23820       -1.36370       -0.59290
O         -1.97500       -2.46740       -1.48970
C         -1.54880       -0.10560       -1.13680
O         -1.99630        0.06590       -2.49950
C         -0.01930       -0.19000       -1.15060
O          0.50070        1.05850       -1.59400
P          1.04460        2.11110       -0.51940
O         -0.13270        2.37520        0.51750
O          2.09940        1.31060        0.37320
O          1.66620        3.34280       -1.08160
H         -2.03660       -0.69740        5.14640
H         -0.97320       -1.84250        3.44850
H         -2.74300       -2.10300        3.54700
H         -3.12700       -0.38430        1.81750
H         -1.29890        0.74690        2.72090
H         -0.77450       -2.10190        0.82780
H         -2.50860       -3.55240        0.27400
H         -3.32600       -1.22500       -0.63340
H         -2.15290       -2.10030       -2.38250
H         -1.89080        0.78040       -0.59560
H         -1.47170        0.80840       -2.86100
H          0.39340       -0.44520       -0.17240
H          0.31860       -0.94420       -1.86870
H         -0.39560        1.57520        1.02480
H          2.91270        1.84680        0.44790

