HF BASIS=def2-svp cutoff=1.0e-9 denserms=1.0e-6  zmake GRADIENT DIPOLE CHARGE=0

C         -3.84100       -2.79590        2.27420
C         -3.85020       -1.46220        1.59340
O         -4.69760       -1.10120        0.78880
O         -2.80490       -0.70490        2.03640
C         -2.67230        0.57010        1.38290
C         -1.23860        1.10420        1.54660
O         -0.35380        0.18610        0.89070
C          0.99740        0.64070        0.84660
O          1.80100       -0.41650        0.28930
C          2.09390       -0.19660       -1.03980
C          1.38910       -0.70690       -2.06780
O          1.68770       -0.49400       -3.40380
C          2.81330        0.22690       -3.71580
C          3.10680        0.38330       -5.06970
C          4.23000        1.11450       -5.44880
O          4.47810        1.24520       -6.78220
C          5.06490        1.69270       -4.49720
C          4.76740        1.53130       -3.14600
O          5.62100        2.12190       -2.25740
C          3.64220        0.79790       -2.75380
C          3.29590        0.61570       -1.33980
O          3.96620        1.13010       -0.44500
C          0.15690       -1.49000       -1.85780
C         -1.05160       -1.03950       -2.42270
C         -2.23190       -1.72280       -2.14700
O         -3.44090       -1.30320       -2.63770
C         -2.21810       -2.85390       -1.32990
O         -3.38830       -3.48450       -1.02050
C         -1.02990       -3.33760       -0.79970
C          0.15990       -2.65420       -1.06490
C          1.57660        0.94370        2.24630
O          2.83930        1.64010        2.15110
C          0.61970        1.82740        3.05770
O          0.64720        3.16070        2.52400
C         -0.80580        1.27100        3.01800
O         -0.81000        0.03200        3.73570
H         -2.82890       -3.21440        2.26360
H         -4.49920       -3.48510        1.73360
H         -4.19190       -2.68700        3.30320
H         -3.39020        1.26640        1.83050
H         -2.88510        0.46220        0.31150
H         -1.18910        2.06800        1.02370
H          1.05270        1.54400        0.22320
H          2.46730       -0.06060       -5.82730
H          5.26460        1.81110       -6.90550
H          5.94160        2.26590       -4.78470
H          5.28810        1.95820       -1.34820
H         -1.06760       -0.14490       -3.04060
H         -3.29430       -0.54460       -3.23330
H         -4.08600       -2.90650       -1.40580
H         -1.02920       -4.22140       -0.16480
H          1.08580       -3.02050       -0.62470
H          1.75900        0.00380        2.77920
H          3.35060        1.22150        1.42180
H          0.97980        1.89220        4.09100
H          1.60140        3.38770        2.49210
H         -1.49440        1.95760        3.52210
H         -1.47120       -0.55320        3.31480

