HF BASIS=def2-svp cutoff=1.0e-9 denserms=1.0e-6  zmake GRADIENT DIPOLE CHARGE=0

C          3.30150       -7.17400        0.33820
N          2.18030       -6.23610        0.22590
C          1.21840       -6.73600       -0.75870
C          2.68410       -4.89540       -0.13060
C          1.63640       -3.77620       -0.01160
O          2.28500       -2.53140       -0.29490
C          1.51910       -1.40090       -0.22360
C          0.16290       -1.34600        0.09910
C         -0.50310       -0.11530        0.13240
C          0.17940        1.07070       -0.16100
C          1.54210        1.01400       -0.47310
C          2.20320       -0.21590       -0.50630
C         -0.53970        2.36950       -0.12560
C         -0.91750        2.94980       -1.29920
C         -0.72790        2.32760       -2.67660
C          0.40530        2.97850       -3.47070
O          0.66230        2.23600       -4.66000
C         -1.59930        4.26840       -1.34720
C         -2.94430        4.35930       -1.72970
C         -3.58220        5.60020       -1.78380
C         -2.88130        6.75990       -1.45770
C         -1.54280        6.68100       -1.07740
C         -0.90330        5.44110       -1.02390
C         -0.83670        3.00620        1.18770
C          0.21020        3.48200        1.98860
C         -0.05660        4.06420        3.22960
C         -1.37050        4.16960        3.68300
C         -2.41840        3.68960        2.89940
C         -2.15300        3.10540        1.65930
H          2.94600       -8.16520        0.64150
H          4.00310       -6.84540        1.11310
H          3.85050       -7.27700       -0.60490
H          0.88060       -7.74310       -0.48830
H          0.31860       -6.11370       -0.78430
H          1.64290       -6.77710       -1.76830
H          3.11530       -4.88930       -1.14110
H          3.51090       -4.62830        0.54190
H          1.23390       -3.76500        1.00870
H          0.82950       -3.93590       -0.73510
H         -0.40750       -2.23840        0.33410
H         -1.55960       -0.08780        0.38950
H          2.09700        1.92380       -0.68650
H          3.26240       -0.25100       -0.74940
H         -1.65500        2.38920       -3.26150
H         -0.54530        1.24880       -2.61290
H          0.14220        3.99900       -3.76640
H          1.33380        3.02280       -2.89250
H          0.95510        1.34890       -4.38740
H         -3.50670        3.46320       -1.98000
H         -4.62630        5.66120       -2.07880
H         -3.37860        7.72550       -1.49780
H         -0.99610        7.58400       -0.81930
H          0.14050        5.39520       -0.72350
H          1.24000        3.40450        1.64990
H          0.76120        4.43380        3.84220
H         -1.57780        4.62420        4.64810
H         -3.44300        3.77010        3.25200
H         -2.97930        2.73250        1.05980

