HF BASIS=def2-svp cutoff=1.0e-9 denserms=1.0e-6  zmake GRADIENT DIPOLE CHARGE=0

N          5.28070       -0.85960        0.22580
C          3.94460       -0.88680       -0.18810
C          3.54250       -0.15750       -1.31210
C          2.19380       -0.07560       -1.66780
C          1.23610       -0.69120       -0.86140
C          1.61370       -1.38310        0.29110
C          2.96600       -1.45590        0.63370
S         -0.48730       -0.58750       -1.28350
O         -0.60560        0.19620       -2.49990
O         -1.00580       -1.94230       -1.22420
C         -1.27130        0.35830        0.00080
C         -2.21160       -0.24160        0.83900
C         -2.80750        0.51530        1.85100
C         -2.50820        1.87360        2.00130
N         -3.01670        2.58850        3.09100
C         -1.52800        2.44410        1.18240
C         -0.92380        1.70050        0.16580
H          5.54130       -1.63290        0.83020
H          5.94430       -0.72510       -0.53100
H          4.28180        0.35220       -1.92530
H          1.90690        0.47530       -2.56060
H          0.87140       -1.85900        0.92730
H          3.25240       -1.96730        1.54950
H         -2.47900       -1.28960        0.72450
H         -3.51460        0.03450        2.52270
H         -3.01660        3.59550        2.96020
H         -3.91170        2.24650        3.42730
H         -1.23000        3.47950        1.32840
H         -0.18660        2.17180       -0.47970

