HF BASIS=def2-svp cutoff=1.0e-9 denserms=1.0e-6  zmake GRADIENT DIPOLE CHARGE=0

C          2.55260       -4.66400        1.59040
O          1.20270       -4.39460        1.94940
C          0.77830       -3.09920        1.83370
C         -0.55170       -2.88780        2.19990
C         -1.10010       -1.60850        2.13130
O         -2.39940       -1.39780        2.49840
C         -0.34220       -0.51570        1.69800
C         -0.95180        0.85830        1.61850
C          0.17090        1.89340        1.61130
C          1.26350        1.52770        0.59250
C          2.41330        2.53860        0.75310
C          0.79150        1.55180       -0.88460
O          0.00410        2.71000       -1.19390
O          1.83840        0.23940        0.87680
C          0.98620       -0.73890        1.31940
C          1.54530       -2.02020        1.39560
O         -1.70890        0.90680        0.42270
S         -2.91820        1.97210        0.28240
O         -2.62540        2.58010       -1.18070
O         -4.16490        1.24540        0.21700
O         -2.71590        3.05020        1.22550
H          2.73070       -5.73340        1.73900
H          3.24890       -4.11760        2.23510
H          2.73200       -4.44010        0.53370
H         -1.14340       -3.73190        2.54210
H         -2.82810       -2.25560        2.66010
H         -1.59470        1.03050        2.49100
H          0.61460        1.91760        2.61690
H         -0.21240        2.89820        1.40760
H          2.08610        3.56520        0.55940
H          2.83170        2.49450        1.76560
H          3.23950        2.30260        0.07230
H          1.64600        1.51690       -1.57150
H          0.19570        0.66660       -1.12870
H          0.63700        3.44750       -1.30700
H          2.58270       -2.14100        1.10190
H         -1.64470        2.67640       -1.27660

