HF BASIS=def2-svp cutoff=1.0e-9 denserms=1.0e-6  zmake GRADIENT DIPOLE CHARGE=0

C         -0.69880       -3.64890        2.64930
C          0.65650       -2.96610        2.55930
C          0.99190       -2.56940        1.12080
C          2.39200       -1.95900        1.02790
C          2.81580       -1.62250       -0.40540
C          1.95490       -0.58040       -1.12520
C          1.95210        0.78110       -0.43400
C          1.15040        1.82020       -1.20050
O          0.67570        1.60520       -2.31620
C          0.94390        3.15620       -0.51350
C         -0.53100        3.39380       -0.20400
C         -1.06870        2.41330        0.81290
C         -1.72810        1.24570        0.38490
C         -2.18330        0.31010        1.31360
O         -2.82840       -0.86550        1.02780
C         -2.94640       -1.20580       -0.34960
C         -1.97940        0.55920        2.67480
O         -2.41360       -0.33900        3.61180
C         -1.33340        1.70620        3.11680
C         -0.87470        2.63440        2.18400
H         -0.92640       -3.90490        3.68870
H         -1.49440       -2.99690        2.27840
H         -0.71150       -4.57230        2.06160
H          0.65580       -2.07520        3.19810
H          1.42390       -3.64500        2.94920
H          0.93400       -3.45150        0.47170
H          0.24280       -1.85380        0.76490
H          2.45430       -1.06720        1.66160
H          3.11870       -2.67390        1.43440
H          3.85450       -1.26940       -0.38540
H          2.81590       -2.54400       -1.00080
H          2.34300       -0.46490       -2.14540
H          0.92740       -0.94650       -1.23590
H          2.97630        1.15600       -0.33320
H          1.51100        0.69440        0.56360
H          1.32260        3.93440       -1.18590
H          1.55200        3.19750        0.39720
H         -1.13060        3.33830       -1.12140
H         -0.66400        4.41290        0.18020
H         -1.86450        1.09090       -0.68200
H         -3.43130       -2.18500       -0.41030
H         -3.58000       -0.48690       -0.87910
H         -1.96220       -1.29210       -0.82220
H         -2.84630       -1.04730        3.09630
H         -1.18910        1.87280        4.18020
H         -0.36590        3.53000        2.53360

