HF BASIS=def2-svp cutoff=1.0e-9 denserms=1.0e-6  zmake GRADIENT DIPOLE CHARGE=0

C         -0.03140        1.67830        1.71540
C         -0.01330        0.68720        0.80770
C         -0.53880       -0.67420        1.03260
C         -0.02060       -1.76740        0.31980
O          1.00580       -1.57120       -0.57000
C         -0.52780       -3.06080        0.49240
C         -1.58060       -3.28460        1.37570
O         -2.17440       -4.48770        1.63670
C         -1.57690       -5.67140        1.07830
O         -1.75890       -5.73190       -0.33500
C         -1.25730       -6.92610       -0.95950
C          0.28230       -7.02350       -0.93770
O          0.87140       -5.83770       -1.47330
C         -1.94680       -8.16300       -0.36350
O         -1.41020       -9.37610       -0.89330
C         -1.81840       -8.17440        1.16060
O         -2.59190       -9.26660        1.68550
C         -2.29810       -6.85350        1.75530
O         -2.05990       -6.88540        3.17300
C         -2.12650       -2.20320        2.06770
C         -1.61590       -0.91140        1.89670
C          0.48490        3.03710        1.47980
C          0.95620        3.77660        2.57240
C          1.39180        5.08720        2.39990
O          1.83010        5.76150        3.50140
C          1.37220        5.68630        1.14710
C          0.92350        4.95350        0.04910
O          0.90510        5.61770       -1.14550
C          1.39280        4.87170       -2.26900
O          2.44050        5.63270       -2.89800
C          2.02220        6.92290       -3.37720
C          0.52510        7.04600       -3.71490
O          0.31540        8.04710       -4.72290
C          0.01090        5.71380       -4.25360
O          0.69540        5.40540       -5.48790
C          0.23500        4.57240       -3.25010
O          0.47830        3.35380       -3.97170
C          2.39800        7.99350       -2.35470
O          3.31170        7.55870       -1.45120
O          1.95080        9.13280       -2.35650
C          0.45510        3.64650        0.21610
H         -0.42600        1.50480        2.71330
H          0.43310        0.84110       -0.17160
H          1.15620       -2.39900       -1.05750
H         -0.10080       -3.87120       -0.08490
H         -0.51350       -5.68680        1.34930
H         -1.54570       -6.84660       -2.01500
H          0.61670       -7.87280       -1.54370
H          0.67320       -7.14710        0.07620
H          1.78860       -6.06580       -1.71330
H         -3.01180       -8.14240       -0.62760
H         -1.83640      -10.09020       -0.37590
H         -0.78480       -8.38350        1.46120
H         -2.60390       -9.12890        2.65490
H         -3.38440       -6.76140        1.62780
H         -2.29140       -5.99360        3.50280
H         -2.96480       -2.35920        2.74240
H         -2.08900       -0.09540        2.43690
H          0.98300        3.34040        3.56790
H          2.07290        6.66590        3.23880
H          1.70500        6.71080        1.01020
H          1.87270        3.93420       -1.96190
H          2.63500        7.13850       -4.26150
H         -0.06890        7.33510       -2.84030
H          0.53610        8.90960       -4.31310
H         -1.05090        5.77990       -4.51780
H          0.57850        6.20470       -6.04530
H         -0.68320        4.42160       -2.67050
H          0.81990        3.64230       -4.84660
H          3.51150        6.61040       -1.63040
H          0.03950        3.10400       -0.62820

