HF BASIS=def2-svp cutoff=1.0e-9 denserms=1.0e-6  zmake GRADIENT DIPOLE CHARGE=0

C         -5.55550       -4.86150       -1.29680
C         -5.33870       -3.65180       -2.21840
O         -4.33070       -3.96950       -3.19210
C         -3.30030       -3.08790       -3.33300
O         -3.16490       -2.04890       -2.70330
C         -2.37170       -3.59220       -4.41510
C         -0.96050       -3.01510       -4.33010
C         -0.85700       -1.59410       -4.89570
C          0.59180       -1.13230       -5.09210
C          1.39490       -1.05940       -3.79260
C          2.83940       -0.62620       -4.05560
C          3.65780       -0.63340       -2.76330
C          5.12900       -0.25980       -2.96550
C          5.91740       -1.14510       -3.93760
C          5.88470       -2.63460       -3.58210
C          6.76450       -3.44820       -4.53480
C          6.84270       -4.93450       -4.17410
C          5.51410       -5.67560       -4.34510
C          5.68530       -7.17850       -4.10540
C          4.36650       -7.93090       -4.29110
C          4.55270       -9.43450       -4.08960
C          3.24960      -10.19190       -4.29080
C         -4.30640       -5.15650       -0.45500
O         -4.01260       -4.00560        0.35520
C         -2.91970       -4.12290        1.15920
O         -2.18050       -5.09520        1.20290
C         -2.79960       -2.87090        1.99150
C         -1.54090       -2.84110        2.85370
C         -1.49390       -1.54140        3.65390
C         -0.22320       -1.40810        4.49180
C         -0.23450       -0.08150        5.25250
C          1.06730        0.16600        6.01200
C          1.01490        1.51690        6.73040
C          2.37920        1.91710        7.29060
C          2.34460        3.20790        8.11490
C          1.75970        4.43760        7.41090
C          2.53560        4.85810        6.16110
C          1.89030        6.07690        5.49360
C          2.70610        6.55070        4.28790
C          2.09110        7.76940        3.65800
C          1.74620        7.95360        2.37220
C          1.87760        6.97890        1.23660
C          0.56920        6.84920        0.45230
C          0.70820        5.83550       -0.68680
C         -0.58870        5.71580       -1.48890
C         -0.48400        4.74370       -2.66850
C         -0.25960        3.27190       -2.30200
C         -1.40740        2.67430       -1.48850
C         -1.21880        1.18410       -1.25520
O         -6.63570       -4.60580       -0.37160
C         -7.89630       -4.70560       -0.86600
O         -8.18050       -5.01120       -2.01450
C         -8.89920       -4.33260        0.19620
C         -9.54880       -2.98130       -0.08510
C         -8.58450       -1.79070       -0.15920
C         -7.77770       -1.56030        1.12120
C         -6.96400       -0.26560        1.03330
C         -6.10320       -0.05560        2.28170
C         -5.35230        1.27980        2.22350
C         -4.48480        1.47490        3.43750
C         -3.20600        1.88760        3.45890
C         -2.37120        2.29570        2.27680
C         -1.46600        3.44960        2.61260
C         -0.13080        3.51800        2.46350
C          0.79310        2.45280        1.93920
C          2.02600        2.34050        2.78870
C          3.31150        2.36920        2.39800
C          3.84910        2.49230        1.00210
C          4.68770        3.75100        0.84080
H         -5.77390       -5.75880       -1.88950
H         -5.10910       -2.75440       -1.63120
H         -6.25670       -3.42380       -2.77010
H         -2.82720       -3.39120       -5.39010
H         -2.29050       -4.68020       -4.29370
H         -0.61880       -3.03330       -3.28930
H         -0.29150       -3.66980       -4.90220
H         -1.35750       -1.55420       -5.87090
H         -1.38070       -0.88670       -4.24340
H          1.09110       -1.80870       -5.79720
H          0.58000       -0.14180       -5.56350
H          0.91840       -0.35620       -3.10090
H          1.40770       -2.03990       -3.30340
H          2.85310        0.37710       -4.49720
H          3.28240       -1.31020       -4.78770
H          3.21500        0.08090       -2.05720
H          3.59050       -1.61640       -2.28360
H          5.62550       -0.28220       -1.98780
H          5.18850        0.77810       -3.31630
H          6.95880       -0.79870       -3.94140
H          5.54500       -1.00040       -4.95880
H          6.23030       -2.77430       -2.55130
H          4.85570       -3.00270       -3.63680
H          6.39780       -3.33870       -5.56290
H          7.78280       -3.03940       -4.51800
H          7.59660       -5.40150       -4.81970
H          7.19880       -5.04560       -3.14270
H          5.12770       -5.50890       -5.35850
H          4.76930       -5.28300       -3.64300
H          6.06480       -7.34750       -3.09000
H          6.43420       -7.57690       -4.80170
H          3.97410       -7.74150       -5.29770
H          3.62320       -7.55280       -3.57880
H          4.93090       -9.63110       -3.07970
H          5.30050       -9.81450       -4.79530
H          2.49090       -9.86450       -3.57320
H          2.85790      -10.03650       -5.30140
H          3.41010      -11.26540       -4.15040
H         -3.44930       -5.38910       -1.09670
H         -4.50860       -6.00330        0.21200
H         -2.79670       -2.01150        1.31060
H         -3.68690       -2.81010        2.63210
H         -1.52900       -3.70160        3.53430
H         -0.65160       -2.92470        2.21720
H         -1.55190       -0.69640        2.95900
H         -2.37280       -1.48110        4.30720
H          0.65500       -1.45420        3.83740
H         -0.14940       -2.24200        5.20020
H         -1.07990       -0.06470        5.95230
H         -0.39260        0.73740        4.54060
H          1.90830        0.14820        5.30890
H          1.23720       -0.63510        6.74060
H          0.66870        2.28240        6.02710
H          0.27800        1.46910        7.54170
H          2.75850        1.11070        7.93060
H          3.09850        2.02090        6.47000
H          3.36460        3.43740        8.44590
H          1.75960        3.02530        9.02540
H          0.70800        4.26050        7.15720
H          1.76250        5.27180        8.12500
H          3.57110        5.09110        6.43700
H          2.56960        4.03650        5.43900
H          0.87120        5.82200        5.17560
H          1.80390        6.89020        6.22570
H          2.81400        5.72790        3.57560
H          3.71800        6.81600        4.61800
H          1.93920        8.60920        4.33700
H          1.34080        8.92820        2.10110
H          2.18180        5.99020        1.58820
H          2.66930        7.33850        0.56770
H         -0.23970        6.53880        1.12530
H          0.28570        7.82660        0.04100
H          0.98460        4.86300       -0.26780
H          1.52270        6.14320       -1.35380
H         -0.84840        6.70480       -1.88730
H         -1.41350        5.42660       -0.82830
H         -1.40350        4.82070       -3.26220
H          0.33320        5.06800       -3.32580
H         -0.15070        2.70400       -3.23440
H          0.68520        3.15420       -1.75900
H         -1.47990        3.17510       -0.51920
H         -2.35820        2.83660       -2.00980
H         -0.29320        0.98460       -0.70810
H         -2.05260        0.78360       -0.67110
H         -1.18270        0.64150       -2.20430
H         -8.42500       -4.34490        1.18370
H         -9.66040       -5.12090        0.21920
H        -10.29940       -2.78530        0.69090
H        -10.09270       -3.03690       -1.03680
H         -9.17640       -0.89260       -0.37690
H         -7.89960       -1.91990       -1.00580
H         -8.45620       -1.50970        1.98160
H         -7.09630       -2.40080        1.29280
H         -6.31860       -0.29650        0.14670
H         -7.64510        0.58520        0.90890
H         -6.74080       -0.08290        3.17530
H         -5.38760       -0.88250        2.37330
H         -4.76170        1.31090        1.30340
H         -6.07500        2.10160        2.17810
H         -4.95300        1.24350        4.39500
H         -2.70950        1.93530        4.42810
H         -1.80540        1.42600        1.93640
H         -3.00710        2.61580        1.44480
H         -1.97360        4.33990        2.98500
H          0.35050        4.46120        2.72400
H          1.04120        2.70280        0.90420
H          0.31070        1.47130        1.92760
H          1.83550        2.21070        3.85150
H          4.06990        2.26350        3.17430
H          4.47650        1.61630        0.79720
H          3.05660        2.48820        0.24840
H          5.12030        3.79120       -0.16420
H          4.08070        4.65060        0.98270
H          5.51110        3.77870        1.56370

