HF BASIS=def2-svp cutoff=1.0e-9 denserms=1.0e-6  zmake GRADIENT DIPOLE CHARGE=0

C          3.19200        2.86280       -3.17330
C          2.51650        1.87480       -2.22760
C          3.10520        1.88620       -0.80540
C          4.58710        1.47360       -0.77150
C          2.23090        1.07200        0.18720
N          2.66590       -0.33330        0.32020
C          2.16820       -1.50030       -0.17740
O          2.42270       -2.53130        0.44650
C          1.40540       -1.51860       -1.51100
C          2.42210       -1.71560       -2.64550
C          2.51080       -3.22950       -2.78070
C          1.07680       -3.67010       -2.56050
N          0.50920       -2.68220       -1.65530
C         -0.77160       -2.86980       -1.17830
O         -1.44570       -3.84960       -1.52390
C         -1.43530       -1.80770       -0.28510
C         -1.96780       -0.62990       -1.12250
C         -3.23720       -0.92570       -1.96490
C         -4.43770       -1.34190       -1.11450
C         -3.59720        0.33730       -2.76560
O         -2.97120       -1.93920       -2.93800
O         -0.57230       -1.30320        0.74420
C         -0.44090       -2.16100        1.79950
O         -0.86510       -3.31020        1.82570
C          0.25690       -1.51910        2.97250
C         -0.26940       -0.12340        3.26840
N         -1.71350       -0.08760        3.38340
C         -2.59840        0.81120        2.86240
O         -3.79150        0.65590        3.12920
C         -2.08840        2.01770        2.03050
C         -3.22640        2.57300        1.16950
N         -1.52750        3.06100        2.91600
C         -2.30690        3.37150        4.12270
C         -0.18500        3.44190        2.94810
O          0.30130        3.87230        3.99990
C          0.65290        3.49190        1.60850
C          0.60570        4.96360        1.06750
C         -0.79790        5.37700        0.61400
C          1.55570        5.20860       -0.10730
N          2.05340        3.01140        1.82660
C          2.84100        3.65930        2.87560
C          2.39690        1.67070        1.62390
O          2.90960        0.98880        2.52360
H          2.63740        2.92320       -4.11340
H          3.23350        3.86750       -2.73730
H          4.21010        2.54350       -3.41170
H          1.44450        2.11780       -2.18370
H          2.60040        0.88120       -2.66930
H          3.09460        2.93320       -0.48690
H          4.74000        0.46590       -1.16720
H          4.97560        1.50160        0.25390
H          5.20240        2.15850       -1.36320
H          1.17240        1.08230       -0.08040
H          3.17130       -0.50820        1.19190
H          0.84360       -0.59070       -1.62730
H          3.40320       -1.27320       -2.45850
H          2.02950       -1.29350       -3.57780
H          3.15700       -3.63270       -1.99490
H          2.90530       -3.54620       -3.75020
H          1.00120       -4.68180       -2.15550
H          0.50020       -3.62570       -3.49280
H         -2.29060       -2.28360        0.20810
H         -2.15950        0.21820       -0.45940
H         -1.18840       -0.30110       -1.81200
H         -4.29080       -2.32810       -0.66360
H         -5.33700       -1.43990       -1.73860
H         -4.63480       -0.61000       -0.32120
H         -4.49500        0.17880       -3.36780
H         -2.79380        0.58760       -3.47940
H         -3.75750        1.20390       -2.10920
H         -2.87280       -2.81290       -2.50510
H          1.33450       -1.50530        2.79210
H          0.08150       -2.15590        3.84860
H          0.13210        0.23700        4.21950
H          0.05100        0.56900        2.49420
H         -2.15840       -0.75720        4.00720
H         -1.31860        1.64650        1.35630
H         -3.59280        1.80590        0.48350
H         -4.08210        2.89770        1.76930
H         -2.89360        3.42820        0.57820
H         -2.14860        2.58430        4.86610
H         -3.36650        3.46340        3.88040
H         -1.97780        4.32260        4.55300
H          0.20170        2.83880        0.86460
H          0.89290        5.64810        1.87670
H         -1.51800        5.34110        1.43560
H         -1.15990        4.73030       -0.18980
H         -0.79760        6.40500        0.23220
H          1.34140        4.53310       -0.94320
H          2.60230        5.08320        0.18680
H          1.45690        6.24080       -0.47450
H          3.89390        3.40870        2.72630
H          2.74460        4.74250        2.81930
H          2.56470        3.28510        3.86340

