HF BASIS=def2-svp cutoff=1.0e-9 denserms=1.0e-6  zmake GRADIENT DIPOLE CHARGE=0

C          1.66830       -0.05120        4.49880
C          2.15630        0.44850        5.86820
O          1.68320        1.77950        6.13900
C          0.42980        1.86170        6.67530
O         -0.25330        0.90190        6.99860
C          0.06710        3.32050        6.84410
C         -1.36830        3.57380        7.30320
C         -2.38780        3.67330        6.16240
C         -2.75020        2.32650        5.53860
C         -3.83030        2.48500        4.46430
C         -4.46240        1.15820        4.03710
C         -3.49250        0.09910        3.51030
C         -2.79810        0.49770        2.20600
C         -1.90920       -0.64160        1.70930
C         -1.26800       -0.32780        0.35780
C         -0.40360       -1.50070       -0.10010
C          0.23460       -1.26070       -1.46560
C          1.09530       -2.45710       -1.87370
C          1.80020       -2.22030       -3.20840
C          2.57770       -3.44330       -3.71000
C          3.67750       -3.97340       -2.76820
C          4.73540       -2.91380       -2.45620
C          4.34210       -5.20330       -3.39450
C          2.16210       -1.48270        4.27570
O          1.53770       -2.04530        3.12810
P          2.20190       -3.34780        2.48830
O          3.61840       -2.89280        1.91260
O          2.59190       -4.30230        3.70600
O          1.39340       -4.07160        1.46760
O          2.26250        0.78610        3.47150
C          1.55010        1.88690        3.10940
O          0.41190        2.15090        3.46970
C          2.38670        2.79510        2.24620
C          2.60790        2.22780        0.84970
C          3.40450        3.21780       -0.00570
C          3.72460        2.71290       -1.41400
C          2.47410        2.45110       -2.25360
C          2.82150        2.18250       -3.71820
C          1.65250        1.60290       -4.52040
C          0.39060        2.46890       -4.50810
C         -0.71860        1.81690       -5.33740
C         -2.03590        2.59720       -5.32430
C         -2.68210        2.80040       -3.94810
C         -2.86980        1.53680       -3.10450
C         -3.73540        0.46890       -3.77520
C         -3.91260       -0.74270       -2.85670
C         -4.70210       -1.85420       -3.54910
C         -4.94120       -3.07480       -2.65710
C         -3.68320       -3.77030       -2.12590
C         -2.66840       -4.21090       -3.18560
C         -3.21010       -5.14890       -4.26660
C         -3.72660       -6.46940       -3.71860
H          0.57510       -0.02160        4.41960
H          1.87100       -0.23200        6.67840
H          3.25070        0.51540        5.87270
H          0.26430        3.84890        5.90590
H          0.74680        3.71710        7.60910
H         -1.37980        4.54030        7.82430
H         -1.69180        2.82380        8.03310
H         -2.02150        4.35880        5.39020
H         -3.30040        4.12450        6.57000
H         -1.86160        1.87730        5.08630
H         -3.10440        1.64790        6.32280
H         -3.40830        3.00010        3.59360
H         -4.63220        3.12840        4.84550
H         -5.22320        1.36190        3.27310
H         -4.99790        0.73390        4.89580
H         -2.74320       -0.13990        4.27340
H         -4.06200       -0.82410        3.34130
H         -2.18560        1.39260        2.35940
H         -3.54950        0.74010        1.44580
H         -2.50280       -1.55920        1.62150
H         -1.12600       -0.83980        2.44940
H         -0.65650        0.57820        0.43550
H         -2.04850       -0.13270       -0.38460
H         -1.00960       -2.41310       -0.13620
H          0.38620       -1.66710        0.63940
H         -0.54230       -1.08930       -2.21760
H          0.85240       -0.35930       -1.42410
H          1.83810       -2.64020       -1.09020
H          0.46670       -3.35410       -1.94110
H          2.47210       -1.35860       -3.12480
H          1.05250       -1.95840       -3.96920
H          1.86130       -4.25060       -3.90910
H          3.02520       -3.18630       -4.67920
H          3.22110       -4.29650       -1.82480
H          4.30550       -2.07620       -1.89740
H          5.53770       -3.33780       -1.84100
H          5.18490       -2.52060       -3.37520
H          4.83880       -4.95050       -4.33740
H          5.09260       -5.62520       -2.71830
H          3.59990       -5.98410       -3.59760
H          1.90400       -2.11200        5.13300
H          3.24860       -1.49120        4.13510
H          3.56310       -2.79320        0.94360
H          2.27640       -5.20470        3.52140
H          1.86690        3.75990        2.18410
H          3.33810        2.98350        2.75760
H          3.14440        1.27360        0.91160
H          1.63710        2.01290        0.38970
H          4.35160        3.44580        0.50080
H          2.85480        4.16370       -0.07740
H          4.34420        3.46800       -1.91460
H          4.32470        1.79740       -1.34990
H          1.80630        3.31830       -2.18830
H          1.93520        1.59320       -1.84380
H          3.16470        3.11300       -4.18690
H          3.65610        1.47320       -3.77310
H          1.98300        1.45310       -5.55530
H          1.40820        0.61190       -4.12160
H          0.61620        3.46450       -4.90730
H          0.04740        2.59860       -3.47790
H         -0.38020        1.73310       -6.37840
H         -0.88990        0.79230       -4.98840
H         -1.86880        3.58370       -5.77290
H         -2.74800        2.08540       -5.98270
H         -2.08360        3.51610       -3.37070
H         -3.65970        3.27590       -4.09480
H         -1.89360        1.11260       -2.84740
H         -3.33340        1.82690       -2.15370
H         -4.71570        0.89080       -4.02660
H         -3.27120        0.14170       -4.71160
H         -2.92550       -1.11640       -2.56680
H         -4.43060       -0.43850       -1.93900
H         -5.67750       -1.46000       -3.85960
H         -4.18800       -2.15690       -4.46810
H         -5.54880       -3.79880       -3.21310
H         -5.55100       -2.77010       -1.79670
H         -3.99300       -4.64120       -1.53660
H         -3.17630       -3.10610       -1.41640
H         -2.24000       -3.32670       -3.67180
H         -1.83190       -4.70590       -2.67750
H         -4.00230       -4.65730       -4.84020
H         -2.40280       -5.35840       -4.97730
H         -2.95470       -6.98130       -3.13660
H         -4.60090       -6.32310       -3.07760
H         -4.02510       -7.12760       -4.54160

