HF BASIS=def2-svp cutoff=1.0e-9 denserms=1.0e-6  zmake GRADIENT DIPOLE CHARGE=0

C          0.17340        2.02100        4.41070
C          1.69360        1.97080        4.42840
C          2.23780        1.20060        3.22600
C          3.76840        1.22000        3.19540
C          4.35450        0.51610        1.96830
C          4.17280       -1.00390        1.99950
C          4.78290       -1.65490        0.75740
C          4.73430       -3.18930        0.76880
C          3.34960       -3.80760        0.96600
C          2.35280       -3.38480       -0.08700
O          2.63760       -2.99880       -1.21110
O          1.08880       -3.50660        0.40860
C          0.03940       -3.02660       -0.43460
C         -1.27130       -3.78440       -0.12980
C         -2.41000       -2.76270       -0.29740
C         -1.71610       -1.51460       -0.83800
C         -2.40120       -0.15480       -0.69240
C         -3.81300       -0.15590       -1.28680
C         -4.46660        1.20900       -1.10760
C         -3.63240        2.32100       -1.68850
C         -4.20830        3.25760       -2.46020
C         -3.46720        4.47210       -2.87140
O         -4.03310        5.32900       -3.54740
C         -2.07690        4.67070       -2.32570
C         -1.36150        3.34210       -2.15640
C         -2.15950        2.33840       -1.29750
C         -1.52210        0.91870       -1.39720
C         -0.06550        0.89050       -0.86860
C          0.56710       -0.51400       -0.85870
C         -0.33010       -1.54840       -0.16550
C         -0.35030       -1.26390        1.35900
H         -0.19930        2.58260        5.27360
H         -0.25250        1.01290        4.45300
H         -0.19190        2.51280        3.50440
H          2.08950        2.99190        4.43920
H          2.02230        1.48580        5.35290
H          1.87400        0.16910        3.27600
H          1.84610        1.63500        2.29760
H          4.16630        0.76520        4.11050
H          4.10970        2.26260        3.18560
H          5.42710        0.74310        1.92250
H          3.90570        0.92790        1.05620
H          3.10700       -1.24620        2.04910
H          4.64490       -1.41240        2.90060
H          4.27810       -1.27340       -0.13860
H          5.83270       -1.35120        0.66630
H          5.16130       -3.55170       -0.17530
H          5.39240       -3.55610        1.56710
H          2.96550       -3.53790        1.95570
H          3.42840       -4.90050        0.92690
H          0.28160       -3.18860       -1.49460
H         -1.27480       -4.20770        0.88080
H         -1.39160       -4.62270       -0.82490
H         -2.89670       -2.57220        0.66460
H         -3.17500       -3.12940       -0.98710
H         -1.58300       -1.68840       -1.91860
H         -2.49420        0.09900        0.37120
H         -3.78070       -0.42440       -2.35080
H         -4.43410       -0.90920       -0.78580
H         -4.60020        1.40510       -0.03680
H         -5.47000        1.18550       -1.54750
H         -5.25730        3.23530       -2.73730
H         -2.15120        5.20040       -1.36880
H         -1.51450        5.29830       -3.02630
H         -0.38430        3.53540       -1.70070
H         -1.17040        2.91200       -3.14820
H         -2.10910        2.66540       -0.24880
H         -1.47180        0.65080       -2.46260
H         -0.03760        1.31080        0.14250
H          0.57280        1.52810       -1.49180
H          1.54910       -0.46210       -0.37060
H          0.75600       -0.82220       -1.89630
H         -0.98980       -1.96230        1.90990
H          0.65650       -1.35280        1.78130
H         -0.70520       -0.25680        1.59670

