HF BASIS=def2-svp cutoff=1.0e-9 denserms=1.0e-6  zmake GRADIENT DIPOLE CHARGE=0

C          2.79140        2.76540       -1.75610
O          1.83400        1.71220       -1.80420
C          2.32920        0.43800       -1.90730
C          1.45570       -0.60070       -1.53880
C          1.89810       -1.93340       -1.64540
C          3.18460       -2.25130       -2.11510
C          3.58020       -3.70680       -2.20890
C          4.18610       -4.21400       -0.92850
C          3.68930       -5.13550       -0.07870
C          4.45390       -5.52150        1.16210
C          2.37480       -5.84930       -0.23330
C          4.03360       -1.19620       -2.45820
O          5.31450       -1.37970       -2.89860
C          3.60990        0.13080       -2.37150
C          0.04540       -0.33610       -1.03650
C         -0.85030        0.22920       -2.13550
O         -2.19690        0.39020       -1.67180
C         -2.26820        1.23910       -0.59870
C         -1.23550        1.40140        0.32640
C         -0.01320        0.58340        0.16940
O          0.84560        0.62940        1.05060
C         -1.39150        2.29190        1.40060
O         -0.39410        2.47700        2.33030
C         -2.58690        3.01400        1.55380
C         -2.78410        3.95800        2.64680
C         -3.96920        4.56370        2.75800
C         -5.11670        4.32040        1.80760
C         -6.27810        3.66780        2.56770
C         -5.57470        5.65860        1.21550
O         -4.82590        3.46410        0.68380
C         -3.62150        2.82000        0.63160
C         -3.46410        1.93340       -0.43680
H          3.23760        2.92970       -2.74230
H          3.56000        2.57680       -0.99870
H          2.26380        3.68160       -1.47340
H          1.23120       -2.74460       -1.35410
H          2.70980       -4.29350       -2.51950
H          4.29990       -3.85070       -3.02370
H          5.14860       -3.76490       -0.68260
H          5.41000       -4.99380        1.24410
H          3.86730       -5.28760        2.05670
H          4.66760       -6.59560        1.15620
H          2.54210       -6.92660       -0.33530
H          1.75060       -5.68050        0.65070
H          1.79710       -5.52140       -1.09930
H          5.60390       -2.27850       -2.67780
H          4.30620        0.90450       -2.67690
H         -0.39750       -1.27840       -0.68260
H         -0.88720       -0.46640       -2.98250
H         -0.50210        1.18930       -2.53680
H          0.34050        1.85530        2.12230
H         -1.97540        4.14240        3.34560
H         -4.13040        5.26020        3.57670
H         -7.13090        3.49200        1.90150
H         -6.61830        4.28470        3.40720
H         -5.98560        2.68560        2.95890
H         -6.41050        5.51260        0.52100
H         -5.89200        6.36470        1.99130
H         -4.76920        6.12510        0.63450
H         -4.27460        1.79550       -1.14770

