HF BASIS=def2-svp cutoff=1.0e-9 denserms=1.0e-6  zmake GRADIENT DIPOLE CHARGE=0

C          2.05390        2.78460       -2.25950
C          0.67460        2.11810       -2.25490
C         -0.01850        2.37000       -0.91170
C          0.76140        0.62430       -2.64270
N         -0.60160        0.05380       -2.81330
C          1.53720       -0.21650       -1.60110
O          2.76250       -0.24580       -1.51190
N          0.74690       -0.96290       -0.76320
C          1.21810       -1.51090        0.51810
C          0.03150       -1.86450        1.43820
C         -0.82330       -0.66830        1.79720
C         -2.10630       -0.52030        1.25230
C         -2.88470        0.59370        1.56970
C         -2.39100        1.56720        2.43570
C         -1.12010        1.42610        2.98900
C         -0.33950        0.31320        2.67340
C          2.11780       -2.75680        0.36330
O          3.05250       -2.66980       -0.61140
O          2.08390       -3.72470        1.11370
H          1.95600        3.86820       -2.13110
H          2.56980        2.60860       -3.20910
H          2.68890        2.41340       -1.44900
H          0.07950        2.62580       -3.02710
H         -0.11310        3.44560       -0.72590
H          0.54770        1.94110       -0.07900
H         -1.02750        1.94720       -0.89630
H          1.28440        0.51560       -3.60060
H         -0.50870       -0.87170       -3.23810
H         -1.10600        0.61770       -3.49930
H         -0.24100       -0.72220       -0.84930
H          1.84150       -0.74200        0.99260
H         -0.59100       -2.63340        0.96090
H          0.38950       -2.31140        2.37510
H         -2.51140       -1.27090        0.57700
H         -3.87850        0.70100        1.14270
H         -2.99910        2.43310        2.68390
H         -0.73770        2.18210        3.67000
H          0.64750        0.21710        3.12080
H          3.08160       -1.77620       -1.03090

