HF BASIS=def2-svp cutoff=1.0e-9 denserms=1.0e-6  zmake GRADIENT DIPOLE CHARGE=0

C         -0.07210        1.56320        4.28710
O         -1.05930        2.08580        3.40500
C         -1.13830        1.51200        2.16130
C         -2.11550        2.05400        1.32490
O         -2.91320        3.07420        1.76620
C         -2.29540        1.59360        0.03040
C         -1.48510        0.55660       -0.44830
C         -1.63460        0.07980       -1.87460
C         -0.25700       -0.29220       -2.45850
N         -0.42730       -0.76630       -3.84650
C          0.86850       -1.20600       -4.37270
C          1.38900       -2.43850       -3.62790
C          1.24890       -2.31880       -2.12990
C          1.88630       -3.24730       -1.30450
C          1.69740       -3.17950        0.06490
O          2.32880       -4.10500        0.85040
C          0.87420       -2.20220        0.63970
O          0.69960       -2.28530        2.00400
C         -0.52090       -2.97880        2.29130
C          0.27540       -1.19980       -0.14900
C         -0.52460       -0.06220        0.38710
C         -0.34440        0.46590        1.68250
C          0.43380       -1.31270       -1.55890
H         -0.14070        2.11590        5.22900
H          0.93530        1.71410        3.88540
H         -0.25850        0.50670        4.50700
H         -2.61160        3.25140        2.67840
H         -3.05010        2.05320       -0.60170
H         -2.08890        0.86710       -2.48950
H         -2.31630       -0.78120       -1.88010
H          0.37220        0.60960       -2.47570
H         -1.06900       -1.55930       -3.83980
H          1.59400       -0.38480       -4.31080
H          0.76280       -1.44430       -5.43690
H          2.44100       -2.59700       -3.89270
H          0.82320       -3.32180       -3.95070
H          2.51470       -4.02900       -1.72240
H          2.16730       -3.81930        1.76940
H         -0.48350       -4.00870        1.91960
H         -0.63260       -3.01550        3.37900
H         -1.39220       -2.45900        1.87960
H          0.44010        0.05580        2.30810

