HF BASIS=def2-svp cutoff=1.0e-9 denserms=1.0e-6  zmake GRADIENT DIPOLE CHARGE=0

C          2.46590        4.13280       -3.39690
O          3.17950        3.02690       -2.85430
C          2.42860        2.04860       -2.24750
C          3.17530        0.97940       -1.72810
O          4.54080        0.97970       -1.85350
C          2.58870       -0.10810       -1.07650
C          1.19070       -0.11540       -0.94440
C          0.46680        0.95880       -1.46860
O         -0.87360        0.78820       -1.25190
C         -0.99030       -0.38640       -0.59540
C          0.22370       -0.98370       -0.37830
C          0.29380       -2.25040        0.31170
O          1.34290       -2.84120        0.54040
O         -0.95790       -2.78710        0.72150
C         -2.21050       -2.14000        0.48050
C         -2.26360       -0.90840       -0.19180
C         -3.49370       -0.29810       -0.41460
C         -4.65800       -0.92670        0.03770
C         -4.58340       -2.15210        0.70460
O         -5.75490       -2.71320        1.12050
C         -3.36130       -2.77550        0.93530
C          1.03690        2.05380       -2.12290
H          1.78570        3.81120       -4.19240
H          3.19670        4.81630       -3.83970
H          1.93040        4.67920       -2.61350
H          4.75380        1.80700       -2.32780
H          3.20120       -0.91670       -0.68800
H         -3.55780        0.65500       -0.93270
H         -5.62680       -0.46180       -0.12910
H         -5.56260       -3.55520        1.56580
H         -3.29070       -3.72600        1.45150
H          0.40130        2.84310       -2.49860

