HF BASIS=def2-svp cutoff=1.0e-9 denserms=1.0e-6  zmake GRADIENT DIPOLE CHARGE=0

C         -0.26480        2.28170        4.83010
C          0.19870        1.38500        3.69320
C          0.86820        2.19180        2.58080
C          1.33270        1.28520        1.43880
C          1.99620        2.09520        0.32240
C          2.58530        1.22630       -0.79290
C          1.52650        0.45280       -1.58180
C          2.15560       -0.32470       -2.74280
C          1.11710       -1.07730       -3.56920
C          0.51940       -2.22480       -2.79430
O          1.12130       -3.25340       -2.51870
O         -0.75670       -1.93010       -2.42340
C         -1.42620       -2.91660       -1.61680
C         -2.92380       -2.72010       -1.81770
C         -1.04780       -2.71720       -0.15320
H         -0.74040        1.68430        5.61420
H         -0.99240        3.01920        4.47650
H          0.57910        2.81760        5.27610
H          0.89960        0.63940        4.08610
H         -0.66330        0.83990        3.29100
H          0.16430        2.93870        2.19360
H          1.72690        2.73820        2.98950
H          0.46910        0.73810        1.04460
H          2.04070        0.54210        1.82500
H          1.27200        2.79980       -0.10430
H          2.80760        2.69710        0.75040
H          3.13810        1.87930       -1.47960
H          3.31440        0.52660       -0.36670
H          1.00900       -0.24540       -0.91620
H          0.77540        1.15030       -1.97140
H          2.68490        0.37500       -3.40070
H          2.90240       -1.02630       -2.35130
H          1.57950       -1.49870       -4.46920
H          0.32600       -0.40220       -3.91530
H         -1.16090       -3.92820       -1.94720
H         -3.50220       -3.43950       -1.23010
H         -3.18500       -2.84270       -2.87450
H         -3.22980       -1.70690       -1.53410
H         -1.27540       -1.69670        0.17460
H         -1.58050       -3.42130        0.49330
H          0.02760       -2.86010       -0.00490

