HF BASIS=def2-svp cutoff=1.0e-9 denserms=1.0e-6  zmake GRADIENT DIPOLE CHARGE=0

C         -6.87060       -2.91350       -5.07180
O         -5.97020       -3.86830       -5.62460
C         -4.65590       -3.75980       -5.24810
C         -3.82220       -4.78950       -5.68880
O         -4.33120       -5.82050       -6.43400
C         -2.46710       -4.81230       -5.38650
C         -1.91680       -3.79260       -4.60760
C         -2.71280       -2.73110       -4.14480
C         -4.09410       -2.73470       -4.48220
C         -2.16930       -1.56470       -3.30090
O         -2.99770       -1.58680       -2.11800
C         -2.44250       -1.20640       -0.93100
C         -1.15380       -0.67810       -0.81160
C         -0.36500       -0.44180       -2.07670
C         -0.64720       -1.63510       -2.99290
O          0.21210       -1.59020       -4.14660
C         -0.82250        0.84110       -2.75070
C         -1.86030        0.77640       -3.69440
O         -2.45230       -0.38960       -4.09310
C         -2.31390        1.92150       -4.34090
C         -1.73940        3.14960       -4.04140
O         -2.18510        4.27960       -4.65920
C         -0.70640        3.25660       -3.10600
C         -0.23760        2.09150       -2.47280
O          0.78890        2.12610       -1.55670
C          1.67020        3.25950       -1.71110
C          0.88660        4.59110       -1.67160
O          1.73480        5.73630       -1.83750
C         -0.10870        4.60180       -2.82540
C          2.77070        3.11750       -0.66380
C          2.79520        3.84050        0.53750
C          3.87500        3.71770        1.40260
O          3.90510        4.46310        2.55330
C          4.92410        2.85250        1.11540
O          5.94960        2.79200        2.01780
C          4.90600        2.09030       -0.04370
C          3.83210        2.22770       -0.92960
C         -0.64820       -0.40500        0.46580
O          0.62780        0.06750        0.59970
C         -1.41290       -0.63700        1.62240
C         -0.84050       -0.44400        3.03110
C          0.17600       -1.57790        3.33630
O         -0.58150       -2.70120        3.86240
C          1.23140       -1.09200        4.35210
O          1.89480        0.08260        3.87370
C          1.03050        1.12430        3.65270
C          1.58660        2.39730        3.77820
C          0.78970        3.51670        3.56590
O          1.30770        4.77790        3.61550
C         -0.55860        3.38010        3.27390
C         -1.10270        2.10140        3.13980
O         -2.44110        2.06300        2.86260
C         -0.30950        0.95060        3.28610
C          2.32190       -2.09850        4.72150
C          2.54230       -3.30450        4.03240
C          3.49130       -4.21680        4.48810
O          3.60030       -5.40100        3.81100
C          4.27600       -3.94510        5.60010
C          4.11000       -2.73120        6.25880
C          3.13670       -1.82060        5.83210
C         -2.72350       -1.09750        1.45310
O         -3.53450       -1.22520        2.55070
C         -3.23340       -1.40010        0.19420
H         -6.64330       -1.90190       -5.42580
H         -7.87960       -3.16310       -5.41650
H         -6.86920       -2.96680       -3.97880
H         -5.28140       -5.61270       -6.52680
H         -1.84420       -5.62750       -5.74110
H         -0.85350       -3.84570       -4.39060
H         -4.70440       -1.90820       -4.12090
H          0.71610       -0.40810       -1.89420
H         -0.40700       -2.56100       -2.45690
H         -0.17900       -0.94610       -4.76750
H         -3.11410        1.84840       -5.07340
H         -2.94540        4.05650       -5.22390
H          2.17000        3.18060       -2.68920
H          0.33500        4.69670       -0.73180
H          2.36440        5.76100       -1.08950
H          0.39400        4.95090       -3.73660
H         -0.89980        5.32680       -2.59840
H          1.99170        4.51330        0.81530
H          4.78270        4.25290        2.94030
H          6.59460        2.14320        1.68580
H          5.70240        1.39330       -0.28070
H          3.82820        1.63950       -1.84470
H          0.71780        0.83760        0.00350
H         -1.64540       -0.55750        3.76990
H          0.67170       -1.91360        2.41490
H          0.03130       -3.33040        4.28780
H          0.71400       -0.85990        5.29810
H          2.63590        2.49580        4.03400
H          2.27370        4.70820        3.44510
H         -1.18080        4.25770        3.12700
H         -2.76960        1.15250        2.92630
H          1.97430       -3.57340        3.13590
H          4.25050       -5.96040        4.27050
H          5.00950       -4.66020        5.96110
H          4.72170       -2.49500        7.13060
H          3.01360       -0.87650        6.37910
H         -4.33120       -1.72420        2.30250
H         -4.23900       -1.78710        0.06180

