HF BASIS=def2-svp cutoff=1.0e-9 denserms=1.0e-6  zmake GRADIENT DIPOLE CHARGE=0

C         -4.16650        7.05690        6.26410
O         -3.84040        7.05250        4.88160
C         -3.03200        6.04430        4.39150
C         -2.50690        5.04490        5.11500
C         -1.64450        4.01250        4.52190
O         -1.17370        3.11440        5.20870
C         -1.35820        4.10030        3.08280
C         -1.85280        5.08080        2.31400
C         -1.61330        5.26060        0.83360
C         -0.63490        4.29250        0.21820
C         -0.93390        3.24750       -0.58030
C         -2.34470        2.86870       -0.93560
C          0.17070        2.41530       -1.20400
C          0.54900        1.16690       -0.38910
C         -0.41370        0.02220       -0.55210
C         -0.89220       -0.79810        0.40480
C         -0.49020       -0.74270        1.85500
C         -1.86310       -1.91020        0.03750
C         -3.24430       -1.82220        0.70770
C         -4.05860       -0.63590        0.25170
C         -5.28690       -0.63820       -0.30700
C         -6.10850       -1.87660       -0.54610
C         -5.96520        0.67030       -0.68580
C         -6.31430        0.81500       -2.17650
C         -5.10370        1.03980       -3.04520
C         -4.75780        2.15630       -3.72070
C         -5.55200        3.44210       -3.69630
C         -3.50510        2.27130       -4.58450
C         -2.57370        1.05370       -4.66920
C         -1.30700        1.39780       -5.40940
C         -0.85800        0.91440       -6.58510
C         -1.58390       -0.09350       -7.43380
C          0.46840        1.40300       -7.14420
C          1.63260        0.41570       -6.95460
C          1.94790        0.15660       -5.50300
C          1.73980       -0.97520       -4.79910
C          1.11070       -2.22820       -5.34960
C          2.05440       -1.02400       -3.31560
C          3.27550       -1.88400       -2.97550
C          3.42510       -2.03880       -1.48410
C          3.13330       -3.12610       -0.74160
C          2.52760       -4.39540       -1.28170
C          3.36240       -3.11900        0.75970
C          4.60100       -3.92750        1.16530
C          4.73520       -4.00390        2.66220
C          4.43760       -5.04210        3.46990
C          3.89500       -6.36770        3.00720
C          4.63920       -4.91870        4.97320
C          3.33810       -4.73540        5.77470
C          2.64680       -3.43600        5.45640
C          2.47330       -2.35560        6.24410
C          2.92170       -2.24550        7.67600
C          1.76750       -1.12560        5.68720
C          2.66450        0.11220        5.51740
C          3.81020       -0.10000        4.55930
C          4.05070        0.52170        3.38770
C          3.17270        1.56750        2.76090
C          5.28790        0.19480        2.59000
C         -2.74380        6.11540        2.92060
O         -3.23000        7.00280        2.22200
H         -3.26640        7.12630        6.88460
H         -4.75640        6.17140        6.52240
H         -4.77970        7.94220        6.46070
H         -2.67330        4.92860        6.17750
H         -0.71740        3.31440        2.69640
H         -1.21430        6.26820        0.65620
H         -2.57480        5.22090        0.30850
H          0.41260        4.51150        0.42600
H         -2.70890        3.50870       -1.74400
H         -2.41220        1.83280       -1.27280
H         -3.01770        2.96120       -0.07740
H          1.07180        3.03610       -1.29830
H         -0.10110        2.14690       -2.23360
H          1.52880        0.81930       -0.73870
H          0.67340        1.45080        0.65960
H         -0.73870       -0.14690       -1.57910
H         -1.29940       -0.31750        2.45790
H          0.40990       -0.14730        2.02760
H         -0.27140       -1.75060        2.22780
H         -1.39970       -2.86580        0.31700
H         -2.00130       -1.96130       -1.05020
H         -3.13500       -1.76860        1.79820
H         -3.76390       -2.76300        0.50230
H         -3.56890        0.32420        0.41500
H         -7.16620       -1.67880       -0.33580
H         -6.02000       -2.19810       -1.58950
H         -5.82410       -2.71050        0.10040
H         -6.89520        0.74080       -0.10530
H         -5.35770        1.52930       -0.37190
H         -7.03970        1.62740       -2.27680
H         -6.83630       -0.07920       -2.53810
H         -4.46790        0.15850       -3.11300
H         -5.89490        3.68960       -4.70730
H         -4.92210        4.26270       -3.33520
H         -6.43000        3.41060       -3.05070
H         -3.82140        2.53350       -5.60250
H         -2.92700        3.12790       -4.21120
H         -2.28380        0.73060       -3.66230
H         -3.10540        0.21610       -5.12710
H         -0.68340        2.12250       -4.88440
H         -2.04740        0.40580       -8.29260
H         -2.36350       -0.63470       -6.88990
H         -0.89160       -0.84970       -7.81550
H          0.34590        1.60960       -8.21450
H          0.74010        2.36620       -6.69130
H          2.53000        0.84830       -7.41450
H          1.44150       -0.50800       -7.50760
H          2.37890        1.01570       -4.98740
H          0.75960       -2.12520       -6.37770
H          0.24110       -2.50850       -4.74530
H          1.82700       -3.05610       -5.33000
H          1.16860       -1.40240       -2.78910
H          2.21850       -0.00930       -2.93120
H          4.18320       -1.40690       -3.36580
H          3.22210       -2.85900       -3.46750
H          3.83150       -1.16060       -0.98220
H          1.66070       -4.68850       -0.67900
H          3.25890       -5.20870       -1.25040
H          2.17250       -4.30180       -2.31000
H          3.46530       -2.08850        1.12560
H          2.46820       -3.51840        1.25850
H          5.50310       -3.44660        0.76580
H          4.57890       -4.92460        0.71790
H          5.10680       -3.08610        3.11900
H          4.56450       -7.17570        3.31530
H          3.77640       -6.43670        1.92410
H          2.91020       -6.55120        3.44600
H          5.31770       -4.08630        5.20200
H          5.15410       -5.82030        5.33060
H          2.64360       -5.55710        5.56540
H          3.57850       -4.81720        6.83760
H          2.26090       -3.38840        4.43640
H          3.65760       -1.44520        7.78930
H          2.06460       -2.01950        8.31960
H          3.38280       -3.15720        8.05970
H          1.30020       -1.35570        4.72090
H          0.93950       -0.87170        6.36110
H          3.08620        0.40530        6.48720
H          2.03390        0.95130        5.20910
H          4.53300       -0.84260        4.89970
H          2.21240        1.69390        3.26590
H          2.95150        1.29540        1.72340
H          3.68310        2.53660        2.75860
H          5.01360       -0.16670        1.59400
H          5.89820       -0.57840        3.06720
H          5.91170        1.08750        2.47710

