HF BASIS=def2-svp cutoff=1.0e-9 denserms=1.0e-6  zmake GRADIENT DIPOLE CHARGE=0

O         -4.60780       -4.52940        0.14010
C         -3.64380       -3.90120        0.84610
O         -3.13360       -4.46550        1.80250
C         -3.28210       -2.52010        0.32680
F         -4.39110       -1.85930       -0.13400
F         -2.79020       -1.71670        1.31470
C         -2.26460       -2.62070       -0.79730
F         -2.00700       -1.37050       -1.28670
F         -2.82580       -3.29400       -1.85050
C         -0.94030       -3.28870       -0.45570
F         -0.18690       -3.37480       -1.59450
F         -1.18790       -4.59230       -0.12070
C         -0.08760       -2.65360        0.63480
F          1.02890       -3.42760        0.81240
F         -0.75750       -2.74970        1.82110
C          0.35550       -1.20780        0.44030
F         -0.73390       -0.39750        0.43400
F          1.07700       -0.82940        1.53780
C          1.19520       -0.96790       -0.80080
F          2.14830       -1.94130       -0.89630
F          0.42260       -1.11260       -1.91090
C          1.89500        0.38660       -0.83630
F          2.61710        0.46600       -1.99270
F          2.81050        0.45440        0.16850
C          0.96260        1.57690       -0.74930
F          0.46270        1.66870        0.51400
F         -0.12110        1.35190       -1.55140
C          1.58730        2.89910       -1.14980
F          1.91560        2.88290       -2.47460
F          0.63490        3.87830       -1.02960
C          2.79670        3.26760       -0.31310
F          2.52720        3.23430        1.01110
F          3.23390        4.51830       -0.60020
F          3.84140        2.43910       -0.53350
H         -4.74750       -5.39060        0.59160

