HF BASIS=def2-svp cutoff=1.0e-9 denserms=1.0e-6  zmake GRADIENT DIPOLE CHARGE=0

N          2.94210       -0.29120       -2.86050
C          1.79870       -0.67230       -2.16850
C          1.67650       -0.57540       -0.77260
N          2.54240       -0.14480        0.21280
C          1.87020       -0.28600        1.33690
N          0.60730       -0.76810        1.11810
C         -0.39690       -1.02820        2.12480
C         -1.54910       -0.01700        2.14390
C         -1.18610        1.36130        2.70050
O         -0.56880        1.19040        3.97760
C         -0.30720        2.20500        1.77820
O         -0.71660        2.23310        0.49960
O          0.66490        2.84790        2.14680
C          0.47260       -0.98650       -0.22510
N         -0.59330       -1.47740       -0.87780
C         -0.35550       -1.53640       -2.20380
N          0.76020       -1.17390       -2.87500
H          3.77030       -0.26570       -2.27530
H          3.01480       -0.75960       -3.75400
H          2.24070       -0.04250        2.32570
H          0.10280       -1.08980        3.09780
H         -0.79520       -2.02870        1.91500
H         -1.99500        0.07720        1.14710
H         -2.32470       -0.44030        2.79580
H         -2.10430        1.93760        2.86350
H         -0.14160        2.04350        4.19410
H         -0.03700        2.76090        0.02620
H         -1.16560       -1.92620       -2.81390

