HF BASIS=def2-svp cutoff=1.0e-9 denserms=1.0e-6  zmake GRADIENT DIPOLE CHARGE=0

C          2.04290        2.33700       -1.06870
C          1.20110        1.06790       -1.30940
C          1.76840       -0.09930       -0.45850
C          1.47530        0.01750        1.04030
C         -0.03320        0.15010        1.32180
C         -0.58030        1.37280        0.54670
C         -2.07330        1.54170        0.84130
C         -2.27190        1.88630        2.31350
C         -1.48190        1.00370        3.24850
C         -1.82180        1.02320        4.61230
C         -1.12670        0.23960        5.52200
O         -1.50330        0.29470        6.83080
C         -0.08820       -0.57580        5.09980
C          0.26450       -0.59470        3.74750
C         -0.40190        0.20960        2.80400
C         -0.28960        1.31470       -0.96420
C         -1.05030        0.23040       -1.74790
C         -0.14520       -0.18140       -2.91680
C          1.09810        0.71480       -2.82440
O          0.82990        1.89640       -3.58460
C          2.29590        0.06670       -3.38150
C          3.27310       -0.45580       -3.84540
H          2.08410        2.60720       -0.00930
H          3.07330        2.19310       -1.41170
H          1.63500        3.20410       -1.59910
H          1.36100       -1.05880       -0.80080
H          2.85490       -0.16920       -0.59580
H          1.88370       -0.88010        1.51700
H          2.01840        0.86650        1.47250
H         -0.52320       -0.75810        0.94490
H         -0.07180        2.27070        0.92970
H         -2.61650        0.61880        0.60200
H         -2.50570        2.33830        0.22450
H         -1.96390        2.92530        2.48680
H         -3.34080        1.81580        2.54840
H         -2.63620        1.65020        4.96720
H         -0.92580       -0.29530        7.34180
H          0.45440       -1.20490        5.79770
H          1.06750       -1.26120        3.44550
H         -0.59320        2.28390       -1.38820
H         -2.00660        0.62100       -2.11390
H         -1.27850       -0.64970       -1.13890
H         -0.67400       -0.06120       -3.86950
H          0.10720       -1.24430       -2.81610
H          0.88550        1.64760       -4.52300
H          4.14380       -0.91490       -4.25410

