HF BASIS=def2-svp cutoff=1.0e-9 denserms=1.0e-6  zmake GRADIENT DIPOLE CHARGE=0

C         -2.01830       -5.34000       -2.29140
C         -1.88500       -3.89340       -1.99980
C         -2.71120       -2.84390       -2.51160
C         -2.27050       -1.65760       -1.96770
C         -2.96920       -0.26200       -2.13000
C         -2.37770        0.88890       -1.74680
N         -1.12380        1.10690       -1.28470
C         -0.99630        2.38680       -0.86240
C          0.08160        2.99200       -0.32640
C          1.40730        2.18600       -0.14040
C          2.49890        2.21130       -0.98780
C          2.54610        2.91350       -2.30550
C          1.93240        2.02350       -3.38900
C          0.94050        2.78700       -4.21370
O         -0.35150        2.51710       -3.94980
O          1.27680        3.59640       -5.07550
C          3.45120        1.25750       -0.47820
C          4.75200        0.88510       -1.08820
C          2.82080        0.61480        0.57050
N          1.58100        1.16560        0.75190
C          3.28560       -0.70510        1.27150
C          2.58720       -1.83890        1.04860
N          1.45950       -2.02830        0.30780
C          1.12410       -3.34220        0.31550
C          2.09030       -4.02870        1.14310
C          2.96990       -3.13120        1.59470
C          4.13320       -3.38610        2.47920
C          0.11820       -4.01160       -0.28080
C         -0.96430       -3.28790       -1.16160
N         -1.16200       -1.92840       -1.20550
C         -2.26750        3.05180       -1.11190
C         -2.59320        4.43390       -0.64840
C         -2.71790        4.49820        0.87190
C         -3.93620        3.78680        1.40130
O         -3.85040        2.44140        1.42480
O         -4.92010        4.38430        1.82540
C         -3.08270        2.16450       -1.70410
C         -4.49580        2.34010       -2.14120
H         -1.08460       -5.73750       -2.70420
H         -2.26200       -5.89590       -1.37990
H         -2.81370       -5.52490       -3.02150
H         -3.55870       -2.95170       -3.17180
H         -3.99720       -0.26680       -2.46940
H          0.08480        4.03730       -0.05020
H          3.58620        3.14260       -2.56540
H          2.03410        3.88110       -2.23290
H          1.45760        1.11510       -2.99800
H          2.71490        1.66650       -4.07080
H         -0.50640        1.93670       -3.14620
H          4.59650        0.17450       -1.90640
H          5.42200        0.42430       -0.35460
H          5.26200        1.76660       -1.48870
H          0.83570        0.70760        1.25770
H          4.17690       -0.68890        1.88200
H          2.08480       -5.08330        1.35300
H          5.06670       -3.09180        1.98920
H          4.21630       -4.44760        2.73430
H          4.03800       -2.82740        3.41550
H          0.02810       -5.08140       -0.14010
H         -0.58740       -1.24070       -0.71990
H         -1.81410        5.12790       -0.98630
H         -3.52280        4.79420       -1.10160
H         -1.83850        4.11330        1.39860
H         -2.80350        5.55000        1.17390
H         -3.06040        2.06900        0.95430
H         -5.16560        1.70370       -1.55280
H         -4.60580        2.07890       -3.19980
H         -4.84720        3.36940       -2.02860

