HF BASIS=def2-svp cutoff=1.0e-9 denserms=1.0e-6  zmake GRADIENT DIPOLE CHARGE=0

C         -1.35320        5.69130       -1.20620
O          0.00200        5.71220       -1.65180
C          0.91900        5.05560       -0.87550
C          2.22970        5.08230       -1.36930
C          3.26160        4.45840       -0.66940
O          4.51840        4.54130       -1.20670
C          2.98900        3.79150        0.52670
C          4.05410        3.15770        1.32510
O          5.22220        3.19520        0.94450
C          3.64430        2.54710        2.63720
C          2.22130        2.00390        2.51790
O          1.32550        3.08220        2.16260
C          1.68100        3.74240        1.01090
C          0.64920        4.38830        0.32250
C          1.98550        0.78670        1.62380
C          0.66670        0.42870        1.29240
C          0.37790       -0.66980        0.46930
O         -0.95740       -0.81880        0.20740
C         -1.47780       -2.15040        0.10690
O         -2.58550       -2.30220        1.02920
C         -3.68030       -1.41490        0.75530
C         -4.72220       -1.64490        1.85980
O         -5.23880       -2.97480        1.79720
C         -4.25380       -1.67720       -0.64680
O         -5.30300       -0.76080       -0.98200
C         -3.13820       -1.52540       -1.68940
O         -3.64890       -1.91070       -2.98690
C         -1.94270       -2.41730       -1.34190
O         -2.32890       -3.79510       -1.52240
C          1.42680       -1.42250       -0.07110
O          1.12180       -2.45560       -0.91370
C          2.07290       -2.73400       -1.93670
C          2.74000       -1.10720        0.29130
C          3.01650       -0.01860        1.13020
H         -1.74370        4.66660       -1.17480
H         -1.95190        6.25210       -1.92960
H         -1.45610        6.18420       -0.23120
H          2.44660        5.59850       -2.30270
H          5.14320        4.08480       -0.59760
H          4.35900        1.76900        2.92150
H          3.68690        3.34500        3.38940
H          1.91560        1.68870        3.52640
H         -0.35470        4.33860        0.73460
H         -0.16360        1.02190        1.67250
H         -0.76350       -2.91420        0.43220
H         -3.33920       -0.37500        0.84420
H         -4.26560       -1.52040        2.85120
H         -5.56240       -0.94780        1.77400
H         -4.44970       -3.55910        1.73900
H         -4.67120       -2.69020       -0.72600
H         -6.09720       -1.06540       -0.49820
H         -2.82840       -0.47270       -1.76960
H         -4.45330       -1.36800       -3.11020
H         -1.13930       -2.21870       -2.06120
H         -2.79060       -3.80600       -2.38870
H          1.60300       -3.42160       -2.64920
H          2.95350       -3.23640       -1.52930
H          2.35050       -1.82180       -2.48030
H          3.57740       -1.70190       -0.06070
H          4.05880        0.17730        1.37110

