HF BASIS=def2-svp cutoff=1.0e-9 denserms=1.0e-6  zmake GRADIENT DIPOLE CHARGE=0

C          1.71110       -0.48110        0.61700
C          2.01960       -1.86210        1.18600
C          3.55450       -1.90570        1.15380
C          3.93900       -0.43840        1.24210
O          5.09390       -0.03430        1.27130
C          2.71130        0.45150        1.32470
C          2.45150        0.70670        2.82030
C          2.76100        1.75290        0.53170
C          1.37010        2.40730        0.47320
C          0.23390        1.45950       -0.01100
C          0.27570        0.05510        0.67400
C         -0.73310       -0.90230        0.00740
O         -0.23180       -1.40250       -1.22740
C         -2.05250       -0.26420       -0.28320
C         -2.29430        1.05930       -0.25260
C         -3.68600        1.58300       -0.54510
C         -3.67540        2.70020       -1.58890
O         -4.98790        3.24470       -1.70050
C         -2.70000        3.80670       -1.19900
C         -1.29240        3.25480       -0.97520
C         -1.21200        2.10120        0.06870
C         -1.49990        2.66560        1.48110
H          1.99230       -0.53010       -0.44920
H          1.59140       -2.67210        0.58790
H          1.64420       -1.96990        2.20940
H          3.95890       -2.46910        1.99730
H          3.91720       -2.30930        0.20420
H          2.49240       -0.21310        3.41370
H          1.48200        1.17460        3.01000
H          3.22140        1.37190        3.22980
H          3.11870        1.56590       -0.48930
H          3.47920        2.45150        0.97810
H          1.14240        2.79790        1.46920
H          1.43200        3.27740       -0.19010
H          0.44680        1.28180       -1.07710
H         -0.02710        0.16530        1.72190
H         -0.88960       -1.76430        0.66560
H         -0.38980       -0.72090       -1.90300
H         -2.85570       -0.95710       -0.52860
H         -4.35130        0.78270       -0.89450
H         -4.14560        1.94460        0.38340
H         -3.40130        2.28660       -2.56720
H         -4.96030        3.93880       -2.38140
H         -3.05830        4.32830       -0.30300
H         -2.67590        4.56910       -1.98760
H         -0.64340        4.08610       -0.67510
H         -0.91240        2.90050       -1.94320
H         -1.33490        1.91430        2.26010
H         -2.53340        3.01080        1.59030
H         -0.86810        3.53050        1.70790

