HF BASIS=def2-svp cutoff=1.0e-9 denserms=1.0e-6  zmake GRADIENT DIPOLE CHARGE=0

C          0.78540        4.08120        0.79320
C          0.92090        4.56290        2.23790
O          0.70850        3.42710        3.09710
C          0.53210        3.72680        4.41180
O          0.64010        4.84570        4.89690
C          0.15540        2.48830        5.18370
C         -1.14110        2.65530        5.97470
C         -2.41690        2.56430        5.12410
C         -2.70840        3.82950        4.31320
C         -4.07330        3.80880        3.61840
C         -4.16840        2.76020        2.50690
C         -5.48020        2.89690        1.72950
C         -5.57800        1.84830        0.61950
C         -6.81180        2.02140       -0.27150
C         -8.12940        1.76160        0.46370
C         -9.34890        1.75300       -0.46500
C         -9.60690        3.05190       -1.23590
C         -9.85260        4.25930       -0.33000
C        -10.19800        5.50060       -1.13980
C          0.68950        5.25750       -0.18380
O          0.45500        4.73170       -1.50640
C         -0.55950        5.27810       -2.22440
O         -1.19840        6.26930       -1.88870
C         -0.76120        4.56950       -3.54320
C         -0.49550        3.06700       -3.46850
C         -0.85320        2.37750       -4.75600
C         -1.74920        1.39190       -4.93130
C         -2.63920        0.75140       -3.90200
C         -2.22260       -0.66730       -3.63430
C         -1.87250       -1.21790       -2.45910
C         -1.78530       -0.55930       -1.11200
C         -2.90660       -1.01760       -0.22290
C         -2.85830       -1.91780        0.77340
C         -1.67710       -2.73290        1.21870
C         -1.31280       -2.43460        2.64650
C         -0.13350       -2.00860        3.13040
C          1.12740       -1.71740        2.36870
C          1.47810       -0.25920        2.45720
C          2.57630        0.30150        2.98980
C          3.73090       -0.39070        3.65830
C          5.02700       -0.31330        2.84300
C          5.61350        1.10100        2.76570
C          6.98700        1.14390        2.09050
C          6.94400        0.82020        0.60520
O          1.97400        3.31430        0.47000
C          1.78260        2.22520       -0.32810
O          0.69480        1.80010       -0.68740
C          3.12430        1.64160       -0.70980
C          3.01410        0.53310       -1.75770
C          2.50280       -0.77660       -1.15390
C          2.18750       -1.85110       -2.19420
C          3.42180       -2.34870       -2.94480
C          3.08040       -3.55940       -3.81660
C          4.32440       -4.11150       -4.51340
C          4.01530       -5.26410       -5.47480
C          3.45630       -6.53500       -4.82310
C          4.42140       -7.18610       -3.87020
C          4.17110       -7.60530       -2.61780
C          2.86660       -7.50000       -1.87780
C          3.05920       -7.62340       -0.39020
C          2.99860       -6.65410        0.53790
C          2.75730       -5.18790        0.31600
C          3.92630       -4.31770        0.79030
C          5.21600       -4.56800       -0.00020
C          6.29710       -3.52030        0.27300
C          6.82340       -3.55410        1.69900
H         -0.10930        3.44990        0.71340
H          0.16510        5.32720        2.45420
H          1.92540        4.95750        2.42780
H          0.98780        2.27400        5.86410
H          0.07090        1.63040        4.50760
H         -1.13410        3.59350        6.54250
H         -1.18130        1.84410        6.71260
H         -2.35290        1.69220        4.46320
H         -3.26150        2.38530        5.80200
H         -1.93710        3.98390        3.55340
H         -2.67700        4.69880        4.98200
H         -4.24920        4.80240        3.18790
H         -4.86520        3.64100        4.35790
H         -4.10500        1.75350        2.93480
H         -3.32240        2.87530        1.81850
H         -6.32140        2.79110        2.42350
H         -5.54350        3.90020        1.29170
H         -5.57670        0.84330        1.05810
H         -4.68660        1.91800       -0.01620
H         -6.80710        3.03130       -0.69600
H         -6.72740        1.32230       -1.11250
H         -8.07450        0.78430        0.96040
H         -8.27720        2.50210        1.25670
H        -10.23700        1.51200        0.13190
H         -9.23570        0.93750       -1.18970
H         -8.77110        3.25900       -1.91390
H        -10.48710        2.89810       -1.87310
H         -8.96180        4.47250        0.27100
H        -10.67270        4.04320        0.36470
H        -10.36570        6.35260       -0.47350
H        -11.10790        5.34590       -1.72800
H         -9.38480        5.75950       -1.82480
H         -0.10290        5.94460        0.13160
H          1.63840        5.80340       -0.22320
H         -1.80180        4.73900       -3.84660
H         -0.10840        5.04390       -4.28420
H         -1.03260        2.64040       -2.61690
H          0.57070        2.88850       -3.28180
H         -0.29220        2.70630       -5.63090
H         -1.86390        0.99540       -5.93990
H         -2.69550        1.34610       -2.98810
H         -3.66080        0.73670       -4.30220
H         -2.23050       -1.32090       -4.50540
H         -1.61140       -2.27580       -2.46060
H         -1.82610        0.53150       -1.18550
H         -0.80920       -0.78370       -0.67290
H         -3.86620       -0.54600       -0.42930
H         -3.78580       -2.11650        1.31040
H         -0.82920       -2.61020        0.54280
H         -1.95480       -3.79290        1.15510
H         -2.11250       -2.60260        3.36830
H         -0.05940       -1.85590        4.20640
H          1.03600       -1.98490        1.31310
H          1.92180       -2.35560        2.76630
H          0.73640        0.40870        2.01350
H          2.64510        1.38870        2.95490
H          3.50370       -1.44430        3.84780
H          3.88420        0.06410        4.64500
H          5.76470       -0.97200        3.31700
H          4.84740       -0.70720        1.83550
H          4.92860        1.77410        2.23750
H          5.72100        1.49600        3.78390
H          7.67330        0.45390        2.59550
H          7.40340        2.15090        2.21420
H          6.26400        1.49530        0.07530
H          7.94070        0.93380        0.16720
H          6.61930       -0.20830        0.42590
H          3.62000        1.27030        0.19190
H          3.72540        2.45550       -1.13260
H          2.35790        0.85290       -2.57610
H          4.00900        0.36550       -2.18740
H          3.23750       -1.15770       -0.43440
H          1.58460       -0.58710       -0.59080
H          1.71430       -2.69350       -1.67470
H          1.44870       -1.46870       -2.90830
H          4.20430       -2.62010       -2.22780
H          3.82550       -1.54850       -3.57600
H          2.63010       -4.33650       -3.19040
H          2.33210       -3.27190       -4.56510
H          4.79760       -3.30530       -5.08880
H          5.05980       -4.43030       -3.76540
H          4.93620       -5.51550       -6.01710
H          3.30060       -4.91670       -6.23140
H          2.49320       -6.32150       -4.35010
H          3.24740       -7.25840       -5.62080
H          5.42100       -7.36230       -4.26860
H          4.98680       -8.09860       -2.08870
H          2.34610       -6.57240       -2.12960
H          2.21510       -8.32340       -2.19680
H          3.25860       -8.63690       -0.04240
H          3.15170       -6.94450        1.57760
H          2.54600       -4.96200       -0.73280
H          1.85900       -4.90390        0.87770
H          3.63420       -3.26660        0.68450
H          4.10230       -4.49100        1.85870
H          5.61190       -5.56480        0.22780
H          4.99190       -4.55690       -1.07320
H          5.90790       -2.52100        0.04850
H          7.13420       -3.69430       -0.41330
H          7.21740       -4.54460        1.94720
H          7.63320       -2.82640        1.81820
H          6.04110       -3.30380        2.42150

