HF BASIS=def2-svp cutoff=1.0e-9 denserms=1.0e-6  zmake GRADIENT DIPOLE CHARGE=0

C         -0.59500       -1.26150       -3.68490
C         -1.40490       -0.09260       -3.11960
C         -1.57990        0.97640       -4.20330
C         -0.73860        0.53730       -1.87650
C         -0.64700       -0.37550       -0.62080
N         -1.91350       -0.69860        0.08320
C         -2.39130       -2.04820       -0.21110
C         -2.99650        0.27060       -0.04350
C          0.42000        0.18200        0.40550
C          0.81220       -0.85880        1.53420
C          1.94510       -1.36670        0.63140
C          1.91540       -0.00550       -0.07990
C          0.05370        1.66730        0.94800
C          0.51010        2.83760        0.30450
C          0.20460        4.11700        0.78110
C         -0.56770        4.25930        1.92750
Cl         -0.94790        5.82970        2.51670
C         -1.03310        3.13540        2.59790
C         -0.72150        1.86160        2.11190
H          0.43590       -0.96230       -3.90240
H         -0.56600       -2.10430       -2.98860
H         -1.04220       -1.62900       -4.61490
H         -2.40230       -0.46200       -2.86330
H         -2.19560        1.80460       -3.83660
H         -2.07680        0.55910       -5.08560
H         -0.61390        1.38480       -4.51950
H          0.27120        0.85390       -2.16640
H         -1.26100        1.46790       -1.62510
H         -0.22500       -1.32350       -0.97430
H         -1.62290       -2.79310        0.02450
H         -2.67940       -2.16780       -1.26020
H         -3.25820       -2.29590        0.41190
H         -3.78940        0.03990        0.67760
H         -3.45040        0.27330       -1.03890
H         -2.67140        1.28840        0.18460
H          0.06360       -1.60830        1.80450
H          1.18400       -0.40220        2.46020
H          1.66310       -2.21150       -0.00640
H          2.88050       -1.61280        1.14080
H          2.62390        0.71300        0.35110
H          2.08990       -0.04950       -1.15820
H          1.11950        2.74960       -0.59320
H          0.57460        4.99110        0.25280
H         -1.63810        3.23580        3.49450
H         -1.10250        0.98970        2.64280

