HF BASIS=def2-svp cutoff=1.0e-9 denserms=1.0e-6  zmake GRADIENT DIPOLE CHARGE=0

C         -2.00350       -3.49520        1.41800
N         -0.64910       -2.96360        1.55460
C         -0.14010       -2.48800        0.24580
C          1.26250       -1.85540        0.36900
N          1.24100       -0.78640        1.36730
C          0.78980       -1.24250        2.67790
C         -0.61470       -1.87270        2.55940
C          1.01270        0.53610        1.02270
O          0.66980        1.39820        1.82240
O          1.19760        0.76010       -0.30060
C          0.88260        2.08330       -0.72150
N          0.27700        2.01780       -2.04710
C          1.08850        2.59090       -3.01890
O          0.90070        2.69970       -4.21740
C          2.27930        3.10330       -2.32570
N          3.31350        3.75440       -2.89310
C          4.26380        4.12060       -1.99750
C          4.16640        3.84900       -0.63040
N          3.11060        3.19390       -0.08110
C          2.16740        2.82960       -0.97930
C         -1.00410        1.46490       -2.20970
N         -1.63130        1.04490       -1.08430
C         -2.87280        0.51040       -1.20090
C         -3.53610        0.36330       -2.40390
Cl         -5.10140       -0.33090       -2.47450
C         -2.89340        0.79250       -3.55370
C         -1.61450        1.35090       -3.45670
H         -2.01790       -4.33140        0.71030
H         -2.36030       -3.88740        2.37670
H         -2.71380       -2.73660        1.06970
H         -0.08050       -3.33100       -0.45240
H         -0.83050       -1.74980       -0.18150
H          1.98880       -2.60620        0.70300
H          1.59610       -1.48870       -0.60610
H          1.51120       -1.98400        3.04160
H          0.77160       -0.41630        3.39600
H         -1.33760       -1.09070        2.29060
H         -0.90150       -2.26890        3.54050
H          0.22620        2.65650       -0.05470
H          5.12080        4.64680       -2.40550
H          4.94450        4.15590        0.06100
H         -3.32460        0.19530       -0.26450
H         -3.36960        0.70110       -4.52600
H         -1.12910        1.67840       -4.36950

