HF BASIS=def2-svp cutoff=1.0e-9 denserms=1.0e-6  zmake GRADIENT DIPOLE CHARGE=0

C          3.28700        1.78040        0.81720
C          2.20420        0.90210        1.45210
C          2.60090        0.55100        2.88630
C          1.97680       -0.35130        0.58160
C          0.89980       -1.34690        1.08070
C         -0.47800       -0.73810        1.34810
C         -1.31670       -0.55910        0.08100
C         -0.82640        0.55550       -0.87370
C         -2.08540        1.07060       -1.58690
C         -3.16900        0.96400       -0.53820
C         -3.92800       -0.33850       -0.42570
C         -2.72500       -0.08610        0.45020
C         -3.83310        2.23260       -0.03250
C         -2.82590        3.21110        0.57310
C         -4.64890        2.90340       -1.13760
O         -1.44900       -1.78490       -0.64790
C         -0.39070       -2.65060       -0.68440
C          0.74890       -2.51720        0.12420
C          1.74930       -3.50750        0.04640
O          2.83270       -3.37460        0.88140
C          1.63490       -4.59520       -0.83490
C          2.69480       -5.62200       -0.91010
O          3.69500       -5.53780       -0.20020
C          0.50460       -4.71120       -1.64420
O          0.41810       -5.78440       -2.49690
C         -0.51020       -3.74380       -1.56350
C         -1.71920       -3.86810       -2.40730
O         -1.83760       -4.81080       -3.18760
H          4.24650        1.25470        0.76440
H          3.00330        2.07320       -0.19930
H          3.43460        2.69700        1.39830
H          1.28630        1.49890        1.48340
H          3.48750       -0.09170        2.90680
H          1.79120        0.03270        3.40840
H          2.82750        1.45670        3.45920
H          1.75050       -0.03610       -0.44240
H          2.93710       -0.87730        0.49890
H          1.24110       -1.75350        2.04230
H         -0.41170        0.19520        1.91650
H         -1.01660       -1.43760        2.00620
H         -0.09880        0.20710       -1.61220
H         -0.38920        1.38310       -0.30320
H         -2.32430        0.43680       -2.44910
H         -1.92970        2.08700       -1.95910
H         -4.90390       -0.33540        0.04880
H         -3.85570       -1.05480       -1.23580
H         -2.88770        0.08430        1.50640
H         -4.53560        1.96290        0.76790
H         -2.24300        2.73150        1.36670
H         -2.12130        3.58750       -0.17530
H         -3.34080        4.07380        1.00900
H         -5.38240        2.20620       -1.55680
H         -5.19220        3.77020       -0.74680
H         -4.01280        3.24840       -1.95930
H          3.44980       -4.12590        0.72080
H          2.56230       -6.45840       -1.61560
H         -0.43450       -5.72960       -2.99120
H         -2.50350       -3.09920       -2.32080

