HF BASIS=def2-svp cutoff=1.0e-9 denserms=1.0e-6  zmake GRADIENT DIPOLE CHARGE=0

C          4.02320        7.93420        0.54420
C          5.32510        7.20760        0.77100
C          6.28000        7.92280        1.68470
C          5.55160        6.01450        0.18600
C          6.78870        5.15710        0.27220
C          6.58140        3.89890        1.13200
C          5.67070        2.78490        0.62450
C          5.30880        1.79700        1.70870
C          5.25390        2.67770       -0.65430
C          4.32930        1.64410       -1.23740
C          5.07450        0.64420       -2.12720
C          4.14510       -0.42110       -2.68080
C          3.82340       -1.54750       -1.73560
C          3.66740       -0.31940       -3.93720
C          2.74190       -1.27790       -4.63710
C          1.25530       -1.03020       -4.34590
C          0.66100        0.17760       -5.05300
C          0.83590        1.49340       -4.34240
C         -0.00290        0.00980       -6.21550
C         -0.66110        1.05360       -7.08120
C         -2.07640        0.66110       -7.54760
C         -3.25150        0.76820       -6.58200
C         -4.56320        0.37900       -7.21960
C         -3.14040        1.16310       -5.29820
C         -4.24320        1.35950       -4.29080
C         -4.47000        0.14900       -3.37380
C         -3.26620       -0.26170       -2.54000
C         -2.76970        0.76900       -1.56280
C         -2.73190       -1.49140       -2.68350
C         -1.51470       -2.04970       -1.99740
C         -1.88050       -3.02770       -0.87700
C         -0.66660       -3.74850       -0.31210
C          0.23400       -2.90340        0.54720
C         -0.48840       -5.06410       -0.54880
C          0.60650       -5.96500       -0.03690
C          0.08810       -7.03830        0.93450
C         -0.48450       -6.48250        2.22850
C          0.52040       -5.87870        3.17290
C         -1.80620       -6.57330        2.48330
C         -2.53830       -6.02940        3.68300
C         -3.90700       -5.44250        3.29870
C         -4.58450       -4.74870        4.46470
C         -5.05500       -5.66720        5.56730
C         -4.79950       -3.42060        4.56100
C         -4.45330       -2.33580        3.57270
C         -5.69810       -1.50920        3.21740
C         -5.42820       -0.46110        2.15770
C         -5.47910       -0.97290        0.73970
C         -5.19100        0.84350        2.40290
C         -5.10030        1.53870        3.73790
C         -3.77190        2.28950        3.93130
C         -2.57080        1.37280        4.09220
C         -2.42440        0.75420        5.45630
C         -1.72520        1.18300        3.05950
C         -0.52790        0.27590        2.99120
C          0.80810        1.02560        2.88780
C          1.00330        1.84930        1.62200
C          0.98440        1.06760        0.33710
C          1.21970        3.17880        1.71000
C          1.49180        4.15930        0.61560
O          0.41130        5.07830        0.56640
H          4.20680        8.89250        0.04770
H          3.32900        7.36100       -0.08030
H          3.52490        8.12610        1.50040
H          6.65550        8.83040        1.19930
H          5.77110        8.21240        2.61070
H          7.13990        7.31560        1.97740
H          4.76690        5.60070       -0.44630
H          7.10960        4.88880       -0.74070
H          7.62660        5.72290        0.69110
H          7.56710        3.44990        1.31050
H          6.21100        4.22500        2.11390
H          6.21690        1.43060        2.19820
H          4.68100        2.28180        2.46470
H          4.77420        0.91740        1.34580
H          5.58440        3.41070       -1.38730
H          3.56730        2.16830       -1.82870
H          3.78050        1.11920       -0.45340
H          5.88340        0.15910       -1.56610
H          5.56390        1.18440       -2.94920
H          3.13040       -2.28010       -2.15650
H          4.73900       -2.08090       -1.46010
H          3.36150       -1.16300       -0.82300
H          3.95930        0.53920       -4.54120
H          2.93020       -1.22180       -5.71690
H          2.99520       -2.30650       -4.35480
H          0.70390       -1.92920       -4.65370
H          1.08400       -0.94480       -3.26570
H          0.19990        2.28780       -4.73960
H          0.57980        1.39030       -3.28200
H          1.87200        1.83770       -4.41640
H         -0.06210       -0.99910       -6.62470
H         -0.03580        1.15260       -7.97810
H         -0.68000        2.04480       -6.62040
H         -2.31350        1.30790       -8.40400
H         -2.04670       -0.36420       -7.93930
H         -4.81340        1.07840       -8.02320
H         -4.48610       -0.62560       -7.64840
H         -5.40030        0.35850       -6.51880
H         -2.15680        1.39750       -4.89860
H         -5.18600        1.61110       -4.78920
H         -3.99960        2.24450       -3.68880
H         -4.81940       -0.69350       -3.98500
H         -5.29720        0.37930       -2.68850
H         -2.13740        0.33850       -0.78340
H         -3.61170        1.24540       -1.05010
H         -2.19960        1.54550       -2.08050
H         -3.18320       -2.17200       -3.40580
H         -0.87770       -1.24520       -1.61590
H         -0.91680       -2.56820       -2.75630
H         -2.38690       -2.49420       -0.06240
H         -2.60980       -3.75740       -1.25290
H          1.13640       -3.41830        0.87890
H         -0.30770       -2.58080        1.44060
H          0.56740       -2.01750        0.00010
H         -1.22110       -5.57930       -1.17100
H          1.42550       -5.40840        0.42690
H          1.05090       -6.46990       -0.90500
H          0.91180       -7.72080        1.18170
H         -0.65930       -7.65590        0.41730
H          0.13730       -5.77650        4.19160
H          1.40840       -6.51650        3.23970
H          0.83140       -4.88970        2.82510
H         -2.44010       -7.07000        1.74850
H         -1.95240       -5.25100        4.18210
H         -2.67500       -6.85120        4.39540
H         -4.56450       -6.24470        2.93760
H         -3.78350       -4.76730        2.44680
H         -5.70580       -6.44690        5.15910
H         -5.62530       -5.13540        6.33610
H         -4.20380       -6.14420        6.06110
H         -5.28410       -3.04630        5.46390
H         -4.00150       -2.73810        2.66260
H         -3.69730       -1.68640        4.02780
H         -6.10690       -1.04930        4.12410
H         -6.49520       -2.17360        2.85860
H         -4.71570       -1.73950        0.57810
H         -5.31220       -0.17780        0.00800
H         -6.46080       -1.40950        0.52920
H         -5.03540        1.50410        1.55120
H         -5.91530        2.27140        3.78110
H         -5.26040        0.85420        4.57470
H         -3.84730        2.92720        4.82200
H         -3.61700        2.98070        3.09170
H         -2.41190        1.53640        6.22350
H         -3.26220        0.08190        5.66800
H         -1.50270        0.18050        5.57880
H         -1.93720        1.70060        2.12320
H         -0.65930       -0.38380        2.12670
H         -0.48280       -0.39340        3.85570
H          1.62110        0.28860        2.93340
H          0.92770        1.65380        3.78030
H          1.21980        1.66700       -0.54280
H         -0.00170        0.63050        0.16790
H          1.71370        0.25560        0.38440
H          1.22040        3.63760        2.69900
H          1.60820        3.71000       -0.37190
H          2.40690        4.71680        0.83750
H         -0.39770        4.54560        0.47530

