HF BASIS=def2-svp cutoff=1.0e-9 denserms=1.0e-6  zmake GRADIENT DIPOLE CHARGE=0

C         -1.47750        1.53920        2.69360
O         -0.74110        0.63540        3.07540
C         -1.32490        2.19150        1.36900
C         -1.93240        3.43960        1.14150
Cl         -2.85260        4.27960        2.34340
C         -1.79530        4.07630       -0.09470
C         -1.05240        3.47960       -1.10600
C         -0.45270        2.23920       -0.88650
C         -0.57500        1.56680        0.34230
N         -0.01380        0.28310        0.51610
C          0.32920       -0.74990       -0.38330
C          1.39370       -1.64290       -0.12100
C          1.76170       -2.61090       -1.07480
C          1.07650       -2.71660       -2.28280
C          0.01920       -1.85580       -2.54820
C         -0.34430       -0.88390       -1.61120
C          2.20220       -1.63230        1.12620
O          1.58000       -1.03650        2.15610
O          3.29770       -2.14650        1.26660
H         -2.28180        1.90060        3.35240
H         -2.25780        5.04480       -0.27290
H         -0.93220        3.97840       -2.06490
H          0.14580        1.80960       -1.68730
H          0.17980        0.04030        1.50170
H          2.58830       -3.29040       -0.87270
H          1.36530       -3.47130       -3.00980
H         -0.52890       -1.93790       -3.48360
H         -1.19220       -0.24330       -1.84150
H          2.19060       -1.13250        2.91620

