HF BASIS=def2-svp cutoff=1.0e-9 denserms=1.0e-6  zmake GRADIENT DIPOLE CHARGE=+1

O         -0.13280        3.56420       -0.42420
C          1.21160        3.23210       -0.83530
C          1.40920        1.70760       -0.97880
O          1.14450        1.08340        0.29610
C          0.84100       -0.26050        0.26070
C         -0.21060       -0.73860        1.06740
O         -0.45220       -2.13920        1.17580
C          0.21530       -2.98470        0.25910
C         -0.15030       -4.32750        0.25680
C          0.51350       -5.21980       -0.57300
O          0.12470       -6.52290       -0.52070
C          1.54230       -4.79370       -1.40460
C          1.90760       -3.44580       -1.38830
O          2.91940       -3.00280       -2.19770
C          1.25410       -2.51310       -0.55700
C          1.58710       -1.15260       -0.50750
C         -1.10200        0.07310        1.90760
C         -1.60330        1.32480        1.49420
C         -2.43400        2.06960        2.32910
O         -2.90100        3.29970        1.96270
C         -2.81060        1.56970        3.56680
O         -3.63440        2.28320        4.39270
C         -2.35250        0.32770        3.97790
O         -2.72150       -0.17630        5.19000
C         -1.51070       -0.42180        3.16320
O          0.54280        1.19830       -1.99400
C          0.81580        1.74190       -3.29400
C          0.63370        3.26440       -3.30900
O          1.09770        3.85460       -4.53040
C          1.46420        3.90260       -2.18380
O          1.11740        5.28910       -2.06940
C         -0.12170        1.03530       -4.27100
O         -0.28610        1.69130       -5.43930
O         -0.65030       -0.05370       -4.10210
H         -0.18770        4.53550       -0.56980
H          1.87160        3.63560       -0.05950
H          2.45450        1.50100       -1.24700
H         -0.94230       -4.66340        0.92000
H          0.67040       -7.08250       -1.10570
H          2.05780       -5.50230       -2.04810
H          3.24600       -3.72520       -2.76420
H          2.42470       -0.79820       -1.10610
H         -1.36110        1.71480        0.50970
H         -2.45950        3.57220        1.13680
H         -3.83490        3.10590        3.89950
H         -3.31200        0.50150        5.58110
H         -1.17550       -1.39690        3.51590
H          1.83450        1.46530       -3.59380
H         -0.42180        3.53880       -3.19660
H          0.57240        3.46280       -5.26030
H          2.53210        3.85530       -2.42950
H          1.23180        5.66580       -2.96670
H         -0.84110        1.08860       -5.98180

