HF BASIS=def2-svp cutoff=1.0e-9 denserms=1.0e-6  zmake GRADIENT DIPOLE CHARGE=0

C         -2.35470        1.42880        0.32350
C         -2.67690        0.55360       -0.89100
C         -2.72870        1.42000       -2.15350
C         -1.72870       -0.65150       -1.07500
N         -1.81400       -1.57910        0.08900
C         -0.24990       -0.24500       -1.27890
O          0.22730        0.01270       -2.37870
N          0.47060       -0.19740       -0.10110
C          1.93490       -0.14770       -0.13140
C          2.50740        0.46910        1.14860
S          2.00340        2.20720        1.37400
C          2.53600       -1.55080       -0.27120
O          1.63710       -2.56030       -0.22540
O          3.72570       -1.81230       -0.36910
H         -2.31440        0.84140        1.24580
H         -1.40000        1.94900        0.20250
H         -3.12800        2.19360        0.45690
H         -3.68980        0.15440       -0.74100
H         -3.49930        2.19270       -2.05800
H         -2.97320        0.81460       -3.03260
H         -1.77490        1.92430       -2.33930
H         -2.02850       -1.22320       -1.96220
H         -1.31450       -2.43690       -0.16060
H         -2.78960       -1.85750        0.20420
H          0.02190       -0.74070        0.63610
H          2.24950        0.41930       -1.01580
H          2.17000       -0.09210        2.02760
H          3.60220        0.43840        1.14350
H          0.69150        1.99940        1.18450
H          2.18900       -3.36190       -0.35100

