HF BASIS=def2-svp cutoff=1.0e-9 denserms=1.0e-6  zmake GRADIENT DIPOLE CHARGE=0

C          1.36190       -2.39920       -1.70870
C          0.12270       -1.55240       -1.37640
C         -0.08650       -1.59290        0.15810
C         -1.01810       -0.51150        0.71120
C         -0.86890        0.83920       -0.01270
C          0.61170        1.31610        0.04690
C          1.15670        0.75840       -1.22950
C          2.23480        1.03290       -1.96940
C          3.38960        1.90100       -1.62640
C          2.11020        0.39690       -3.32430
C          0.61710        0.01780       -3.40380
C          0.13250       -0.08890       -1.94860
C         -1.15730        0.69600       -1.54380
C         -1.29510        2.11060       -2.17610
C         -2.46890       -0.03470       -1.88340
H          1.48090       -2.53720       -2.78680
H          1.26730       -3.39970       -1.27100
H          2.27900       -1.95300       -1.31170
H         -0.71900       -2.08060       -1.84160
H          0.88650       -1.48820        0.65710
H         -0.46060       -2.58080        0.45480
H         -0.80940       -0.37930        1.78040
H         -2.05720       -0.85410        0.65760
H         -1.53090        1.57250        0.46210
H          1.13820        0.94070        0.92890
H          0.66230        2.40990        0.04140
H          3.45030        2.74710       -2.31790
H          4.32270        1.33260       -1.69020
H          3.30920        2.30060       -0.61060
H          2.36570        1.09470       -4.12810
H          2.76000       -0.48020       -3.40180
H          0.46470       -0.90350       -3.97540
H          0.08610        0.79780       -3.95910
H         -1.56540        2.04920       -3.23590
H         -0.38530        2.71400       -2.10810
H         -2.09180        2.67470       -1.67630
H         -2.54720       -1.03710       -1.45840
H         -3.33220        0.53110       -1.51420
H         -2.57870       -0.14160       -2.96880

