HF BASIS=def2-svp cutoff=1.0e-9 denserms=1.0e-6  zmake GRADIENT DIPOLE CHARGE=0

C         -3.61500       -7.24630       -2.42780
O         -3.13710       -7.09630       -1.07430
C         -4.53790       -6.07520       -2.78680
O         -3.91370       -4.85230       -2.43260
P         -4.36610       -3.53510       -3.22850
O         -3.31740       -3.48090       -4.43880
O         -5.77330       -3.52530       -3.72480
O         -3.94940       -2.31290       -2.28750
C         -3.80030       -1.02690       -2.87560
C         -3.52110       -0.01170       -1.76310
C         -2.71950        1.18260       -2.31120
O         -2.11560        1.93180       -1.23960
C         -1.03730        1.31690       -0.66670
O         -0.53440        0.28790       -1.09130
C         -0.57130        2.10000        0.53590
C          0.47710        1.36830        1.37140
C          1.84140        1.29550        0.67860
C          2.91430        0.74690        1.62100
C          4.26490        0.52730        0.93620
C          4.89590        1.81550        0.40700
C          6.26220        1.55250       -0.20600
O         -4.80370        0.47370       -1.28140
C         -4.85470        0.90180        0.00960
O         -3.92900        0.86260        0.80740
C         -6.21570        1.49280        0.30310
C         -6.78450        1.05390        1.65200
C         -7.65480       -0.21040        1.58760
C         -6.96600       -1.47530        1.07480
C         -5.83240       -1.96170        1.98070
C         -5.12150       -3.16140        1.35560
C         -3.92520       -3.66910        2.16550
C         -2.85140       -2.59760        2.39400
C         -1.43970       -3.16740        2.57640
C         -0.85170       -3.85910        1.33830
C         -0.77060       -2.94660        0.11510
C         -0.24900       -3.69490       -1.10830
C         -0.10310       -2.76290       -2.30900
C          0.36210       -3.51330       -3.55460
C          0.59340       -2.54760       -4.71670
C          1.10640       -3.27730       -5.95710
C          1.40430       -2.30520       -7.08710
C         -2.43160       -7.41200       -3.39450
O         -1.26120       -6.78780       -2.89050
P         -0.13520       -7.75540       -2.26260
O         -0.87560       -8.34230       -0.97000
O          0.37970       -8.79430       -3.20090
O          0.94070       -6.74510       -1.64120
C          2.04820       -7.33800       -0.97340
C          2.91570       -6.24250       -0.35190
C          3.98590       -6.86510        0.55610
O          4.72960       -5.86320        1.27000
C          4.04770       -5.25470        2.28640
O          2.93320       -5.58680        2.66790
C          4.89840       -4.16040        2.88470
C          4.09830       -3.04270        3.55220
C          3.39180       -3.49200        4.83620
C          3.11730       -2.34960        5.81690
C          2.24600       -1.22430        5.25380
C          1.96770       -0.19030        6.34560
C          1.23620        1.06010        5.85860
C         -0.18390        0.79600        5.34820
C         -0.98020        2.10250        5.31580
C         -2.36460        1.95580        4.68380
C         -3.31760        3.09500        5.07220
C         -2.80450        4.51820        4.82350
C         -2.62840        4.91110        3.35320
C         -3.96860        5.04520        2.61950
C         -3.89300        5.65640        1.20570
C         -3.45910        7.12280        1.22340
C         -2.99870        4.84620        0.27300
O          3.56030       -5.53370       -1.44180
C          3.79760       -4.20580       -1.24960
O          3.59390       -3.58910       -0.21270
C          4.37340       -3.60470       -2.50970
C          4.09000       -2.10650       -2.57740
C          4.48010       -1.51640       -3.93190
C          4.02820       -0.05870       -4.04280
C          4.39840        0.53980       -5.40140
C          3.87290        1.96600       -5.59260
C          2.35050        2.02460       -5.75120
C          1.82980        3.42210       -6.10380
C          2.04380        4.44480       -4.98640
C          1.33030        5.76210       -5.30100
C          1.56770        6.85590       -4.25500
C          1.07570        6.47530       -2.85630
C          1.15410        7.66330       -1.89560
C          0.70360        7.32050       -0.47240
C          1.62720        6.31440        0.21790
C          1.27150        6.14030        1.69490
C          2.21070        5.13510        2.36190
C          1.84310        4.82790        3.81470
C          1.88810        6.01750        4.78940
C          3.25810        6.69450        4.82390
C          1.51000        5.54270        6.19530
H         -4.21520       -8.16350       -2.47070
H         -3.17740       -6.12690       -0.89880
H         -4.80890       -6.09690       -3.84660
H         -5.45310       -6.14340       -2.19160
H         -3.72450       -3.78330       -5.27080
H         -2.96060       -1.08230       -3.57500
H         -4.71440       -0.77730       -3.42410
H         -2.99890       -0.51340       -0.94120
H         -3.38360        1.87670       -2.83840
H         -1.93690        0.87470       -3.01660
H         -0.18630        3.06730        0.19770
H         -1.44610        2.27200        1.17340
H          0.13320        0.35540        1.61430
H          0.59020        1.90400        2.32180
H          2.12190        2.29650        0.33540
H          1.78310        0.65470       -0.20830
H          3.04130        1.42540        2.47380
H          2.57510       -0.21490        2.02740
H          4.14220       -0.18830        0.11560
H          4.94620        0.06180        1.66040
H          4.25850        2.26770       -0.35950
H          4.99810        2.54270        1.22080
H          6.19050        0.83980       -1.03460
H          6.68730        2.48330       -0.59660
H          6.95700        1.14810        0.53820
H         -6.07920        2.58020        0.29670
H         -6.91700        1.25430       -0.50420
H         -7.42700        1.86210        2.02450
H         -5.99230        0.93220        2.39820
H         -8.52000       -0.00530        0.94400
H         -8.05900       -0.40500        2.58830
H         -6.59600       -1.31300        0.05680
H         -7.71940       -2.27000        0.99910
H         -5.11640       -1.15350        2.14590
H         -6.23490       -2.23820        2.96140
H         -4.77590       -2.89640        0.34790
H         -5.83560       -3.98520        1.23460
H         -4.26800       -4.04630        3.13700
H         -3.51330       -4.52910        1.62940
H         -3.11160       -2.03110        3.29720
H         -2.85070       -1.86780        1.57830
H         -0.77130       -2.34680        2.86760
H         -1.44150       -3.87790        3.41220
H          0.15740       -4.20990        1.58820
H         -1.43240       -4.75540        1.09530
H         -1.75810       -2.54610       -0.13090
H         -0.11660       -2.09700        0.34100
H         -0.93590       -4.51150       -1.35630
H          0.72400       -4.13780       -0.87960
H          0.61750       -1.97490       -2.06420
H         -1.05840       -2.27010       -2.51560
H         -0.38950       -4.25820       -3.83950
H          1.28770       -4.05690       -3.33550
H         -0.34250       -2.02870       -4.95530
H          1.31590       -1.78170       -4.41650
H          0.36160       -4.00710       -6.29300
H          2.02000       -3.83140       -5.71270
H          1.74990       -2.84640       -7.97390
H          2.18790       -1.60010       -6.79650
H          0.51140       -1.73380       -7.36130
H         -2.24200       -8.48000       -3.54710
H         -2.65720       -6.99550       -4.38010
H         -1.67290       -7.80800       -0.74940
H          1.66890       -8.01150       -0.19860
H          2.62060       -7.91640       -1.70710
H          2.26750       -5.55150        0.19700
H          4.71940       -7.41260       -0.04790
H          3.54960       -7.57510        1.27030
H          5.60010       -4.61650        3.59150
H          5.48490       -3.71030        2.07490
H          3.35590       -2.64480        2.85030
H          4.79440       -2.22710        3.78430
H          2.44340       -3.98220        4.58660
H          4.00860       -4.23730        5.35560
H          2.63120       -2.77400        6.70510
H          4.07580       -1.93470        6.15580
H          1.30480       -1.63700        4.87370
H          2.75790       -0.73730        4.41760
H          1.39230       -0.65530        7.15590
H          2.92140        0.12880        6.78540
H          1.82110        1.55260        5.07270
H          1.19540        1.76390        6.70030
H         -0.14180        0.34920        4.34930
H         -0.69500        0.08350        6.00550
H         -1.08070        2.47360        6.34330
H         -0.41410        2.85260        4.75650
H         -2.26890        1.89960        3.59300
H         -2.81950        1.01090        5.00520
H         -4.27740        2.94630        4.56470
H         -3.52960        3.00320        6.14610
H         -3.50010        5.22450        5.29500
H         -1.84910        4.66120        5.34090
H         -2.10200        5.87100        3.33250
H         -1.98280        4.18740        2.84420
H         -4.43380        4.05460        2.54250
H         -4.64980        5.65980        3.22300
H         -4.91040        5.62420        0.79450
H         -2.42630        7.23970        1.56200
H         -4.10640        7.71140        1.88100
H         -3.52730        7.55330        0.21900
H         -3.08320        5.20930       -0.75620
H         -1.94670        4.91330        0.56320
H         -3.29840        3.79420        0.28090
H          5.45060       -3.79930       -2.52800
H          3.91140       -4.09920       -3.37190
H          3.02560       -1.92660       -2.38830
H          4.63940       -1.59190       -1.78060
H          4.01550       -2.09940       -4.73580
H          5.56560       -1.58650       -4.06690
H          4.48890        0.53430       -3.24340
H          2.94510       -0.01330       -3.89250
H          5.49090        0.55410       -5.49380
H          4.02510       -0.10030       -6.21020
H          4.19410        2.58460       -4.74820
H          4.33810        2.38410       -6.49350
H          1.85790        1.68350       -4.83340
H          2.04500        1.33480       -6.54820
H          2.30270        3.77390       -7.02800
H          0.75560        3.33980       -6.31170
H          3.11390        4.63640       -4.85260
H          1.66260        4.02950       -4.04750
H          0.25160        5.58350       -5.39530
H          1.67470        6.13650       -6.27230
H          1.05350        7.76620       -4.58760
H          2.63760        7.09690       -4.21220
H          1.68930        5.65260       -2.47580
H          0.04030        6.11580       -2.90960
H          0.51660        8.47070       -2.27560
H          2.17760        8.05570       -1.87100
H         -0.32180        6.93200       -0.49100
H          0.67890        8.24960        0.11040
H          2.66710        6.65180        0.13170
H          1.55790        5.34120       -0.28110
H          0.23460        5.79630        1.78590
H          1.33990        7.11090        2.19890
H          3.24620        5.48700        2.29790
H          2.17520        4.19400        1.80100
H          0.83270        4.40410        3.82360
H          2.51410        4.03860        4.17570
H          1.14330        6.76140        4.48250
H          4.04960        5.97480        5.05720
H          3.28270        7.48380        5.58350
H          3.49340        7.16290        3.86280
H          2.21820        4.79380        6.56650
H          0.50990        5.09580        6.19930
H          1.50220        6.38070        6.90130

