HF BASIS=def2-svp cutoff=1.0e-9 denserms=1.0e-6  zmake GRADIENT DIPOLE CHARGE=0

C         -0.11630       -1.56560       -1.93390
C         -1.50480       -2.12650       -2.22400
N         -1.69310       -1.89110       -3.65090
C         -1.02150       -2.92860       -4.42460
C          0.51720       -2.78620       -4.17630
O          1.00050       -1.68320       -4.96210
C          1.22580       -4.04800       -4.70870
C          2.74600       -4.03060       -4.56260
C          0.88020       -2.49910       -2.68730
C         -3.02220       -1.44680       -4.02960
C         -3.15470        0.07270       -3.73260
C         -3.23150        0.41900       -2.26540
C         -2.20490        0.82280       -1.39060
N         -2.80820        0.96550       -0.15230
C         -4.15030        0.68780       -0.19620
C         -5.11330        0.72720        0.82080
C         -6.42760        0.38460        0.48430
C         -6.75960        0.02860       -0.81940
C         -5.78280        0.00210       -1.82200
C         -4.45080        0.34450       -1.50530
C         -0.67600        1.11110       -1.56560
C          0.06480       -0.06260       -2.33620
C         -0.45240        2.33300       -2.53140
O          0.66510        2.73200       -2.86160
O         -1.60590        2.89210       -2.99610
C         -1.41270        3.99460       -3.87870
C          0.02870        1.48190       -0.20570
C         -0.27850        2.69970        0.47150
O         -1.24520        3.48610       -0.10470
C         -1.30200        4.85050        0.29140
C          0.32800        3.02920        1.69290
C          1.27100        2.17850        2.23560
N          1.94480        2.35900        3.45950
C          2.75530        3.57640        3.50350
C          2.67570        1.06210        3.70820
C          2.70850        0.30860        2.32110
C          4.07960        0.51940        1.62600
C          4.90130       -0.71360        2.00290
N          4.01450       -1.45590        2.88220
C          4.33820       -2.85940        3.04360
C          3.31710       -3.52900        3.91240
C          2.07180       -3.05550        4.08140
C          1.52990       -1.82500        3.33810
C          0.30610       -2.32860        2.48820
C          0.56780       -3.49770        1.53490
C          2.63910       -1.21820        2.41480
C          0.95610       -0.74260        4.32190
O          0.28320       -1.41450        5.41560
C          2.00270        0.25600        4.86720
O          2.99630       -0.45790        5.63680
C          1.31000        1.21840        5.85480
O          0.09650        1.25470        6.05330
O          2.21890        1.98390        6.53200
C          1.63620        2.91810        7.43730
C          1.61310        1.00980        1.57350
C          1.02200        0.66300        0.36370
H          0.06600       -1.67990       -0.86330
H         -1.55610       -3.20070       -1.98630
H         -2.25900       -1.69330       -1.56880
H         -1.21840       -2.78600       -5.49480
H         -1.39350       -3.92110       -4.14470
H          0.28420       -1.02470       -4.98170
H          0.99630       -4.16080       -5.77730
H          0.84010       -4.93910       -4.19880
H          3.04210       -4.03260       -3.50900
H          3.18840       -3.15650       -5.04930
H          3.17440       -4.92800       -5.02570
H          0.89360       -3.45350       -2.14490
H          1.88700       -2.07560       -2.61210
H         -3.15690       -1.57080       -5.11140
H         -3.81020       -2.03490       -3.54120
H         -2.32580        0.61220       -4.20580
H         -4.06350        0.43790       -4.23060
H         -2.34460        1.27060        0.69170
H         -4.85540        1.00890        1.83690
H         -7.20110        0.40750        1.25080
H         -7.78690       -0.22410       -1.06650
H         -6.05370       -0.27600       -2.83570
H          1.14410        0.14550       -2.32690
H         -0.19380        0.05090       -3.39340
H         -2.39790        4.34850       -4.20100
H         -0.89900        4.81600       -3.36530
H         -0.85360        3.68150       -4.76860
H         -0.31840        5.32620        0.23200
H         -1.72950        4.94520        1.29460
H         -1.96750        5.37400       -0.40310
H          0.05640        3.91680        2.24740
H          3.26950        3.64870        4.46910
H          3.51540        3.58030        2.71520
H          2.13590        4.47730        3.40560
H          3.70210        1.28960        4.03000
H          4.57510        1.44400        1.93970
H          3.97890        0.56160        0.53500
H          5.16590       -1.27660        1.10110
H          5.82420       -0.43150        2.51570
H          5.31480       -2.95040        3.53030
H          4.39530       -3.38920        2.08560
H          3.62240       -4.43280        4.43060
H          1.38410       -3.58170        4.74300
H         -0.09760       -1.49690        1.89830
H         -0.50750       -2.63670        3.16150
H         -0.34740       -3.72390        0.97560
H          1.34710       -3.27390        0.80270
H          0.85150       -4.40660        2.07550
H          2.54400       -1.64270        1.40940
H          0.16930       -0.17470        3.80390
H         -0.29610       -0.73830        5.83700
H          2.53180       -1.21360        6.04230
H          1.06600        3.66550        6.88030
H          2.44170        3.42270        7.97470
H          0.99880        2.41100        8.16840
H          1.37180       -0.23750       -0.12410

