HF BASIS=def2-svp cutoff=1.0e-9 denserms=1.0e-6  zmake GRADIENT DIPOLE CHARGE=0

C         -2.71470        2.65150       -0.92960
C         -3.50980        1.67270       -1.41920
C         -4.93320        1.88370       -1.85980
C         -2.96310        0.25730       -1.55580
O         -3.77050       -0.64110       -0.76650
C         -3.28150       -0.90270        0.47850
O         -2.78250       -0.07900        1.23940
C         -3.30680       -2.41850        0.73020
C         -4.75340       -2.93020        0.80030
C         -5.42270       -2.62300        2.13920
C         -4.50000       -2.84040        3.33750
C         -3.20630       -3.55270        2.96580
N         -2.50550       -2.83040        1.91060
C         -1.10230       -2.86780        1.91730
O         -0.46270       -3.57260        2.69140
C         -0.32910       -1.95870        0.95760
O         -0.72640       -1.78150       -0.19790
C          0.96690       -1.29460        1.47470
O          1.21460       -0.14790        0.64290
O          1.98120       -2.25520        1.18690
C          3.30280       -1.81170        1.52180
C          3.40960       -1.58150        3.03970
C          2.39120       -0.50340        3.42820
C          0.97390       -0.86410        2.95990
C          0.03470        0.31020        3.23960
O          4.73250       -1.14460        3.36570
C          5.07930       -1.37290        4.72700
C          4.33560       -2.83860        0.99530
C          4.18280       -3.09550       -0.52430
C          4.27510       -1.84840       -1.43690
C          5.53180       -1.01400       -1.14420
C          4.30920       -2.23700       -2.93250
C          3.00070       -2.66610       -3.56650
C          2.80050       -4.15910       -3.68130
C          2.08970       -1.82130       -4.10780
C          2.10050       -0.30420       -4.08780
C          3.09590        0.30360       -5.09840
C          3.28420        1.78430       -4.87550
C          4.36090        2.33430       -4.29720
C          0.67350        0.18700       -4.40890
O          0.37300        0.66310       -5.50860
C         -0.36940        0.07060       -3.30750
C         -1.78130        0.27220       -3.88730
O         -1.99280        1.66280       -4.13190
C         -2.93200       -0.28750       -3.01850
C         -2.91460       -1.82630       -3.07230
O          4.15690       -4.08950        1.69270
C          5.35420       -4.84340        1.79770
C         -3.02090        4.12510       -0.79050
C         -2.00650        4.94910       -1.60600
C         -1.76860        6.35080       -1.03520
C         -3.00200        6.91390       -0.33220
O         -4.06490        7.02840       -1.28500
C         -3.46070        6.01460        0.84070
C         -3.01140        4.54980        0.67610
O         -2.90800        6.55090        2.05550
C         -3.61550        6.12860        3.21620
H         -1.70610        2.37740       -0.60870
H         -5.36000        2.82200       -1.50430
H         -5.00380        1.88020       -2.94950
H         -5.57930        1.09090       -1.46470
H         -1.93780        0.21990       -1.17160
H         -2.83570       -2.89390       -0.13690
H         -5.36240       -2.52440       -0.01310
H         -4.74510       -4.01810        0.65870
H         -5.78620       -1.59200        2.14570
H         -6.30610       -3.26360        2.24060
H         -5.02520       -3.41370        4.11360
H         -4.25580       -1.86580        3.78040
H         -2.56940       -3.64030        3.85500
H         -3.39720       -4.56940        2.60480
H          0.71500       -0.31660       -0.17640
H          3.51170       -0.86230        1.01470
H          3.16960       -2.51250        3.57180
H          2.70150        0.46290        3.00520
H          2.39070       -0.35950        4.51480
H          0.65730       -1.69880        3.59080
H          0.12510        0.63690        4.28040
H         -1.00860        0.02030        3.08010
H          0.25250        1.17200        2.60220
H          6.04780       -0.89650        4.91210
H          4.34700       -0.93030        5.40560
H          5.16800       -2.44800        4.91660
H          5.34380       -2.46240        1.20890
H          3.22560       -3.60370       -0.69920
H          4.94760       -3.81900       -0.83660
H          3.40010       -1.21270       -1.26090
H          6.44190       -1.58100       -1.36140
H          5.57300       -0.67750       -0.10690
H          5.53630       -0.11460       -1.76510
H          4.70850       -1.39410       -3.50350
H          5.05620       -3.03280       -3.08360
H          2.66580       -4.60900       -2.69310
H          3.66570       -4.62430       -4.16330
H          1.92240       -4.41490       -4.28580
H          1.23250       -2.27130       -4.61180
H          2.33920        0.04800       -3.07590
H          2.75680        0.14960       -6.12910
H          4.07390       -0.18780       -5.03920
H          2.48070        2.43310       -5.22360
H          5.19290        1.73160       -3.94010
H          4.43390        3.41000       -4.17280
H         -0.27580       -0.92240       -2.86170
H         -0.13740        0.83360       -2.55630
H         -1.85260       -0.21770       -4.86400
H         -1.37160        1.91090       -4.84270
H         -3.87140        0.00380       -3.50540
H         -2.07490       -2.24830       -2.51170
H         -2.84080       -2.17760       -4.10910
H         -3.84150       -2.24410       -2.66300
H          5.12760       -5.78240        2.31440
H          5.76440       -5.08400        0.81170
H          6.10180       -4.30000        2.38370
H         -4.01430        4.34000       -1.19430
H         -1.03860        4.44180       -1.68110
H         -2.37880        5.03570       -2.63450
H         -0.93540        6.31800       -0.32460
H         -1.46310        7.01290       -1.85380
H         -2.78880        7.92450        0.03370
H         -3.75040        7.60720       -2.00150
H         -4.55650        6.05170        0.89540
H         -2.00750        4.41590        1.10530
H         -3.67280        3.90250        1.26880
H         -3.53490        5.04660        3.35280
H         -3.16860        6.61860        4.08570
H         -4.66800        6.42690        3.15150

