HF BASIS=def2-svp cutoff=1.0e-9 denserms=1.0e-6  zmake GRADIENT DIPOLE CHARGE=0

C         -3.13040       -1.06880        2.68980
O         -3.86660       -0.22220        1.80180
C         -3.02960        0.37090        0.89080
C         -2.40050        1.59220        1.17490
C         -2.57550        2.31770        2.46540
O         -3.21790        1.87540        3.41140
C         -1.94040        3.67710        2.54850
C         -0.60740        3.62380        1.81790
O         -0.87600        3.35020        0.42800
C         -1.59150        2.19320        0.20030
C         -1.45050        1.62040       -1.07570
C         -0.67200        2.34940       -2.13760
C         -2.02560        0.35990       -1.31270
O         -1.78940       -0.29930       -2.49740
C         -0.50550       -0.96510       -2.47490
O          0.42760       -0.19660       -3.25490
C          1.74330       -0.74220       -3.28850
C          1.70700       -2.12590       -3.95060
O          2.98590       -2.77000       -4.02390
C          0.70660       -3.04250       -3.24650
O          0.54320       -4.26180       -3.99410
C         -0.66300       -2.37270       -3.09370
O         -1.47300       -3.23740       -2.28160
C          2.44860       -0.75830       -1.92710
O          2.30710        0.40780       -1.26600
O          3.07710       -1.69680       -1.46050
C         -2.87620       -0.24180       -0.36720
C         -3.58760       -1.53150       -0.67190
C          0.48040        2.71320        2.39910
C          1.46310        2.15160        1.56160
C          2.45120        1.32010        2.08280
O          3.35950        0.76580        1.22100
C          2.50910        1.04490        3.44310
C          1.56280        1.61010        4.28910
C          0.56150        2.44160        3.77520
H         -3.75750       -1.25990        3.56580
H         -2.91950       -2.02800        2.20450
H         -2.19390       -0.61410        3.03350
H         -1.82650        3.96970        3.59620
H         -2.62430        4.38700        2.07010
H         -0.18290        4.63640        1.83940
H         -0.95370        2.02130       -3.14170
H          0.40050        2.20140       -1.99410
H         -0.88560        3.42310       -2.10740
H         -0.14320       -1.06650       -1.44120
H          2.35850       -0.08620       -3.91710
H          1.37610       -2.00460       -4.98990
H          3.34950       -2.83560       -3.11230
H          1.08830       -3.35870       -2.26750
H          1.44230       -4.52730       -4.27190
H         -1.16420       -2.29800       -4.06610
H         -1.42980       -4.11030       -2.72190
H          2.75090        0.33160       -0.38430
H         -3.71840       -1.67850       -1.74720
H         -4.59450       -1.53540       -0.24350
H         -3.02670       -2.37490       -0.26160
H          1.45700        2.35850        0.49340
H          4.15120        0.56290        1.75220
H          3.26560        0.38540        3.85420
H          1.59450        1.40040        5.35540
H         -0.15410        2.86280        4.47810

