HF BASIS=def2-svp cutoff=1.0e-9 denserms=1.0e-6  zmake GRADIENT DIPOLE CHARGE=0

C          2.29340        2.40120       -6.59390
O          3.02040        2.13740       -5.40020
C          2.47770        1.22750       -4.53510
C          3.20920        1.02960       -3.36290
C          2.76310        0.12720       -2.39550
O          3.48670       -0.04400       -1.24900
C          1.58400       -0.60390       -2.57410
C          0.85560       -0.39130       -3.75600
C          1.29730        0.51420       -4.72820
C          1.05630       -1.59810       -1.55020
C          2.04870       -2.71360       -1.23420
O          1.41310       -3.73530       -0.45330
C          0.89510       -3.25870        0.72270
C          0.51120       -1.92270        0.91210
C          0.60350       -0.93300       -0.23490
O         -0.68710       -0.33950       -0.46670
C          0.04740       -1.52150        2.18400
O         -0.24210       -0.19030        2.31170
C         -0.79900        0.29730        3.53180
O         -2.13610       -0.19010        3.74940
C         -3.06090        0.24980        2.73870
C         -3.14650        1.77520        2.64240
O         -3.94960        2.21120        1.53380
C         -1.74570        2.36060        2.44290
O         -1.81920        3.79440        2.54710
C         -0.77260        1.83850        3.49790
O         -1.14140        2.38150        4.77730
C         -4.43250       -0.28520        3.13360
O         -4.37710       -1.18680        4.14380
O         -5.47980        0.05580        2.59990
C         -0.08300       -2.46510        3.20550
C          0.25650       -3.79370        2.97150
O          0.10040       -4.67600        4.00020
C          0.74610       -4.20030        1.73920
H          1.30330        2.81290       -6.37110
H          2.21820        1.50330       -7.21600
H          2.84670        3.15480       -7.16250
H          4.12650        1.59330       -3.22030
H          4.23510        0.57740       -1.26000
H         -0.07570       -0.92720       -3.93020
H          0.69160        0.63800       -5.61960
H          0.16970       -2.08430       -1.98600
H          2.39040       -3.19020       -2.16060
H          2.94570       -2.37270       -0.70420
H          1.28440       -0.12770        0.06120
H         -1.34910       -1.03570       -0.32060
H         -0.18920       -0.02160        4.38580
H         -2.80810       -0.21450        1.77830
H         -3.59790        2.20280        3.54690
H         -4.84190        1.81800        1.64880
H         -1.37830        2.13320        1.43480
H         -2.52150        4.05340        1.91480
H          0.23780        2.20130        3.27610
H         -1.28440        3.33660        4.60770
H         -3.43970       -1.26060        4.44110
H         -0.44520       -2.20540        4.19400
H          0.38480       -5.55720        3.70330
H          1.02930       -5.23150        1.55460

