HF BASIS=def2-svp cutoff=1.0e-9 denserms=1.0e-6  zmake GRADIENT DIPOLE CHARGE=0

C         -0.53690       -2.71270        1.10160
C         -0.84340       -1.31470        0.64540
C          0.04700       -0.31250        0.76310
C         -0.21050        1.13170        0.35260
C         -1.70110        1.35310       -0.00250
C         -2.28890        0.18170       -0.78100
C         -2.20200       -1.11000        0.02750
C          0.29020        2.17930        1.41190
C          1.77690        2.00910        1.75820
C          0.07430        3.61850        0.92010
O         -0.45390        2.05120        2.63050
H         -0.57490       -3.40610        0.25530
H          0.45770       -2.79070        1.55310
H         -1.26840       -3.03490        1.84970
H          1.03430       -0.54480        1.15510
H          0.37430        1.28900       -0.56540
H         -2.29620        1.50620        0.90670
H         -1.80690        2.26030       -0.60860
H         -3.33530        0.38710       -1.03410
H         -1.74910        0.06460       -1.72940
H         -2.95420       -1.10150        0.82580
H         -2.44310       -1.94900       -0.63600
H          1.96390        1.08260        2.31030
H          2.40260        2.02240        0.86000
H          2.11520        2.81310        2.42290
H         -0.99010        3.85800        0.82570
H          0.56370        3.79140       -0.04380
H          0.47250        4.34140        1.64220
H         -0.46460        1.10710        2.86850

