HF BASIS=def2-svp cutoff=1.0e-9 denserms=1.0e-6  zmake GRADIENT DIPOLE CHARGE=0

C         -0.49920       -0.20040        4.45750
O          0.05290       -0.14250        3.14630
C         -0.62050       -0.80120        2.14960
C         -1.75440       -1.59230        2.34710
C         -2.35530       -2.26160        1.27240
C         -3.52270       -3.11460        1.53510
C         -4.58880       -3.19820        0.72330
C         -5.77590       -4.05790        0.99320
O         -5.97670       -4.88590       -0.14030
C         -1.78650       -2.15520       -0.00480
C         -0.66010       -1.34620       -0.24280
C         -0.03760       -1.25700       -1.63510
C         -1.08960       -1.27680       -2.76920
O         -0.64470       -0.55570       -3.91540
C          1.03460       -2.36600       -1.78040
C          1.85600       -2.30400       -3.04880
C          2.58410       -1.14260       -3.37800
C          3.29660       -1.07180       -4.57600
O          4.00000        0.01510       -5.03130
C          3.69630        1.25650       -4.40560
C          3.32250       -2.19070       -5.41490
O          4.02400       -2.15480       -6.58890
C          2.63760       -3.35540       -5.09380
C          1.90020       -3.41120       -3.91210
C         -0.09320       -0.66660        0.85110
O          1.06610        0.05310        0.66390
C          0.81950        1.47230        0.60010
O          0.91920        1.89540       -0.76770
C          0.71560        3.31010       -0.93560
C          0.79350        3.61250       -2.43600
O         -0.21910        2.90410       -3.14770
C          1.78080        4.10400       -0.16920
O          1.53610        5.51030       -0.24880
C          1.78540        3.68030        1.29810
O          2.87210        4.33820        1.97080
C          1.92110        2.16510        1.43340
O          1.86230        1.85340        2.83300
H         -0.49040       -1.22350        4.84290
H          0.13130        0.40720        5.11380
H         -1.50780        0.22140        4.47860
H         -2.19230       -1.71060        3.33390
H         -3.49800       -3.68240        2.46180
H         -4.62920       -2.62790       -0.20420
H         -6.66390       -3.43800        1.14050
H         -5.63390       -4.69490        1.87250
H         -6.70760       -5.48620        0.07900
H         -2.22410       -2.72900       -0.81920
H          0.46200       -0.28990       -1.71940
H         -1.35360       -2.29610       -3.07140
H         -2.01180       -0.77750       -2.45070
H          0.05110       -1.08180       -4.34870
H          0.54730       -3.34790       -1.70380
H          1.74020       -2.32000       -0.93860
H          2.57190       -0.30320       -2.68740
H          4.17830        2.04940       -4.98600
H          2.61900        1.45630       -4.40930
H          4.10260        1.29040       -3.38890
H          4.41600       -1.25900       -6.61960
H          2.67420       -4.21080       -5.76390
H          1.36190       -4.32670       -3.67180
H         -0.17550        1.72680        0.99400
H         -0.29500        3.56030       -0.58700
H          1.75790        3.29930       -2.84640
H          0.65900        4.67750       -2.63860
H         -0.16810        1.96700       -2.87190
H          2.77670        3.92470       -0.59730
H          2.12080        5.91410        0.42450
H          0.87540        4.03340        1.79950
H          2.94040        3.88610        2.83770
H          2.91170        1.84400        1.08840
H          1.63290        0.89890        2.89200

