HF BASIS=def2-svp cutoff=1.0e-9 denserms=1.0e-6  zmake GRADIENT DIPOLE CHARGE=+1

C         -1.94420       -0.66940        3.65720
N         -1.93820        0.35410        2.64000
C         -2.79280        1.41860        2.59360
N         -2.56670        2.17460        1.54510
C         -1.51680        1.55800        0.87860
C         -1.09860        0.42030        1.55040
S          0.16420       -0.81780        1.19690
C          1.62210        0.14250        1.65760
C          0.32490       -0.81970       -0.56490
N         -0.86440       -0.75470       -1.21080
C         -0.84310       -0.78380       -2.56070
N          0.22680       -0.89860       -3.37300
C          1.36120       -0.98470       -2.66310
C          1.50800       -0.96480       -1.28540
N          2.83880       -1.10190       -0.94370
C          3.47940       -1.18280       -2.09110
N          2.62580       -1.11380       -3.15770
N         -1.02530        2.16570       -0.33110
O          0.20030        2.32570       -0.42850
O         -1.86490        2.50710       -1.17750
H         -2.71770       -0.44560        4.39660
H         -2.15710       -1.63090        3.18330
H         -0.96580       -0.68280        4.14410
H         -3.55730        1.59440        3.34050
H          1.76310        1.01580        1.02050
H          2.50500       -0.49870        1.59960
H          1.51480        0.47050        2.69550
H         -1.80900       -0.70370       -3.05230
H          4.54940       -1.29100       -2.21300
H          2.86770       -1.15140       -4.13640

