HF BASIS=def2-svp cutoff=1.0e-9 denserms=1.0e-6  zmake GRADIENT DIPOLE CHARGE=0

C         -0.97180       -0.40720       -3.48300
O          0.27290       -0.23750       -2.81790
C          0.55900       -1.09380       -1.78930
C          1.74870       -0.84580       -1.08680
O          2.42740        0.34920       -1.25250
C          1.78800        1.40740       -0.62330
C          1.34960        2.47880       -1.39900
O          1.54550        2.50260       -2.75050
C          0.64870        3.52630       -0.81760
C          0.35760        3.48950        0.54990
C          0.79660        2.42450        1.35580
C          1.54680        1.40140        0.75750
C          0.45280        2.34210        2.82800
O          0.32350        3.67460        3.35410
C         -0.85270        1.56670        3.10980
O         -1.29070        1.90790        4.44770
C         -0.64390        0.05310        3.10420
O          0.01160       -0.47530        4.00760
C         -1.28350       -0.74910        1.98210
C         -1.41420       -2.23910        2.33470
C         -1.95010       -3.10510        1.18000
C         -0.86840       -3.86070        0.38300
C          0.12900       -2.93250       -0.26130
C          1.39620       -2.76350        0.31330
C          2.21640       -1.72500       -0.10890
C         -0.25160       -2.14460       -1.36250
H         -1.04260        0.36030       -4.25980
H         -1.81020       -0.26160       -2.79390
H         -1.02680       -1.38430       -3.97390
H          1.82520        1.59770       -2.99190
H          0.30690        4.35700       -1.42820
H         -0.20950        4.30960        0.98810
H          1.92340        0.58500        1.36760
H          1.29110        1.89410        3.37500
H         -0.28110        3.59630        4.11940
H         -1.66100        1.85590        2.43180
H         -0.74580        1.36440        5.05590
H         -2.28340       -0.34170        1.79530
H         -0.68170       -0.59640        1.08630
H         -0.46430       -2.64230        2.70450
H         -2.11680       -2.31660        3.17530
H         -2.56800       -2.49800        0.50710
H         -2.61790       -3.86400        1.60770
H         -1.34680       -4.46680       -0.39650
H         -0.35400       -4.57020        1.04320
H          1.71490       -3.38680        1.14640
H          3.16330       -1.53780        0.38940
H         -1.21790       -2.33140       -1.82030

