HF BASIS=def2-svp cutoff=1.0e-9 denserms=1.0e-6  zmake GRADIENT DIPOLE CHARGE=0

C         -3.11980       -0.41120        0.90810
C         -2.81820       -0.78830        2.16160
C         -2.59440       -2.19830        2.47480
C         -3.68290       -3.07650        2.57820
C         -3.47680       -4.43020        2.86780
O         -4.57830       -5.23250        2.94880
C         -2.20050       -4.94070        3.06680
C         -1.14170       -4.05980        2.95690
C         -1.31360       -2.71120        2.65950
C          0.02500       -2.03690        2.70210
C          0.93050       -3.29810        2.67160
O          0.16310       -4.43270        3.16270
C          2.19990       -3.13440        3.48450
C          3.38580       -2.73360        2.85130
C          4.56910       -2.57290        3.58080
C          4.58340       -2.80680        4.95430
O          5.66780       -2.68570        5.77590
C          6.96150       -2.72060        5.16260
O          7.28290       -1.44250        4.59460
C          8.57380       -1.46180        3.95490
C          9.70290       -1.74150        4.95300
O          9.82280       -0.67530        5.90900
C          9.39530       -3.05340        5.69810
O         10.34580       -3.24280        6.75060
C          7.97020       -3.08850        6.27050
O          7.88000       -2.19100        7.39360
C          8.79450       -0.11170        3.28690
O          7.75090        0.73590        3.46540
O          9.80000        0.18890        2.66160
C          3.39900       -3.17490        5.59700
C          2.21680       -3.34130        4.86980
C          0.33600       -1.04450        1.60010
C          0.67710        0.27450        1.93790
C          0.94660        1.21150        0.94340
O          1.24080        2.48750        1.32680
C          0.91150        0.85740       -0.39820
C          0.58250       -0.44940       -0.74700
C          0.28580       -1.39260        0.24090
C         -3.26630        0.97180        0.42440
C         -3.74760        1.16130       -0.88570
C         -3.85190        2.46420       -1.41510
C         -3.49500        3.52920       -0.60260
O         -3.68570        4.70390       -1.25240
C         -4.14310        4.41750       -2.51030
C         -4.24550        3.03990       -2.66190
C         -4.68980        2.36750       -3.86660
C         -3.83720        1.55930       -4.61440
C         -2.39560        1.21730       -4.41570
C         -2.23240        0.10080       -5.49260
O         -3.36710        0.15260       -6.40060
C         -4.29980        0.92790       -5.76080
C         -5.59630        1.06720       -6.20970
C         -6.45330        1.86360       -5.46040
O         -7.74260        1.99020       -5.89240
C         -6.01680        2.51100       -4.29800
C         -2.07690       -1.28770       -4.87870
C         -0.86450       -1.62220       -4.24960
C         -0.69390       -2.86750       -3.64390
C         -1.72510       -3.79700       -3.67820
O         -1.51610       -4.99890       -3.07360
C         -2.92650       -3.49960       -4.31290
C         -3.10180       -2.24680       -4.90440
C         -1.45310        2.39300       -4.60240
C         -1.27460        3.02310       -5.84560
C         -0.40650        4.10850       -5.95860
O         -0.20670        4.73170       -7.15470
C          0.28890        4.59270       -4.85570
C          0.11090        3.97310       -3.62490
O          0.76660        4.40400       -2.51010
C         -0.74730        2.88700       -3.49290
C         -4.38250        5.59360       -3.34460
C         -4.86790        6.78000       -2.76940
C         -5.10520        7.91390       -3.55160
C         -4.85970        7.87640       -4.92090
C         -4.37130        6.71030       -5.50710
C         -4.13560        5.57730       -4.72370
C         -3.01120        3.39760        0.69310
C         -2.89340        2.09100        1.18560
H         -3.23540       -1.18220        0.14720
H         -2.66330       -0.09010        2.97640
H         -4.69820       -2.71390        2.43800
H         -4.28410       -6.15650        3.02270
H         -2.02020       -5.98130        3.30760
H          0.09820       -1.54310        3.68130
H          1.21510       -3.57410        1.64790
H          3.39460       -2.53590        1.78010
H          5.45090       -2.24740        3.04160
H          6.99390       -3.49840        4.38530
H          8.54870       -2.21270        3.15580
H         10.67290       -1.82450        4.44570
H         10.45520       -0.02470        5.55060
H          9.51380       -3.88790        4.99790
H         10.12290       -2.53170        7.39140
H          7.74650       -4.08040        6.67750
H          6.95720       -1.87880        7.42660
H          7.08790        0.29990        4.05170
H          3.39380       -3.34620        6.66990
H          1.31040       -3.64040        5.39420
H          0.72020        0.59060        2.97820
H          1.26540        3.04490        0.52930
H          1.13630        1.58110       -1.17620
H          0.54580       -0.73290       -1.79330
H          0.00080       -2.39740       -0.06640
H         -4.03160        0.31140       -1.50200
H         -2.24620        0.78960       -3.41680
H         -1.33990        0.26110       -6.11200
H         -5.93850        0.56320       -7.10620
H         -8.21870        2.59430       -5.29890
H         -6.70560        3.12560       -3.72510
H         -0.04310       -0.90900       -4.22940
H          0.24410       -3.11840       -3.15520
H         -2.26890       -5.57960       -3.27830
H         -3.73760       -4.22370       -4.35200
H         -4.05110       -2.02950       -5.39240
H         -1.82090        2.67270       -6.71700
H         -0.71070        4.26690       -7.84300
H          0.95730        5.43890       -4.97620
H          1.21150        5.24260       -2.72680
H         -0.87850        2.44020       -2.51000
H         -5.06260        6.82730       -1.70040
H         -5.47860        8.82290       -3.08680
H         -5.03970        8.75890       -5.52950
H         -4.17130        6.68110       -6.57430
H         -3.74110        4.68810       -5.20490
H         -2.72980        4.26000        1.28260
H         -2.48460        1.97160        2.18780

