HF BASIS=def2-svp cutoff=1.0e-9 denserms=1.0e-6  zmake GRADIENT DIPOLE CHARGE=0

C          0.32060        4.00860        3.00160
C          1.62470        3.21010        2.87140
O          1.94760        2.58670        4.12630
C          3.17620        1.99600        4.14220
O          4.01160        2.09890        3.25550
C          3.34530        1.19810        5.41400
C          4.42720        0.12160        5.30280
C          4.09580       -0.94200        4.25020
C          5.13180       -2.06780        4.23460
C          5.09030       -2.91180        2.95520
C          3.73210       -3.56310        2.67990
C          3.69430       -4.30360        1.33920
C          4.51680       -5.59300        1.33320
C          4.46600       -6.26990       -0.04060
C          5.17470       -7.59520       -0.01920
C          4.71550       -8.76680       -0.48980
C          3.41620       -9.02280       -1.19980
C          2.46240       -9.79480       -0.33450
C          1.27910       -9.38900        0.15660
C          0.61490       -8.05410       -0.03670
C          0.61600       -7.19570        1.23320
C         -0.28720       -7.74880        2.33890
C         -0.30980       -6.81850        3.55310
C         -1.23990       -7.34380        4.63600
C         -0.07130        4.61450        1.64680
O          1.03270        5.33280        1.07940
C          0.77690        5.85430       -0.15470
O         -0.31150        5.81670       -0.71170
C          2.02250        6.50120       -0.71090
C          2.01780        6.54070       -2.23800
C          2.23090        5.17940       -2.84530
C          1.32850        4.42640       -3.49630
C         -0.11760        4.74110       -3.76920
C         -0.40460        4.69490       -5.24350
C         -1.16190        3.80600       -5.90970
C         -1.89010        2.61480       -5.35430
C         -3.37440        2.75440       -5.53910
C         -4.32190        2.84180       -4.59010
C         -4.14230        2.85420       -3.09950
C         -4.73090        1.61900       -2.48160
C         -5.82070        1.52810       -1.69920
C         -6.74490        2.63350       -1.26820
C         -6.71260        2.81620        0.22280
C         -6.44490        3.93450        0.91840
C         -6.11500        5.30490        0.39370
C         -4.75110        5.74250        0.84520
C         -3.71670        6.14720        0.08990
C         -3.64860        6.26850       -1.40500
C         -3.17390        7.65180       -1.82880
O         -0.71050        3.10730        3.46640
C         -1.84890        3.68240        3.93440
O         -2.05650        4.88660        3.97250
C         -2.81910        2.65360        4.46870
C         -2.86680        1.34480        3.67970
C         -3.40310        1.53500        2.25760
C         -3.52300        0.22370        1.47410
C         -2.22950       -0.58430        1.32770
C         -1.11160        0.18050        0.61740
C          0.16920       -0.65420        0.54330
C          1.26840        0.09040       -0.21590
C          2.58620       -0.68350       -0.19290
C          3.68700        0.08130       -0.93030
C          5.00180       -0.70060       -0.92880
C          6.17050        0.07150       -1.54390
C          5.96990        0.41320       -3.01140
H          0.48170        4.79180        3.75300
H          2.44270        3.87450        2.56930
H          1.50120        2.41370        2.12880
H          2.39150        0.72260        5.66510
H          3.60400        1.89850        6.21520
H          5.39030        0.58770        5.05990
H          4.54270       -0.36060        6.28160
H          4.05070       -0.48020        3.25890
H          3.10450       -1.35930        4.45770
H          4.98400       -2.71320        5.10890
H          6.13940       -1.64190        4.32260
H          5.86370       -3.68320        3.03630
H          5.36890       -2.27670        2.10650
H          3.47200       -4.24580        3.49670
H          2.95420       -2.79170        2.64770
H          4.03700       -3.63550        0.53940
H          2.64860       -4.55040        1.11490
H          5.56030       -5.37800        1.58620
H          4.13200       -6.27230        2.10320
H          3.42230       -6.37610       -0.34790
H          4.95590       -5.62460       -0.78000
H          6.16480       -7.59030        0.43520
H          5.35830       -9.63930       -0.37810
H          3.62920       -9.62230       -2.09430
H          2.97860       -8.09670       -1.57890
H          2.78280      -10.80790       -0.09110
H          0.72080      -10.10320        0.76160
H          1.09480       -7.48600       -0.83900
H         -0.41680       -8.22370       -0.36970
H          1.64080       -7.09100        1.61150
H          0.27280       -6.18860        0.96490
H          0.06170       -8.73950        2.65260
H         -1.30620       -7.87090        1.95110
H         -0.63990       -5.81690        3.25130
H          0.70230       -6.71710        3.96330
H         -1.24400       -6.66360        5.49420
H         -2.26720       -7.42690        4.26260
H         -0.91830       -8.33110        4.98460
H         -0.91950        5.29640        1.76940
H         -0.38210        3.81330        0.96240
H          2.90260        5.95390       -0.35550
H          2.07060        7.52040       -0.31180
H          2.84170        7.18300       -2.57540
H          1.10180        7.01450       -2.60420
H          3.23730        4.77560       -2.73960
H          1.65810        3.45450       -3.86470
H         -0.39970        5.73510       -3.40980
H         -0.73660        4.03260       -3.21040
H          0.05600        5.49660       -5.82080
H         -1.25690        3.94320       -6.98700
H         -1.56040        1.72700       -5.90860
H         -1.62390        2.42100       -4.31430
H         -3.70810        2.76740       -6.57680
H         -5.35660        2.92970       -4.92240
H         -3.08920        2.91660       -2.81090
H         -4.60980        3.76210       -2.70860
H         -4.18800        0.69890       -2.69760
H         -6.09320        0.53560       -1.34130
H         -6.53620        3.56270       -1.80090
H         -7.76570        2.34990       -1.55380
H         -6.94780        1.92130        0.79920
H         -6.48200        3.86190        2.00550
H         -6.22280        5.35630       -0.69080
H         -6.85070        6.00850        0.80200
H         -4.59600        5.73720        1.92550
H         -2.79620        6.41610        0.60890
H         -4.61400        6.07360       -1.87800
H         -2.94560        5.51830       -1.78360
H         -3.86510        8.42920       -1.48470
H         -2.18050        7.87460       -1.42370
H         -3.11260        7.71060       -2.92010
H         -3.81800        3.10630        4.48110
H         -2.53510        2.44620        5.50660
H         -1.86780        0.89570        3.65580
H         -3.51650        0.64100        4.21430
H         -4.39910        1.98990        2.31390
H         -2.77730        2.24120        1.70220
H         -3.91140        0.45240        0.47460
H         -4.27450       -0.41190        1.95920
H         -2.45790       -1.49390        0.75570
H         -1.88760       -0.92410        2.31220
H         -0.88940        1.11130        1.15030
H         -1.44080        0.45410       -0.39250
H          0.51200       -0.88180        1.56000
H         -0.03700       -1.61020        0.04780
H          1.41880        1.08100        0.22730
H          0.95090        0.24950       -1.25410
H          2.89290       -0.85480        0.84520
H          2.44420       -1.66680       -0.65650
H          3.83780        1.05730       -0.45380
H          3.36500        0.26770       -1.96050
H          5.26800       -0.95480        0.10410
H          4.86670       -1.64930       -1.46240
H          6.34750        0.99260       -0.97710
H          7.07660       -0.53850       -1.44640
H          5.17530        1.15340       -3.14440
H          5.71560       -0.47790       -3.59340
H          6.88820        0.83920       -3.42700

