HF BASIS=def2-svp cutoff=1.0e-9 denserms=1.0e-6  zmake GRADIENT DIPOLE CHARGE=0

C         -0.44390        3.82700       -1.33640
C         -0.25670        2.64950       -2.26160
C         -0.52980        2.85570       -3.68720
C         -0.83590        4.01910       -4.28580
C         -1.09780        4.11070       -5.71030
C         -1.38620        5.21640       -6.42790
C         -1.49500        6.60470       -5.85060
C         -1.63010        5.06770       -7.86640
C         -1.81440        6.06310       -8.75160
C         -2.07270        5.94770      -10.25160
C         -1.65430        4.58750      -10.81470
C         -0.17740        4.37110      -11.01790
C         -2.55410        3.63840      -11.14430
C         -4.04060        3.80070      -11.00750
O         -4.61570        3.74830      -12.31070
C         -4.47820        5.10590      -10.32940
C         -3.55120        6.31180      -10.64560
C         -3.61310        6.66920      -12.15340
C         -4.07840        7.55270       -9.88760
C          0.12430        1.41690       -1.86290
C          0.43390        0.97630       -0.51660
C          0.77560       -0.29390       -0.23910
C          1.06610       -0.75530        1.10410
C          1.39110       -2.00840        1.49000
C          1.55210       -3.18010        0.55200
C          1.60700       -2.25600        2.92020
C          1.74630       -3.45720        3.51080
C          1.90770       -3.60650        4.94390
C          1.88520       -4.75630        5.65080
C          1.73270       -6.13270        5.04850
C          2.01410       -4.67900        7.10530
C          1.62220       -5.62240        7.97370
C          1.72550       -5.48070        9.42160
C          2.90400       -5.66750       10.06640
C          4.21070       -5.98420        9.37550
C          3.02320       -5.61570       11.57850
C          1.68460       -5.63090       12.31830
O          1.88160       -5.18440       13.65800
C          0.68440       -4.72030       11.61750
C          0.41060       -5.15830       10.15680
C         -0.49140       -6.41210       10.15630
C         -0.36950       -4.00070        9.49220
H         -1.45010        4.25020       -1.44680
H         -0.33780        3.57790       -0.27950
H          0.29160        4.60880       -1.56120
H         -0.47580        1.96250       -4.30840
H         -0.88730        4.93000       -3.70250
H         -1.04480        3.15560       -6.23280
H         -0.71790        7.25010       -6.26920
H         -1.38590        6.64530       -4.76600
H         -2.47200        7.04150       -6.07480
H         -1.66130        4.04180       -8.23230
H         -1.77580        7.09460       -8.40540
H         -1.42280        6.69980      -10.72620
H          0.36390        4.47250      -10.07290
H          0.21720        5.10590      -11.72520
H          0.04600        3.37530      -11.41650
H         -2.21260        2.68430      -11.54050
H         -4.45180        2.95700      -10.44300
H         -4.22380        2.99150      -12.77790
H         -5.50910        5.34670      -10.62070
H         -4.48880        4.94250       -9.24300
H         -3.18820        5.89230      -12.79590
H         -4.64710        6.83990      -12.47500
H         -3.05090        7.58860      -12.35680
H         -5.06510        7.85290      -10.26270
H         -3.40440        8.40860      -10.01170
H         -4.19160        7.36260       -8.81490
H          0.22360        0.64000       -2.62140
H          0.37780        1.70380        0.28970
H          0.82270       -1.01520       -1.05080
H          0.98230        0.01970        1.86710
H          2.52850       -3.65860        0.69990
H          1.50530       -2.90100       -0.50240
H          0.76790       -3.92550        0.72510
H          1.61940       -1.36600        3.55230
H          1.70340       -4.36240        2.91190
H          2.01340       -2.67030        5.49010
H          1.92180       -6.15610        3.97300
H          2.45330       -6.83180        5.49150
H          0.72210       -6.52030        5.22470
H          2.42910       -3.75230        7.50680
H          1.14100       -6.53520        7.63610
H          4.28780       -7.06130        9.18860
H          5.06380       -5.68890       10.00050
H          4.32940       -5.44710        8.43130
H          3.61330       -6.47310       11.93600
H          3.60160       -4.72390       11.85830
H          1.30410       -6.65720       12.37250
H          1.01520       -5.18840       14.09630
H         -0.24930       -4.67870       12.19690
H          1.07660       -3.69170       11.63970
H          0.03610       -7.30150       10.52130
H         -0.86280       -6.64760        9.15150
H         -1.37040       -6.26600       10.79700
H         -1.25550       -3.73460       10.08120
H         -0.72440       -4.26560        8.49080
H          0.25110       -3.10190        9.40380

