HF BASIS=def2-svp cutoff=1.0e-9 denserms=1.0e-6  zmake GRADIENT DIPOLE CHARGE=0

C          1.06210        0.42060        4.73920
C          1.20540        0.66900        3.24620
C          0.03860        0.06600        2.46360
C          0.18860        0.31830        0.95980
C         -0.95620       -0.30750        0.16140
O         -2.20820        0.32550        0.52210
C         -2.82930        0.90020       -0.55080
O         -3.88480        1.50040       -0.54330
C         -1.97880        0.65040       -1.70550
C         -0.86630       -0.05730       -1.29740
C          0.10320       -0.42550       -2.21610
C         -0.07570       -0.05530       -3.55370
C         -1.21160        0.66890       -3.95440
C         -2.18300        1.03050       -3.02070
H          1.90680        0.85970        5.27930
H          0.14160        0.86990        5.12520
H          1.03940       -0.65180        4.95810
H          1.25710        1.74880        3.06460
H          2.15050        0.23570        2.89880
H         -0.90270        0.49880        2.82270
H         -0.00950       -1.01370        2.65050
H          1.14830       -0.08690        0.61620
H          0.21440        1.40250        0.78790
H         -1.05090       -1.38010        0.36430
H          0.98230       -0.98780       -1.91560
H          0.67210       -0.33130       -4.29470
H         -1.33350        0.94780       -4.99890
H         -3.06780        1.58880       -3.30960

