HF BASIS=def2-svp cutoff=1.0e-9 denserms=1.0e-6  zmake GRADIENT DIPOLE CHARGE=0

C         -1.32800        0.14670       -1.26660
C         -1.03470        0.23150        0.04490
C         -0.60200        1.51500        0.70310
C          0.79620        1.99960        0.29760
C          1.91630        1.03730        0.70130
C          3.29110        1.61450        0.36230
C          4.40770        0.66070        0.75630
C         -1.11690       -0.93780        0.93670
O         -2.38660       -1.37180        1.03930
O         -0.20920       -1.41680        1.58720
C         -1.66430       -1.06730       -2.02430
C         -0.67250       -1.62030       -2.84620
C         -0.95070       -2.73070       -3.64820
C         -2.22610       -3.29340       -3.64450
C         -3.22100       -2.75440       -2.83080
C         -2.93460       -1.65860       -2.01970
O         -3.94850       -1.20640       -1.22070
H         -1.25960        1.03840       -1.88750
H         -1.32880        2.29840        0.45110
H         -0.64660        1.41600        1.79540
H          0.83300        2.17240       -0.78520
H          0.97020        2.97270        0.77390
H          1.79280        0.07940        0.18310
H          1.85830        0.83650        1.77790
H          3.35460        1.81800       -0.71300
H          3.43350        2.56880        0.88260
H          4.39130        0.46080        1.83240
H          5.38140        1.09300        0.50570
H          4.31340       -0.29340        0.22790
H         -2.31390       -2.13220        1.65630
H          0.32460       -1.18570       -2.87490
H         -0.17370       -3.15040       -4.28220
H         -2.44560       -4.15220       -4.27340
H         -4.21550       -3.19150       -2.81970
H         -3.52820       -0.89540       -0.39330

