HF BASIS=def2-svp cutoff=1.0e-9 denserms=1.0e-6  zmake GRADIENT DIPOLE CHARGE=0

C         -4.50330       -1.49290       -2.35720
O         -4.09850       -1.14590       -1.03090
C         -3.05080       -1.92490       -0.62720
C         -3.24580       -3.17080       -0.05240
C         -4.48950       -3.89490        0.20580
O         -5.62450       -3.54660       -0.05190
O         -4.13820       -5.07940        0.79280
C         -2.71410       -5.19940        0.96220
C         -2.18760       -3.94020        0.39600
C         -0.87470       -3.49110        0.28690
C          0.28730       -4.32890        0.73810
C         -0.66560       -2.22600       -0.29770
C         -1.74220       -1.41960       -0.71550
C         -1.49590       -0.03640       -1.25930
C         -0.06080        0.48300       -1.01350
C          0.91530       -0.70060       -1.25760
C          0.88140       -1.21230       -2.71940
C          2.36950       -0.30220       -0.97900
C          2.57240        0.43220        0.34280
C          1.70090        1.70920        0.46110
O          1.96790        2.46380       -0.75510
C          0.16540        1.29280        0.37170
C         -0.29860        0.42890        1.56880
C         -0.73850        2.56530        0.31100
C         -0.68610        3.50310        1.50570
C          0.44880        4.47310        1.44740
O          0.24990        5.68130        1.35120
O          1.70330        3.99990        1.49720
C          2.19150        2.62860        1.66380
C          3.72940        2.86740        1.58090
C          1.94690        2.13870        3.09480
O          0.63840       -1.81120       -0.38510
H         -4.99450       -2.47130       -2.38380
H         -3.65310       -1.49300       -3.04900
H         -5.21040       -0.73350       -2.69890
H         -2.49620       -5.29570        2.02920
H         -2.36650       -6.07830        0.41280
H          0.98190       -3.73580        1.34170
H         -0.03370       -5.17260        1.35680
H          0.81550       -4.73210       -0.13110
H         -1.66580       -0.07510       -2.34360
H         -2.24760        0.65210       -0.86760
H          0.12140        1.22070       -1.80970
H         -0.08190       -1.65280       -2.99440
H          1.62080       -2.00950       -2.86590
H          1.10200       -0.40720       -3.42830
H          3.00200       -1.20000       -0.96210
H          2.75080        0.32630       -1.79420
H          2.40880       -0.24350        1.18810
H          3.63750        0.68520        0.35500
H          2.07380        3.40720       -0.52030
H          0.30080       -0.47350        1.69600
H         -0.26110        0.94980        2.52170
H         -1.34620        0.12910        1.46490
H         -0.52000        3.13070       -0.60440
H         -1.78650        2.25900        0.22890
H         -1.59820        4.11770        1.47220
H         -0.73530        3.01260        2.47550
H          4.02850        3.69220        2.24190
H          4.30600        1.98720        1.88180
H          4.04340        3.16870        0.57500
H          2.21440        1.08410        3.21260
H          0.92720        2.29210        3.44370
H          2.55190        2.71480        3.80820

