HF BASIS=def2-svp cutoff=1.0e-9 denserms=1.0e-6  zmake GRADIENT DIPOLE CHARGE=0

C         -2.14220        0.97360        2.43430
C         -1.78040       -0.01640        1.39300
C         -2.56810       -1.03870        0.89340
O         -1.90840       -1.74790       -0.06320
C         -0.68700       -1.17770       -0.17170
C         -0.54670       -0.11920        0.69260
C          0.68520        0.64850        0.72610
O          0.79380        1.66770        1.40640
C          1.86410        0.11330       -0.11430
C          2.79320       -0.76120        0.77330
C          3.37340        0.02370        1.95910
O          2.06010       -1.87210        1.29700
C          3.95220       -1.34130       -0.05580
C          3.45780       -2.11620       -1.27760
C          2.58050       -1.24370       -2.17360
O          3.41330       -0.20720       -2.70340
C          1.37230       -0.60390       -1.43490
C          0.73890        0.46280       -2.37770
C          0.29230       -1.70020       -1.15020
H         -3.14760        0.78850        2.82600
H         -1.43920        0.92400        3.27190
H         -2.12100        1.98760        2.02240
H         -3.57480       -1.37350        1.10330
H          2.43760        1.00050       -0.42210
H          3.87560        0.93890        1.62950
H          4.10120       -0.58460        2.50930
H          2.59830        0.28480        2.68680
H          2.61220       -2.31890        1.96380
H          4.54710       -2.02940        0.55850
H          4.62560       -0.53630       -0.37590
H          2.91770       -3.01500       -0.96230
H          4.33460       -2.45820       -1.84130
H          2.22350       -1.83460       -3.02590
H          4.07770       -0.62660       -3.27820
H          1.42490        1.29620       -2.56510
H         -0.17810        0.89540       -1.96550
H          0.48200        0.01970       -3.34690
H         -0.21540       -1.98450       -2.07990
H          0.73630       -2.61390       -0.74470

