HF BASIS=def2-svp cutoff=1.0e-9 denserms=1.0e-6  zmake GRADIENT DIPOLE CHARGE=0

C          1.53150       -1.85750       -0.30630
C          0.01910       -1.80140       -0.43620
C         -0.42540       -1.24230       -1.78140
O          0.36330       -1.10400       -2.72130
C         -1.90750       -0.85980       -1.94480
C         -2.77620       -2.09510       -1.69520
N         -2.23720        0.26670       -1.04460
C         -1.46440        1.47800       -1.35900
C         -2.20250        2.56710       -0.59690
C         -3.63630        2.06750       -0.48220
C         -3.63580        0.69740       -1.14430
H          1.96840       -2.51340       -1.06660
H          1.97270       -0.86260       -0.42730
H          1.81530       -2.24140        0.67840
H         -0.39330       -2.80910       -0.32600
H         -0.38080       -1.16950        0.36260
H         -2.04670       -0.55820       -2.99210
H         -2.79690       -2.36860       -0.63430
H         -3.80860       -1.92750       -2.01930
H         -2.39230       -2.95900       -2.24940
H         -1.48120        1.70060       -2.43360
H         -0.42240        1.40870       -1.03130
H         -1.77470        2.69780        0.40410
H         -2.14660        3.53020       -1.11410
H         -3.92010        1.99140        0.57390
H         -4.34210        2.74670       -0.97120
H         -4.32020        0.01560       -0.62990
H         -3.95480        0.79240       -2.19020

