HF BASIS=def2-svp cutoff=1.0e-9 denserms=1.0e-6  zmake GRADIENT DIPOLE CHARGE=0

C         -0.91210       -2.08400        3.71520
C         -2.29430       -1.48980        3.62700
C         -3.39510       -2.50610        3.50580
C         -2.46170       -0.15280        3.64570
C         -3.74270        0.62620        3.51490
C         -3.66250        1.76890        2.48140
C         -2.72100        2.91150        2.82740
C         -2.94120        3.55010        4.17700
C         -1.76300        3.40250        2.01340
C         -1.39810        2.98630        0.61060
C          0.04060        2.54740        0.50450
C          1.09850        3.33210        0.21900
O          2.41160        2.90600        0.14710
C          2.66500        1.56220        0.20180
C          1.67170        0.61360        0.40510
C          0.30040        1.09510        0.67740
O         -0.59270        0.32600        1.01880
C          1.99620       -0.75380        0.33050
O          1.01100       -1.70740        0.40380
C          0.38260       -1.93090       -0.87870
O          0.15540       -0.74080       -1.64040
C         -0.43290       -0.96520       -2.91830
C         -1.77260       -1.69390       -2.79420
O         -2.25230       -2.06600       -4.10350
C         -1.61910       -2.96210       -1.94740
O         -2.92770       -3.51740       -1.74430
C         -0.95720       -2.64560       -0.61030
O         -1.89960       -1.83830        0.12040
C         -0.63550        0.37930       -3.63820
O         -1.35890        0.28290       -4.78380
O         -0.16040        1.44820       -3.27560
C          3.33520       -1.17150        0.19870
C          3.71390       -2.63840        0.23400
C          3.79970       -3.25810       -1.13830
C          3.22750       -4.39590       -1.58200
C          3.44790       -4.85830       -2.99920
C          2.35940       -5.31320       -0.76550
C          4.31710       -0.18370        0.02940
O          5.61930       -0.56690       -0.13630
C          3.98990        1.17100        0.01200
C          0.96360        4.77020       -0.06060
C          1.15750        5.74540        0.92680
O          1.48260        5.36000        2.19890
C          1.01500        7.09990        0.62870
C          0.68060        7.48020       -0.66740
O          0.54390        8.81400       -0.91870
C          0.49090        6.53280       -1.66840
C          0.63460        5.17710       -1.36380
H         -0.70440       -2.69060        2.82740
H         -0.13060       -1.31990        3.78330
H         -0.83130       -2.72300        4.60080
H         -3.31200       -3.03980        2.55330
H         -3.32000       -3.23740        4.31800
H         -4.39720       -2.07540        3.56110
H         -1.57060        0.46880        3.74470
H         -4.56960       -0.02280        3.21160
H         -4.01450        1.02290        4.49920
H         -3.42440        1.33050        1.50760
H         -4.66820        2.19860        2.37770
H         -2.36020        4.47150        4.30070
H         -3.99650        3.81250        4.30570
H         -2.64620        2.86780        4.98070
H         -1.16590        4.23770        2.38120
H         -2.05820        2.20800        0.21750
H         -1.58510        3.84610       -0.04360
H          1.03270       -2.59240       -1.45970
H          0.27300       -1.53470       -3.53710
H         -2.53430       -1.03600       -2.35810
H         -2.97530       -2.71200       -3.92620
H         -1.04110       -3.71410       -2.49760
H         -3.26870       -3.06590       -0.94010
H         -0.80920       -3.55290       -0.01550
H         -1.38680       -1.15520        0.62320
H         -1.72810       -0.62580       -4.92250
H          4.69030       -2.74830        0.72350
H          3.01770       -3.16920        0.89040
H          4.43410       -2.69850       -1.82710
H          4.07300       -4.16510       -3.57230
H          2.48960       -4.94680       -3.52230
H          3.94060       -5.83600       -3.00660
H          2.21540       -4.98150        0.26440
H          1.36740       -5.39600       -1.22230
H          2.80430       -6.31300       -0.72560
H          6.17760        0.22450       -0.22070
H          4.74720        1.93300       -0.14510
H          1.64430        6.15340        2.73490
H          1.15350        7.86460        1.38560
H          0.24240        8.92640       -1.83490
H          0.23580        6.82250       -2.68290
H          0.48600        4.43430       -2.14710

