HF BASIS=def2-svp cutoff=1.0e-9 denserms=1.0e-6  zmake GRADIENT DIPOLE CHARGE=0

O         -3.86000       -3.16530        1.98310
C         -2.46350       -3.15830        2.27000
C         -1.69500       -2.07570        1.48860
O         -2.25000       -0.78900        1.83160
C         -1.54800        0.34490        1.25510
C         -1.50650        0.19590       -0.29120
O         -2.86560        0.32310       -0.79230
C         -0.96800       -1.17700       -0.73420
O         -1.11300       -1.24270       -2.15750
S         -0.25400       -2.32310       -3.01430
O          1.23180       -1.71630       -2.95440
O         -0.67210       -2.22250       -4.39300
O         -0.22550       -3.58350       -2.31060
C         -1.76230       -2.29510       -0.02880
O         -3.13230       -2.31110       -0.46680
C         -0.31060        0.64570        2.10430
C         -0.36750        0.46100        3.50140
O         -1.46990       -0.03400        4.15720
C          0.70690        0.78570        4.32550
O          0.62330        0.59220        5.67890
C          1.86880        1.31760        3.79420
O          2.90030        1.63530        4.63190
C          1.97890        1.54130        2.42460
C          0.87650        1.22380        1.59760
O          0.93560        1.44850        0.25090
C          1.85510        2.47850       -0.15880
C          3.27090        2.15360        0.34120
O          3.73560        0.87290       -0.11430
C          3.24420        2.15790        1.87000
C          1.73030        2.59780       -1.66640
C          1.77300        1.45150       -2.47320
C          1.55460        1.55050       -3.83800
O          1.52570        0.40700       -4.59240
C          1.33470        2.78730       -4.43300
O          1.12750        2.80980       -5.78320
C          1.32700        3.94310       -3.66300
C          1.51750        3.84580       -2.27860
H         -3.95090       -3.11180        1.00870
H         -2.36420       -2.97700        3.34560
H         -2.06220       -4.15400        2.05140
H         -0.64890       -2.11060        1.81870
H         -2.21550        1.19600        1.45230
H         -0.97620        1.00910       -0.78650
H         -2.80230        0.20390       -1.76150
H          0.09460       -1.24600       -0.47110
H          1.32370       -1.05710       -3.68850
H         -1.35660       -3.28130       -0.26210
H         -3.47290       -1.39320       -0.36430
H         -2.12980       -0.31500        3.48520
H         -0.28350        0.24340        5.81360
H          2.58120        1.39110        5.52560
H          1.51330        3.42590        0.28160
H          3.99370        2.89360       -0.02140
H          3.15430        0.19250        0.26950
H          3.29010        3.19510        2.22460
H          4.11640        1.61600        2.25540
H          1.97220        0.48270       -2.02450
H          1.41740        0.74020       -5.51090
H          0.90850        3.72350       -6.04390
H          1.16410        4.91850       -4.11050
H          1.48230        4.75440       -1.67940

