HF BASIS=def2-svp cutoff=1.0e-9 denserms=1.0e-6  zmake GRADIENT DIPOLE CHARGE=0

C         -2.76160       -2.08150       -6.01630
C         -3.44150       -3.32630       -6.56410
C         -2.42030       -4.32760       -7.10650
C         -3.10870       -5.58800       -7.63650
C         -2.14350       -6.59660       -8.26870
C         -1.00160       -7.08590       -7.37040
C         -1.48220       -7.73660       -6.07200
C         -0.30170       -8.22370       -5.22840
C         -0.72290       -8.91540       -3.92810
C         -1.60630       -8.09010       -2.98510
C         -0.98150       -6.75760       -2.56190
C         -1.89130       -6.01240       -1.58210
C         -1.29440       -4.69780       -1.07180
C         -1.08330       -3.65560       -2.17550
C         -0.78440       -2.25400       -1.63210
C          0.50340       -2.18600       -0.80810
C          0.89020       -0.76230       -0.39400
C         -0.13450       -0.09980        0.52970
C          0.38160        1.23470        1.07050
C         -0.64930        1.89070        1.99030
C         -0.17250        3.24990        2.50140
C         -1.16980        3.99560        3.36250
O         -0.93610        5.10260        3.83670
O         -2.32380        3.30810        3.52600
C         -3.28040        3.89220        4.42520
C         -4.31340        2.83750        4.86200
C         -3.71640        1.77410        5.79300
O         -2.59470        1.13430        5.20550
P         -2.02050       -0.13660        6.01380
O         -2.84830       -1.35270        5.69170
O         -1.69750        0.24520        7.43010
O         -0.61100       -0.31550        5.22180
C          0.29920       -1.21480        5.82650
C         -0.12150       -2.68550        5.69320
N         -0.20120       -3.22910        4.22840
C         -1.48570       -2.73070        3.55510
C         -0.27990       -4.74160        4.30450
C          0.99260       -2.81210        3.40690
O         -4.87390        2.16140        3.71150
C         -5.75580        2.87460        2.96820
O         -6.15360        4.00120        3.22680
C         -6.16590        2.09770        1.74320
C         -5.02470        1.93190        0.74170
C         -4.48000        3.27350        0.24630
C         -3.43670        3.08900       -0.85730
C         -2.73230        4.41080       -1.16940
C         -1.67330        4.23930       -2.25660
C         -0.92030        5.51890       -2.48430
C          0.30460        5.82750       -2.02520
C          1.18560        4.99100       -1.14190
C          2.42170        4.55280       -1.87140
C          3.70210        4.76370       -1.52180
C          4.22240        5.46920       -0.30360
C          4.88280        6.76550       -0.67180
C          6.18700        7.07140       -0.57330
C          7.29340        6.16130       -0.12200
C          7.60940        6.28120        1.37190
C          8.13540        7.66400        1.77060
C          8.61860        7.72710        3.22220
C          7.50300        7.54840        4.23980
H         -2.09260       -2.33180       -5.18730
H         -2.17440       -1.58010       -6.79170
H         -3.50920       -1.37320       -5.64530
H         -4.03310       -3.79200       -5.76710
H         -4.13720       -3.03600       -7.35960
H         -1.83810       -3.86120       -7.91040
H         -1.71960       -4.58810       -6.30520
H         -3.84590       -5.30200       -8.39610
H         -3.67420       -6.06840       -6.82910
H         -2.72420       -7.46330       -8.60730
H         -1.70490       -6.14900       -9.16940
H         -0.40870       -7.81280       -7.93910
H         -0.32650       -6.25290       -7.14230
H         -2.14530       -8.57900       -6.30370
H         -2.06450       -7.01080       -5.49690
H          0.36330       -7.38290       -5.00190
H          0.29170       -8.93380       -5.81610
H          0.18360       -9.21800       -3.38920
H         -1.25670       -9.84190       -4.17610
H         -2.58190       -7.91070       -3.45150
H         -1.80340       -8.69400       -2.09030
H         -0.81090       -6.13510       -3.44610
H         -0.00570       -6.94030       -2.09590
H         -2.09190       -6.65670       -0.71770
H         -2.85970       -5.81200       -2.05870
H         -1.97240       -4.28860       -0.31320
H         -0.34410       -4.90730       -0.56720
H         -1.98650       -3.59640       -2.79510
H         -0.26430       -3.96800       -2.83390
H         -1.63740       -1.91970       -1.02970
H         -0.70600       -1.56460       -2.48150
H          1.32850       -2.61030       -1.39330
H          0.40340       -2.80070        0.09290
H          1.03480       -0.14420       -1.28860
H          1.85980       -0.81030        0.11860
H         -0.36470       -0.76980        1.36610
H         -1.07030        0.07040       -0.01560
H          0.60940        1.90270        0.23150
H          1.31590        1.07580        1.62260
H         -1.59400        2.00960        1.44970
H         -0.85600        1.22570        2.83850
H          0.06170        3.89790        1.64770
H          0.73680        3.11200        3.09840
H         -3.77270        4.70780        3.88660
H         -2.78190        4.30490        5.31020
H         -5.12520        3.33220        5.41200
H         -4.47610        1.01650        6.01310
H         -3.40220        2.24400        6.73050
H          0.41130       -0.96990        6.88930
H          1.28520       -1.04300        5.38160
H         -1.08290       -2.90110        6.16430
H          0.63570       -3.29900        6.19560
H         -1.45840       -1.64610        3.46930
H         -1.51530       -3.15900        2.54640
H         -2.34320       -3.09560        4.12280
H         -1.12250       -5.01960        4.94590
H         -0.42470       -5.13800        3.29520
H          0.65810       -5.11980        4.72270
H          0.94270       -3.31740        2.43590
H          1.90050       -3.11160        3.93700
H          0.97270       -1.72930        3.25420
H         -7.00930        2.61860        1.27540
H         -6.54250        1.12010        2.06470
H         -5.39050        1.34530       -0.10970
H         -4.20930        1.35910        1.19850
H         -4.02660        3.81650        1.08480
H         -5.30150        3.89390       -0.13310
H         -2.69290        2.34400       -0.55010
H         -3.92170        2.70210       -1.76190
H         -3.47130        5.15870       -1.48350
H         -2.26140        4.79280       -0.25420
H         -2.15110        3.94410       -3.19890
H         -0.99390        3.42090       -1.99760
H         -1.43820        6.26320       -3.08940
H          0.71100        6.80470       -2.28540
H          0.66410        4.10070       -0.78220
H          1.41700        5.58210       -0.25110
H          2.23810        3.99910       -2.79200
H          4.47380        4.37370       -2.18520
H          4.91220        4.79550        0.21560
H          3.42900        5.68180        0.41900
H          4.20640        7.53990       -1.03260
H          6.49530        8.07670       -0.86040
H          7.04940        5.11820       -0.35350
H          8.19070        6.38730       -0.71080
H          6.71030        6.04010        1.95040
H          8.36230        5.52400        1.62450
H          8.97610        7.92820        1.11760
H          7.36120        8.42420        1.61440
H          9.09030        8.70250        3.38890
H          9.39220        6.96870        3.39040
H          6.71310        8.29080        4.08950
H          7.89660        7.67430        5.25360
H          7.05720        6.55140        4.17920

