HF BASIS=def2-svp cutoff=1.0e-9 denserms=1.0e-6  zmake GRADIENT DIPOLE CHARGE=0

C         -2.96390       -6.77940        0.14240
O         -2.75090       -5.45380       -0.32960
C         -1.65180       -4.79590        0.14930
C         -0.72220       -5.30550        1.05760
C          0.35780       -4.51980        1.46220
O          1.22780       -5.08680        2.35530
C          0.51700       -3.22360        0.96420
C          1.64350       -2.37260        1.37000
O          2.47570       -2.78330        2.17240
C          1.71860       -1.02320        0.77270
C          0.74810       -0.65940       -0.09530
O         -0.32100       -1.45120       -0.46780
C         -0.40890       -2.71450        0.06020
C         -1.48990       -3.49780       -0.34680
C          0.77740        0.69540       -0.69060
C          1.96990        1.38530       -0.54330
C          3.21840        0.84790        0.04630
C          2.88030       -0.12840        1.17260
C          3.93700        2.19110        0.33250
C          3.73820        2.74480        1.74990
C          5.43500        2.07610        0.03690
O          3.38650        3.18470       -0.60940
C          2.15390        2.68450       -0.94720
C          1.14690        3.36280       -1.59600
O          1.34890        4.65170       -1.99410
C         -0.08140        2.71580       -1.82300
C         -1.21440        3.45170       -2.50740
C         -2.01990        4.28740       -1.54530
C         -3.30190        4.12630       -1.16130
C         -3.93420        5.08520       -0.18690
C         -4.21360        3.02280       -1.62030
C         -0.25320        1.38200       -1.35490
O         -1.47250        0.79140       -1.56980
H         -2.13750       -7.43780       -0.14500
H         -3.87360       -7.16040       -0.33150
H         -3.12220       -6.79150        1.22580
H         -0.80730       -6.30600        1.46900
H          1.93220       -4.43020        2.55840
H         -2.21460       -3.10290       -1.05520
H          3.74020        0.30450       -0.75520
H          3.77640       -0.71530        1.40380
H          2.58820        0.38950        2.09320
H          4.19840        2.09950        2.50490
H          2.67530        2.86110        1.98900
H          4.18050        3.74400        1.83850
H          5.60740        1.78890       -1.00660
H          5.93550        3.04140        0.17460
H          5.91580        1.33760        0.68640
H          2.26050        4.87750       -1.72780
H         -0.80280        4.11590       -3.27870
H         -1.83220        2.74740       -3.07190
H         -1.46060        5.13030       -1.13830
H         -4.80350        5.57030       -0.64280
H         -4.26380        4.55130        0.71050
H         -3.24300        5.87300        0.13070
H         -5.09600        3.44580       -2.11200
H         -4.54890        2.43200       -0.76120
H         -3.74810        2.33310       -2.32630
H         -1.45150       -0.10660       -1.19720

