HF BASIS=def2-svp cutoff=1.0e-9 denserms=1.0e-6  zmake GRADIENT DIPOLE CHARGE=0

O         -1.70130        2.43700        1.17700
C         -2.19190        1.19400        1.67970
C         -2.23140        1.26500        3.21440
C         -0.87290        1.59500        3.83940
C          0.18720        0.63160        3.37080
O          0.06520       -0.58570        3.40870
O          1.24570        1.30050        2.85460
C          2.11150        0.51650        2.03840
O          1.54640        0.28930        0.74330
C          1.44100        1.49210       -0.02080
O          0.36640        1.32790       -0.95790
C          0.71470        0.76390       -2.23590
C          1.11400       -0.73370       -2.14950
O          2.45330       -0.92920       -1.76780
O          0.30930       -1.43420       -1.21750
C          1.77040        1.61970       -2.96530
O          1.16150        2.44970       -3.97450
C          2.48570        2.57860       -2.00680
O          3.71830        3.03340       -2.59190
C          2.77670        1.90940       -0.67220
O          3.49270        2.82990        0.17180
C         -3.58840        0.90660        1.10080
C         -3.55310        0.55800       -0.37170
C         -2.82590       -0.55320       -0.82100
C         -2.77260       -0.83850       -2.17770
O         -2.00000       -1.86070       -2.65680
C         -3.47550       -0.06130       -3.09110
O         -3.42480       -0.36630       -4.41980
C         -4.21520        1.02970       -2.66630
C         -4.24860        1.34300       -1.30660
H         -1.56360        2.31120        0.21520
H         -1.48610        0.41580        1.37520
H         -2.94390        2.03640        3.53080
H         -2.59030        0.30730        3.60910
H         -0.92630        1.53970        4.93200
H         -0.58560        2.62030        3.58140
H          3.07660        1.02940        1.95610
H          2.31540       -0.45550        2.50310
H          1.10400        2.29910        0.63990
H         -0.22460        0.79690       -2.79850
H          0.98460       -1.19320       -3.13450
H          2.56960       -1.89660       -1.74760
H          0.37900       -0.88320       -0.40440
H          2.49230        0.99640       -3.50570
H          0.76600        1.86620       -4.64390
H          1.89150        3.48800       -1.84270
H          3.46040        3.44310       -3.44160
H          3.45190        1.05870       -0.79690
H          4.16210        3.23360       -0.41790
H         -4.22630        1.78540        1.24990
H         -4.05870        0.07110        1.63190
H         -2.29690       -1.18480       -0.11360
H         -1.33610       -2.06710       -1.96240
H         -2.92150       -1.20290       -4.45220
H         -4.75480        1.63870       -3.38340
H         -4.82260        2.20740       -0.98110

