HF BASIS=def2-svp cutoff=1.0e-9 denserms=1.0e-6  zmake GRADIENT DIPOLE CHARGE=0

C         -1.40400       -1.92460       -2.89410
C         -1.48410       -0.74190       -3.87050
O         -0.17350       -0.37830       -4.34380
C          0.55250        0.37390       -3.46800
O          0.10720        0.84080       -2.42850
C          1.96690        0.54670       -3.97680
C          2.90630        1.07020       -2.88800
C          3.17870        0.01360       -1.81070
C          3.83070        0.63370       -0.57260
C          4.01110       -0.35200        0.58850
C          2.74890       -1.10080        1.03570
C          1.56360       -0.18540        1.35430
C          0.32430       -0.99940        1.73280
C         -0.90920       -0.13100        1.99720
C         -1.46820        0.52790        0.73380
C         -2.73530        1.35020        0.98820
C         -3.96600        0.49310        1.29210
C         -5.21140        1.32280        1.61420
C         -5.70480        2.16120        0.44560
C         -2.77400       -2.20030       -2.27010
O         -2.65730       -3.33810       -1.39690
C         -3.77230       -3.61670       -0.67060
O         -4.77430       -2.91780       -0.62100
C         -3.61610       -4.93850        0.03760
C         -3.61810       -4.80800        1.55550
C         -2.36360       -4.11070        2.09150
C         -2.11110       -4.39360        3.57670
C         -3.23230       -3.97300        4.53110
C         -3.46250       -2.46370        4.64560
C         -2.27380       -1.72790        5.26930
C         -2.61390       -0.27030        5.59110
C         -1.40550        0.45290        6.19040
C         -1.76460        1.77650        6.86720
C         -2.34250        2.85890        5.95340
C         -1.42870        3.35140        4.82500
C         -0.03320        3.75910        5.29710
C          0.72700        4.69000        4.34690
C          0.96130        4.16420        2.92620
C         -0.14250        4.57320        1.94790
C          0.26680        4.33630        0.49130
C         -0.86510        4.74180       -0.45670
C         -0.52650        4.55320       -1.93780
C          0.57400        5.50120       -2.42750
C          0.68200        5.58250       -3.96650
C          1.69750        6.66880       -4.34030
C          1.04890        4.22220       -4.58690
C          1.13140        4.24010       -6.10740
O         -1.01230       -3.10940       -3.63550
C          0.32020       -3.39770       -3.65420
O          1.19530       -2.73750       -3.11330
C          0.54390       -4.65570       -4.46220
C          2.01050       -5.08800       -4.50840
C          2.47170       -5.73530       -3.19770
C          3.97550       -6.03210       -3.16210
C          4.41430       -7.08280       -4.18580
C          5.91520       -7.38200       -4.13890
C          6.36110       -8.06370       -2.85430
H         -0.68490       -1.74160       -2.08710
H         -2.05820       -1.02720       -4.75940
H         -1.98320        0.12670       -3.42520
H          2.33550       -0.41440       -4.35180
H          1.93560        1.25800       -4.80770
H          3.85790        1.36850       -3.34440
H          2.47420        1.96980       -2.43290
H          2.23810       -0.46850       -1.53140
H          3.82640       -0.77140       -2.21900
H          4.81380        1.03660       -0.84550
H          3.23640        1.48950       -0.22800
H          4.41720        0.19880        1.44580
H          4.77040       -1.09370        0.31030
H          2.46070       -1.82270        0.26210
H          2.99580       -1.69390        1.92490
H          1.82920        0.49050        2.17550
H          1.33350        0.43740        0.48670
H          0.09530       -1.72500        0.94210
H          0.54340       -1.57810        2.63880
H         -1.67630       -0.77360        2.43620
H         -0.66820        0.63450        2.74310
H         -0.71700        1.20260        0.31230
H         -1.66920       -0.23450       -0.02660
H         -2.55950        2.05590        1.80750
H         -2.92740        1.94600        0.08870
H         -3.76710       -0.15120        2.15360
H         -4.17380       -0.16890        0.44320
H         -6.01410        0.63910        1.91560
H         -5.01220        1.97490        2.47300
H         -5.87300        1.54100       -0.44090
H         -4.99180        2.94970        0.18720
H         -6.65150        2.64550        0.70470
H         -3.11610       -1.32550       -1.70570
H         -3.50410       -2.44750       -3.05000
H         -4.44990       -5.57300       -0.28530
H         -2.70270       -5.44180       -0.30210
H         -3.68330       -5.81710        1.97940
H         -4.51070       -4.26220        1.88320
H         -2.43540       -3.03240        1.91440
H         -1.48480       -4.45870        1.53450
H         -1.16890       -3.91860        3.87200
H         -1.95060       -5.47230        3.69780
H         -2.99990       -4.36820        5.52830
H         -4.17150       -4.45290        4.23350
H         -3.69710       -2.03870        3.66420
H         -4.34830       -2.30550        5.27330
H         -1.97490       -2.23850        6.19320
H         -1.41280       -1.76140        4.59360
H         -2.94190        0.24520        4.68100
H         -3.45060       -0.24560        6.29960
H         -0.94190       -0.18940        6.94980
H         -0.64680        0.61100        5.41590
H         -0.87280        2.16330        7.37410
H         -2.49340        1.57630        7.66350
H         -2.60430        3.72030        6.58130
H         -3.28610        2.51170        5.51600
H         -1.34210        2.57160        4.06100
H         -1.92420        4.20870        4.35350
H          0.57000        2.85970        5.46900
H         -0.11140        4.27320        6.26390
H          1.71040        4.86950        4.80120
H          0.23070        5.66760        4.31490
H          1.08770        3.07560        2.92880
H          1.90850        4.58870        2.56880
H         -1.05900        4.01530        2.16050
H         -0.37600        5.63720        2.07790
H          1.16720        4.92100        0.27290
H          0.51970        3.28080        0.34010
H         -1.14260        5.78810       -0.27870
H         -1.75380        4.14100       -0.22790
H         -0.23340        3.51260       -2.10970
H         -1.43950        4.72960       -2.51980
H          0.36860        6.50730       -2.03860
H          1.53990        5.19190       -2.00990
H         -0.29450        5.89250       -4.36060
H          1.46090        7.61450       -3.84050
H          1.69180        6.86710       -5.41640
H          2.71310        6.37870       -4.05090
H          0.29550        3.47670       -4.30930
H          2.00690        3.87380       -4.18150
H          1.97280        4.84520       -6.45760
H          1.27950        3.22420       -6.48700
H          0.21010        4.63580       -6.54670
H          0.20960       -4.44620       -5.48480
H         -0.07430       -5.45980       -4.04760
H          2.65050       -4.23070       -4.74880
H          2.12160       -5.81130       -5.32420
H          2.24130       -5.07140       -2.35600
H          1.91010       -6.66260       -3.02840
H          4.53610       -5.10310       -3.32170
H          4.21960       -6.37970       -2.15190
H          4.17970       -6.73120       -5.19650
H          3.84860       -8.00990       -4.03220
H          6.16350       -8.03680       -4.98300
H          6.48510       -6.45580       -4.27800
H          7.41700       -8.34500       -2.92710
H          5.78000       -8.97300       -2.66930
H          6.25510       -7.40140       -1.98990

