HF BASIS=def2-svp cutoff=1.0e-9 denserms=1.0e-6  zmake GRADIENT DIPOLE CHARGE=0

C         -4.35050        3.82770        1.96130
O         -3.63390        3.52180        0.76980
C         -3.12510        2.25260        0.67470
C         -2.43730        1.97550       -0.50920
O         -2.31080        2.94140       -1.47150
C         -1.86900        0.72740       -0.75850
C         -1.97410       -0.30070        0.18950
C         -1.41770       -1.69390       -0.06330
C         -1.00330       -2.06090       -1.48990
O          0.20030       -1.41840       -1.92060
C          1.25180       -1.61520       -1.06960
C          2.52600       -1.47050       -1.60860
C          3.63370       -1.65830       -0.78910
O          4.87660       -1.52300       -1.34570
C          3.50310       -1.97650        0.56930
O          4.68620       -2.12930        1.24420
C          4.59520       -2.43230        2.63260
C          2.22490       -2.10190        1.10960
C          1.10470       -1.91470        0.28540
C         -0.25370       -1.99020        0.85620
O         -0.42400       -2.23050        2.05230
C         -2.64660       -0.00170        1.39040
O         -2.78450       -0.91710        2.40020
C         -3.22870        1.24800        1.62930
H         -4.69660        4.86300        1.88540
H         -3.70180        3.75710        2.84060
H         -5.23320        3.18830        2.06650
H         -2.76910        3.72280       -1.10470
H         -1.35550        0.58900       -1.70590
H         -2.21790       -2.40370        0.19180
H         -0.85730       -3.14660       -1.57980
H         -1.79260       -1.79640       -2.20290
H          2.65940       -1.22100       -2.65700
H          5.50550       -1.68120       -0.61450
H          4.09470       -3.39260        2.79420
H          4.09480       -1.62670        3.17990
H          5.61400       -2.51760        3.02270
H          2.06890       -2.33070        2.15920
H         -1.96960       -1.46040        2.46050
H         -3.74290        1.39800        2.57210

