HF BASIS=def2-svp cutoff=1.0e-9 denserms=1.0e-6  zmake GRADIENT DIPOLE CHARGE=0

C          2.01100       -0.16270        1.82790
C          1.65260       -1.10450        0.65660
C          2.84490       -2.00180        0.28620
O          3.31860       -2.70440        1.43120
C          3.95770       -1.18250       -0.35740
O          5.14140       -1.50450       -0.25490
C          3.58090        0.01480       -1.14410
C          2.30020        0.41700       -1.27350
C          2.03030        1.65110       -2.10010
C          1.12840       -0.35210       -0.61730
C          0.55650       -1.36970       -1.64060
C         -0.57340       -0.64570       -2.35390
C         -1.25910        0.14210       -1.23890
C         -0.11780        0.51420       -0.26330
C         -2.11550        1.33740       -1.71760
C         -3.16610        0.89580       -2.74720
O         -1.26870        2.29790       -2.36580
C         -2.80130        2.04740       -0.52680
O         -3.48050        3.21570       -0.99810
H          1.14800        0.42350        2.15550
H          2.34550       -0.73590        2.69930
H          2.80770        0.54110        1.57000
H          0.85440       -1.75760        1.03760
H          2.54450       -2.76240       -0.44290
H          4.24500       -2.94710        1.22990
H          4.41220        0.54340       -1.59880
H          1.61740        2.45600       -1.48650
H          1.34910        1.44020       -2.92500
H          2.94780        2.04620       -2.55200
H          0.14100       -2.24550       -1.12540
H          1.30060       -1.73740       -2.35580
H         -1.25750       -1.35910       -2.82570
H         -0.18850        0.00280       -3.14450
H         -1.92440       -0.55690       -0.71020
H          0.10700        1.58330       -0.26390
H         -0.48630        0.29410        0.74580
H         -2.69470        0.48840       -3.64810
H         -3.76980        1.74360       -3.09020
H         -3.83920        0.13920       -2.33150
H         -1.81690        3.10600       -2.44040
H         -3.52620        1.39070       -0.03500
H         -2.06740        2.38900        0.20900
H         -3.89680        3.63070       -0.22190

