HF BASIS=def2-svp cutoff=1.0e-9 denserms=1.0e-6  zmake GRADIENT DIPOLE CHARGE=0

C          6.05130       -1.92670       -1.60090
O          4.81380       -1.43090       -2.09600
C          3.68100       -1.84950       -1.45520
C          3.62580       -2.71110       -0.36180
C          2.38900       -3.05500        0.19550
C          1.19830       -2.54580       -0.32820
O          0.06650       -2.96590        0.31390
C         -1.17850       -2.45990       -0.16830
C         -2.25970       -3.06860        0.67510
C         -3.23600       -2.42620        1.33300
C         -3.39490       -1.01520        1.31870
C         -3.52340        0.17890        1.30690
C         -3.66150        1.60220        1.28890
C         -2.57300        2.41330        1.62440
C         -2.70240        3.80450        1.60560
C         -3.92270        4.37210        1.25040
O         -4.09420        5.72410        1.21840
C         -5.01100        3.57380        0.91510
C         -4.88110        2.18390        0.93400
C          1.25340       -1.68450       -1.42200
C          2.49050       -1.34070       -1.97910
H          6.85100       -1.50390       -2.21660
H          6.22070       -1.60470       -0.56810
H          6.10390       -3.01690       -1.68970
H          4.51980       -3.13380        0.08330
H          2.35420       -3.72770        1.04940
H         -1.18500       -1.36640       -0.10970
H         -1.33410       -2.77750       -1.20620
H         -2.22640       -4.15380        0.74760
H         -3.95320       -3.00040        1.91350
H         -1.62110        1.96630        1.90170
H         -1.84860        4.42050        1.86880
H         -3.25990        6.14910        1.47630
H         -5.95690        4.03160        0.64010
H         -5.73370        1.56270        0.67140
H          0.36080       -1.26060       -1.86900
H          2.52570       -0.66760       -2.83270

