HF BASIS=def2-svp cutoff=1.0e-9 denserms=1.0e-6  zmake GRADIENT DIPOLE CHARGE=0

C          0.09630        3.63640        3.62860
C          0.18590        3.18720        2.17770
C         -0.25570        1.73560        1.98990
O         -0.70180        1.09630        2.94580
N         -0.12140        1.18540        0.70540
C          0.36950        1.97630       -0.36430
C         -0.49350        2.85210       -1.03050
C         -0.01200        3.64110       -2.07550
C          1.32870        3.55710       -2.45260
C          2.19020        2.68410       -1.78720
C          1.71220        1.89310       -0.74220
C         -0.45610       -0.27840        0.43630
C          0.44930       -1.18980        1.33220
O          1.82600       -1.07820        0.94210
C          2.67660       -1.81500        1.81060
C         -0.27050       -0.68560       -1.06180
C         -0.81130       -2.07700       -1.38230
N         -2.22570       -2.17940       -1.04160
C         -2.46640       -1.90260        0.36860
C         -1.95660       -0.52050        0.77470
H          0.42690        4.67510        3.72620
H         -0.93210        3.56950        3.99890
H          0.72720        3.01460        4.27230
H          1.22370        3.29570        1.84670
H         -0.45680        3.83750        1.57680
H         -1.54040        2.91390       -0.74580
H         -0.68250        4.31850       -2.59790
H          1.70260        4.17120       -3.26820
H          3.23400        2.61810       -2.08260
H          2.38710        1.21580       -0.22530
H          0.35860       -0.93080        2.39100
H          0.16390       -2.24250        1.24210
H          2.61590       -1.42220        2.83000
H          2.41140       -2.87650        1.79770
H          3.70530       -1.70740        1.45650
H          0.78480       -0.65150       -1.35500
H         -0.79750        0.02700       -1.71040
H         -0.23340       -2.85770       -0.87600
H         -0.69980       -2.25820       -2.45740
H         -2.56710       -3.11260       -1.27210
H         -3.54620       -1.94550        0.55150
H         -2.01830       -2.68440        0.99200
H         -2.56370        0.24320        0.26840
H         -2.15050       -0.39960        1.84500

