HF BASIS=def2-svp cutoff=1.0e-9 denserms=1.0e-6  zmake GRADIENT DIPOLE CHARGE=0

C         -3.52450        0.89220        2.52330
O         -2.28060        0.61000        1.89290
C         -2.03670       -0.70180        1.58130
C         -0.70770       -1.04220        1.30210
O          0.30820       -0.12130        1.30930
C          0.26340        0.70400        0.13180
O          0.61570       -0.04320       -1.04660
C          0.54320        0.76340       -2.24040
C          1.49640        1.96460       -2.17280
O          1.23590        2.89320       -3.23070
C          1.31680        2.73640       -0.85750
O          2.38080        3.69480       -0.74020
C          1.30210        1.81710        0.35500
O          2.63220        1.27640        0.51430
C          0.90130       -0.12860       -3.43720
O          1.17370       -1.41330       -3.09440
O          0.92140        0.22060       -4.60800
C         -0.34570       -2.36080        1.03660
C         -1.32160       -3.35450        0.91970
C         -0.93940       -4.74250        0.45930
C         -1.08500       -4.91770       -1.05710
O         -1.12620       -6.31680       -1.35720
C          0.04850       -4.24750       -1.84120
O          0.07620       -4.67470       -3.12800
O          0.83510       -3.39930       -1.45690
C         -2.65800       -3.01380        1.16040
C         -3.01130       -1.70040        1.50220
H         -3.69100        0.24840        3.39280
H         -4.34970        0.81180        1.80820
H         -3.49030        1.92640        2.87850
H         -0.73170        1.15040        0.00030
H         -0.49800        1.07450       -2.38940
H          2.53770        1.63700       -2.27870
H          1.82440        3.65780       -3.07010
H          0.38370        3.31290       -0.89820
H          3.12580        3.20850       -0.32940
H          1.09110        2.37890        1.27250
H          2.53640        0.51560        1.12210
H          1.09450       -1.55150       -2.11460
H          0.70360       -2.59330        0.86830
H          0.08620       -4.97480        0.77560
H         -1.56890       -5.47390        0.98260
H         -2.02850       -4.48150       -1.40600
H         -1.06880       -6.37770       -2.33170
H          0.75420       -4.10690       -3.56450
H         -3.43930       -3.76780        1.07810
H         -4.06060       -1.48790        1.68020

