HF BASIS=def2-svp cutoff=1.0e-9 denserms=1.0e-6  zmake GRADIENT DIPOLE CHARGE=0

C         -1.14860       -2.92110       -4.50340
C         -2.10430       -1.71990       -4.40630
C         -3.49190       -2.16970       -4.89340
O         -2.27900       -1.36820       -3.01810
C         -1.30250       -0.59860       -2.44120
C         -0.34150        0.11260       -3.17260
C         -0.31300        0.05510       -4.67740
C         -1.61690       -0.51050       -5.23550
O         -2.60060        0.53670       -5.25020
C          0.63350        0.87890       -2.50080
C          0.60970        0.93750       -1.09640
C          1.38210        1.57750       -0.09180
C          0.82960        1.23060        1.12790
O         -0.24490        0.40820        0.92170
C         -0.37500        0.23250       -0.42090
C         -1.34820       -0.54090       -1.04450
C          1.14450        1.54800        2.51960
C          2.23280        2.37640        2.83250
C          2.53290        2.67890        4.15940
O          3.60410        3.49000        4.39730
C          1.76660        2.17080        5.19990
C          0.68820        1.35050        4.89650
O         -0.04920        0.86400        5.93670
C          0.37150        1.03590        3.57510
H         -0.15950       -2.69770       -4.09140
H         -1.53110       -3.76710       -3.92040
H         -1.02200       -3.24600       -5.54140
H         -3.84350       -3.03610       -4.32070
H         -3.47770       -2.44000       -5.95430
H         -4.24240       -1.38580       -4.74190
H         -0.14760        1.06350       -5.07580
H          0.53060       -0.57610       -4.98040
H         -1.46650       -0.79760       -6.28250
H         -2.84910        0.70320       -4.32100
H          1.39080        1.42480       -3.05690
H          2.23940        2.21690       -0.24460
H         -2.09570       -1.07640       -0.47270
H          2.86050        2.79690        2.05190
H          3.68960        3.61310        5.35780
H          1.98920        2.39830        6.23670
H         -0.76500        0.31260        5.57830
H         -0.47660        0.39210        3.35850

