HF BASIS=def2-svp cutoff=1.0e-9 denserms=1.0e-6  zmake GRADIENT DIPOLE CHARGE=0

C         -0.13450        2.83800       -2.98120
C         -0.54160        2.09610       -1.69800
C         -2.06960        2.08530       -1.59410
C          0.13120        0.69740       -1.60100
O          1.55560        0.88750       -1.61850
C         -0.19710       -0.25040       -2.75690
C          0.36510       -1.58500       -2.27930
C          0.09210       -1.63470       -0.74910
C         -1.13240       -2.55010       -0.51660
C          1.33750       -2.21010       -0.03580
C          1.22610       -2.49570        1.43670
C          0.59600       -1.77810        2.38460
C          0.52960       -2.29290        3.80120
C         -0.07300       -0.43930        2.18530
C          0.33980        0.36100        0.95000
C         -0.26070       -0.15960       -0.36200
H         -0.53000        3.85980       -2.97580
H          0.95350        2.91170       -3.07400
H         -0.52230        2.33830       -3.87480
H         -0.16480        2.70720       -0.86690
H         -2.46840        3.10050       -1.70170
H         -2.40430        1.72040       -0.61910
H         -2.52850        1.46890       -2.37250
H          1.78180        1.55740       -0.95150
H          0.27970        0.04130       -3.69830
H         -1.27580       -0.34070       -2.92080
H         -0.08440       -2.42200       -2.82500
H          1.44230       -1.61600       -2.48760
H         -1.98350       -2.23530       -1.13210
H         -0.90270       -3.58820       -0.78250
H         -1.46710       -2.53700        0.52480
H          2.21370       -1.57070       -0.20180
H          1.58270       -3.16690       -0.51920
H          1.70670       -3.42840        1.73360
H          1.04360       -1.60520        4.48070
H          0.99590       -3.27780        3.91020
H         -0.51390       -2.38430        4.12030
H          0.17310        0.18580        3.05440
H         -1.16150       -0.57340        2.20230
H         -0.00490        1.39230        1.09750
H          1.43350        0.41650        0.89980
H         -1.35140       -0.11320       -0.25230

