HF BASIS=def2-svp cutoff=1.0e-9 denserms=1.0e-6  zmake GRADIENT DIPOLE CHARGE=0

C          2.07070        1.04780        5.18360
C          2.03750       -0.44450        4.88850
C          2.18300       -0.77510        3.40230
C          1.00670       -0.28020        2.55890
C          1.15980       -0.69290        1.09460
C          0.00390       -0.15090        0.25040
C          0.18490       -0.48640       -1.22900
C         -0.93140        0.05420       -2.12280
C         -1.15310        1.57260       -2.12620
C         -0.10380        2.38990       -2.89030
C          1.18780        2.73880       -2.14610
C          0.97860        3.62880       -0.91670
C          2.32080        4.02500       -0.29780
C          2.21320        4.72520        1.06190
C          1.47550        6.06910        1.04010
C         -0.01520        5.99650        1.39400
C         -0.26830        5.61780        2.85710
C         -1.73580        5.75550        3.28180
C         -2.71670        4.86170        2.52490
C         -2.55860        3.38280        2.82520
O         -1.81200        2.92680        3.68530
N         -3.36600        2.59060        2.04250
C         -3.49600        1.14720        2.27120
C         -4.33160        0.88160        3.54320
O         -5.70380        1.23820        3.33270
C         -4.09910        0.50490        0.99480
O         -5.35200        1.13000        0.67080
C         -4.30690       -1.00910        1.11520
C         -4.66720       -1.64100       -0.23520
C         -4.84300       -3.15470       -0.10790
C         -5.14140       -3.85110       -1.44080
C         -4.08870       -3.66550       -2.53980
C         -2.68780       -4.11900       -2.12460
C         -1.67490       -3.90920       -3.25150
C         -0.27060       -4.32750       -2.80620
C          0.77900       -3.96540       -3.85700
C          2.20680       -4.32810       -3.43790
C          2.72420       -3.48210       -2.26990
C          4.18780       -3.79130       -1.95950
C          4.68830       -2.96170       -0.77340
C          6.15560       -3.25730       -0.46720
C          6.64970       -2.45210        0.72380
H          2.97290        1.50870        4.77020
H          2.06710        1.21730        6.26530
H          1.19900        1.55860        4.76620
H          2.85830       -0.92540        5.43370
H          1.10640       -0.87300        5.27680
H          3.11940       -0.34860        3.02100
H          2.26720       -1.86320        3.29670
H          0.94160        0.81250        2.61480
H          0.06810       -0.68290        2.95910
H          2.11090       -0.31090        0.70390
H          1.19300       -1.78570        1.01690
H         -0.05530        0.93080        0.39130
H         -0.94240       -0.57280        0.60890
H          0.20460       -1.57700       -1.33640
H          1.15760       -0.14120       -1.58810
H         -1.86990       -0.42010       -1.81080
H         -0.75180       -0.28330       -3.15180
H         -1.30520        1.95710       -1.11450
H         -2.11050        1.73790       -2.64030
H         -0.57240        3.33360       -3.19950
H          0.15510        1.86540       -3.81840
H          1.84320        3.26730       -2.85090
H          1.72730        1.83360       -1.85880
H          0.37680        3.10610       -0.16730
H          0.42880        4.52860       -1.21610
H          2.93250        3.12400       -0.16030
H          2.86790        4.67060       -0.99690
H          3.23940        4.91550        1.40100
H          1.77700        4.03920        1.79410
H          1.58930        6.53990        0.05590
H          1.96040        6.74400        1.75680
H         -0.45650        6.98290        1.20280
H         -0.52280        5.29180        0.73070
H          0.33090        6.27050        3.50380
H          0.07310        4.59620        3.04870
H         -1.80620        5.54600        4.35690
H         -2.04300        6.80020        3.14850
H         -2.64080        5.02220        1.44480
H         -3.73590        5.13930        2.82240
H         -4.11640        3.02020        1.51180
H         -2.48740        0.74840        2.43840
H         -4.29690       -0.17880        3.81300
H         -3.95760        1.46020        4.39430
H         -6.14040        1.15310        4.20120
H         -3.42620        0.71220        0.15390
H         -5.84680        1.19590        1.51700
H         -5.11790       -1.22400        1.82080
H         -3.39190       -1.47550        1.49960
H         -3.87130       -1.41140       -0.95030
H         -5.59060       -1.19860       -0.62630
H         -5.67210       -3.36050        0.58080
H         -3.95170       -3.59870        0.34990
H         -5.26440       -4.92350       -1.24690
H         -6.10670       -3.49360       -1.81970
H         -4.40620       -4.23970       -3.41980
H         -4.06070       -2.61540       -2.85430
H         -2.35360       -3.55280       -1.24750
H         -2.71320       -5.17750       -1.83940
H         -1.97050       -4.48500       -4.13650
H         -1.66770       -2.85120       -3.53900
H         -0.25170       -5.40800       -2.62180
H         -0.03780       -3.83830       -1.85550
H          0.54530       -4.49330       -4.79010
H          0.72820       -2.89240       -4.08100
H          2.25670       -5.39130       -3.17720
H          2.86530       -4.18130       -4.30240
H          2.61840       -2.41790       -2.51380
H          2.12320       -3.66990       -1.37380
H          4.80490       -3.58300       -2.84210
H          4.29910       -4.85840       -1.73190
H          4.56570       -1.89480       -0.99370
H          4.07540       -3.18020        0.10920
H          6.28460       -4.32590       -0.25780
H          6.77340       -3.02250       -1.34200
H          6.55340       -1.37790        0.53790
H          6.08040       -2.69700        1.62570
H          7.70410       -2.67070        0.91720

