HF BASIS=def2-svp cutoff=1.0e-9 denserms=1.0e-6  zmake GRADIENT DIPOLE CHARGE=0

C         -2.11010        2.99470       -4.55390
C         -3.24120        2.31530       -3.83060
C         -4.09240        1.42800       -4.70070
C         -3.50670        2.44950       -2.51660
C         -2.77590        3.31810       -1.52410
C         -1.69530        2.55740       -0.72510
O         -1.03400        3.42040        0.19140
S          0.12230        4.43710       -0.31870
O          0.87150        3.64200       -1.50260
O         -0.51710        5.59480       -0.90210
O          1.08780        4.57150        0.75130
C         -2.23770        1.40160        0.11510
C         -3.34350        1.75170        1.08450
C         -1.76840        0.13520        0.08200
C         -0.64240       -0.43620       -0.74250
C          0.57250       -0.69320        0.11330
C          0.89770       -1.84900        0.72600
O          1.98590       -2.03200        1.55750
C          2.72510       -0.93790        1.93280
C          2.52850        0.31050        1.34680
C          3.28520        1.41450        1.74830
C          4.24130        1.26390        2.75060
C          4.43730        0.01230        3.33710
O          5.36600       -0.12800        4.32970
C          3.69570       -1.10970        2.93610
C          3.90360       -2.46190        3.58630
C          2.85380       -2.76050        4.62580
C          2.03140       -3.82600        4.70200
C          1.99130       -4.96920        3.72490
C          1.05760       -3.96060        5.84470
C          1.50140        0.45020        0.30510
O          1.42430        1.47630       -0.36530
C          0.07120       -3.06080        0.61830
C         -0.82520       -3.43660        1.63060
O         -0.93780       -2.74570        2.80710
C         -1.64990       -4.55040        1.48540
C         -1.55520       -5.31630        0.32930
O         -2.33270       -6.42040        0.14260
C         -0.65470       -4.98310       -0.67610
C          0.15810       -3.85640       -0.53390
H         -2.50430        3.72880       -5.26370
H         -1.52350        2.25630       -5.11030
H         -1.41680        3.50970       -3.88490
H         -4.90380        0.95180       -4.14020
H         -3.48360        0.63280       -5.14280
H         -4.54470        2.01190       -5.50930
H         -4.34630        1.89700       -2.09590
H         -3.50530        3.77610       -0.84400
H         -2.32710        4.17550       -2.03500
H         -0.97230        2.17000       -1.44520
H          1.25700        2.81780       -1.10440
H         -3.57580        0.92360        1.76330
H         -3.05680        2.60600        1.70640
H         -4.26450        2.00110        0.54890
H         -2.23380       -0.59880        0.74320
H         -0.38090        0.19710       -1.59510
H         -1.00620       -1.36050       -1.20500
H          3.12450        2.39300        1.29930
H          4.81660        2.13090        3.06380
H          5.77620        0.73410        4.51040
H          4.88520       -2.50450        4.07330
H          3.95460       -3.22260        2.80170
H          2.80080       -2.01080        5.41630
H          2.58880       -4.79910        2.82750
H          0.96330       -5.14880        3.39520
H          2.35840       -5.88260        4.20450
H          1.26180       -4.87540        6.41040
H          0.03160       -4.00680        5.46570
H          1.11560       -3.11860        6.54220
H         -0.09280       -2.28770        2.97270
H         -2.34060       -4.80770        2.28130
H         -2.90880       -6.52930        0.91770
H         -0.58830       -5.59730       -1.57020
H          0.85360       -3.60280       -1.33070

