HF BASIS=def2-svp cutoff=1.0e-9 denserms=1.0e-6  zmake GRADIENT DIPOLE CHARGE=0

C         -1.11110       -4.04720        5.22430
C         -0.77080       -3.22160        3.99190
C          0.73350       -3.04540        3.77170
C          1.49190       -2.33650        4.89670
C          0.96990       -0.94720        5.27120
C          0.98080        0.04190        4.10540
C          0.54080        1.43740        4.55860
C          0.37980        2.41790        3.39790
C          1.70280        2.80130        2.72790
C          1.52720        3.84760        1.61870
C          0.83720        3.28410        0.37430
C          0.63440        4.37060       -0.68810
C         -0.06190        3.84890       -1.95090
C         -1.47020        3.38610       -1.70610
C         -1.88170        2.12060       -1.89530
C         -3.27860        1.62290       -1.62740
O         -3.69540        0.95230       -2.82620
C         -3.45270        0.68190       -0.38840
C         -3.76010        1.46560        0.89700
O         -2.73300        2.39590        1.18060
P         -3.16840        3.72120        1.99730
O         -1.97370        4.60980        2.20670
O         -4.08520        3.36790        3.13200
O         -4.06550        4.45370        0.84920
C         -5.00800        5.39030        1.33900
C         -4.36660        6.63180        1.97900
N         -3.59640        7.56960        0.98960
C         -2.19980        7.00040        0.72620
C         -4.31520        7.74110       -0.33140
C         -3.42890        8.91590        1.66660
N         -2.31300       -0.22720       -0.17000
C         -1.99120       -1.22430       -1.05130
O         -2.62200       -1.41640       -2.08760
C         -0.76820       -2.03680       -0.68080
C         -1.05050       -3.53310       -0.80410
C          0.21040       -4.39110       -0.96910
C          1.19950       -4.24870        0.19020
C          2.33750       -5.27530        0.17030
C          3.56740       -4.90350       -0.66920
C          3.31840       -4.88640       -2.17780
C          4.63070       -4.87190       -2.97300
C          4.41190       -5.01180       -4.48540
C          3.80620       -3.76170       -5.13060
C          3.45860       -3.94460       -6.61490
C          4.56740       -3.56670       -7.59990
C          5.77190       -4.48980       -7.58590
H         -0.80710       -3.53780        6.14370
H         -0.61880       -5.02470        5.19300
H         -2.19100       -4.21180        5.28010
H         -1.18760       -3.72400        3.11260
H         -1.26550       -2.24790        4.05740
H          1.18780       -4.03260        3.62750
H          0.88760       -2.50410        2.83160
H          1.48950       -2.96560        5.79490
H          2.54250       -2.24770        4.59660
H          1.59620       -0.55640        6.08150
H         -0.04130       -1.02490        5.68630
H          1.98810        0.08620        3.67890
H          0.30250       -0.30330        3.31790
H          1.25410        1.83570        5.28870
H         -0.42440        1.35680        5.07490
H         -0.09440        3.32690        3.78710
H         -0.31180        1.98930        2.66690
H          2.37450        3.21720        3.48900
H          2.19610        1.91770        2.31460
H          2.51960        4.22300        1.33550
H          0.96190        4.70480        2.00750
H          1.44190        2.46910       -0.04410
H         -0.13140        2.85750        0.64920
H          1.61090        4.78440       -0.97230
H          0.05690        5.19980       -0.26360
H          0.54390        3.05010       -2.39680
H         -0.09930        4.66020       -2.68930
H         -2.16970        4.12120       -1.31240
H         -1.17800        1.37860       -2.26790
H         -3.96560        2.46930       -1.52320
H         -3.33840        0.03640       -2.76890
H         -4.31520        0.02840       -0.58040
H         -4.72340        1.97780        0.78690
H         -3.84300        0.78290        1.74910
H         -5.67130        5.66530        0.51030
H         -5.65370        4.89800        2.07510
H         -5.17290        7.24270        2.39840
H         -3.67530        6.38580        2.79110
H         -2.29840        6.04480        0.21280
H         -1.67240        7.69690        0.06510
H         -1.66530        6.93020        1.67830
H         -5.34070        8.05990       -0.13060
H         -4.29590        6.79140       -0.87450
H         -3.79520        8.51030       -0.91410
H         -4.42100        9.34970        1.82860
H         -2.91980        8.77190        2.62510
H         -2.83440        9.56740        1.01490
H         -1.62080        0.08570        0.50840
H         -0.44610       -1.80360        0.33910
H          0.03660       -1.73250       -1.36180
H         -1.61210       -3.86480        0.07770
H         -1.70230       -3.73240       -1.66420
H          0.68440       -4.13060       -1.91710
H         -0.10350       -5.43820       -1.05450
H          1.61570       -3.23730        0.22680
H          0.63720       -4.39070        1.12260
H          2.68920       -5.39030        1.20390
H          1.95990       -6.26130       -0.13020
H          3.96030       -3.92940       -0.34840
H          4.35140       -5.64000       -0.44340
H          2.72800       -5.76540       -2.46360
H          2.74010       -3.99590       -2.43370
H          5.19050       -3.95260       -2.75860
H          5.25260       -5.71570       -2.64150
H          5.38290       -5.23150       -4.93920
H          3.77100       -5.88130       -4.67820
H          2.87480       -3.51440       -4.61090
H          4.47100       -2.90270       -4.99850
H          3.11360       -4.96680       -6.80480
H          2.60610       -3.28980       -6.83560
H          4.14340       -3.58310       -8.61160
H          4.89500       -2.53630       -7.41740
H          6.41720       -4.27460       -8.44430
H          5.46720       -5.53830       -7.64690
H          6.37230       -4.34770       -6.68130

