HF BASIS=def2-svp cutoff=1.0e-9 denserms=1.0e-6  zmake GRADIENT DIPOLE CHARGE=0

C          3.53150       -1.30720       -0.19260
C          3.07640        0.03730        0.40720
C          3.35800        1.14790       -0.61870
C          3.88140        0.29160        1.69150
N          1.63180       -0.10700        0.67510
C          0.98350        1.04660        1.33370
C         -0.53100        0.76390        1.54060
O         -0.67360       -0.52650        2.15080
C         -1.33750        0.85220        0.25650
C         -1.91570       -0.28180       -0.34180
C         -2.64750       -0.19840       -1.54240
C         -3.25340       -1.46730       -2.08590
O         -3.83760       -1.27780       -3.37500
C         -2.79130        1.06080       -2.13350
O         -3.47770        1.24580       -3.30080
C         -2.23660        2.19850       -1.55520
C         -1.51620        2.09650       -0.36580
H          4.60350       -1.29550       -0.42180
H          3.35280       -2.13620        0.50280
H          2.99970       -1.53270       -1.12490
H          4.41500        1.15170       -0.90990
H          2.76720        1.00770       -1.53140
H          3.13120        2.14210       -0.22010
H          3.67570        1.28020        2.11570
H          3.65680       -0.45970        2.45750
H          4.95880        0.24630        1.49340
H          1.15040       -0.27110       -0.21450
H          1.42420        1.17410        2.32830
H          1.12540        1.97270        0.76900
H         -0.94170        1.49080        2.25120
H          0.17090       -0.98220        1.95320
H         -1.80250       -1.25210        0.14100
H         -2.47950       -2.23630       -2.18080
H         -4.03790       -1.81820       -1.40740
H         -4.18600       -2.14870       -3.63960
H         -3.75880        0.35220       -3.59830
H         -2.37030        3.16500       -2.03340
H         -1.09820        3.00010        0.07180

