HF BASIS=def2-svp cutoff=1.0e-9 denserms=1.0e-6  zmake GRADIENT DIPOLE CHARGE=0

C         -0.51630        3.46870        1.37190
C         -0.44260        1.94220        1.32100
C         -1.84980        1.34150        1.17190
C         -1.79560       -0.18950        1.12530
C         -0.88850       -0.74780        0.01110
C         -1.55560       -0.64120       -1.34490
C         -1.92700       -1.65330       -2.15270
C         -1.79250       -3.12390       -1.90780
C         -2.55020       -1.27840       -3.45540
O         -2.93590       -2.11030       -4.26820
C          0.43540       -0.03250       -0.00370
C          1.66860       -0.53270       -0.18780
C          2.08010       -1.93990       -0.44890
C          2.70830        0.54750       -0.16210
C          1.95820        1.73420        0.43780
C          0.46990        1.46410        0.17870
H         -1.16540        3.79780        2.19030
H         -0.91650        3.87830        0.43820
H          0.47330        3.90630        1.53760
H         -0.03370        1.59570        2.28060
H         -2.47460        1.64860        2.01950
H         -2.33500        1.72830        0.26750
H         -2.81360       -0.58540        1.02050
H         -1.42480       -0.55050        2.09460
H         -0.71660       -1.79820        0.26140
H         -1.72790        0.38270       -1.67630
H         -2.76990       -3.61280       -1.98140
H         -1.39080       -3.36450       -0.92160
H         -1.12560       -3.57210       -2.65190
H         -2.64850       -0.19780       -3.65290
H          2.62220       -2.00480       -1.39780
H          2.73850       -2.29540        0.35000
H          1.22830       -2.62220       -0.50900
H          3.56870        0.27920        0.45870
H          3.05590        0.76590       -1.17750
H          2.28410        2.68220       -0.00360
H          2.16960        1.79100        1.51370
H          0.16680        1.93590       -0.76600

