HF BASIS=def2-svp cutoff=1.0e-9 denserms=1.0e-6  zmake GRADIENT DIPOLE CHARGE=0

C          4.13460        0.79550       -4.22720
C          3.17830       -0.33050       -3.85380
C          3.33590       -0.77650       -2.41220
C          4.63210       -1.47390       -2.09700
C          2.33110       -0.56310       -1.53780
C          2.32370       -0.90690       -0.09510
O          3.28080       -1.23970        0.58050
O          1.04800       -0.76580        0.34160
C          0.80390       -1.10990        1.71130
C          1.13110        0.07080        2.63650
C          0.25070        1.31320        2.35560
C          0.67410        2.55620        3.20030
C          2.09320        3.02690        2.85420
C          0.55650        2.36100        4.71290
C         -1.25440        0.93320        2.52000
C         -1.65330       -0.31540        1.69530
C         -1.87950        0.21230        0.26280
O         -2.71710       -0.67880       -0.46370
C         -2.31270       -0.95780       -1.72720
O         -1.31250       -0.52210       -2.27490
C         -3.26360       -1.92830       -2.34640
C         -3.98110       -2.86640       -1.41950
C         -3.42000       -1.99840       -3.68340
C         -2.79320       -1.11570       -4.71710
C         -2.55390        1.53770        0.56560
O         -3.27860        2.15320       -0.20030
C         -2.21040        1.97190        1.96530
C         -2.74500        2.99580        2.64760
C         -3.71590        4.02100        2.15860
C         -0.66380       -1.45830        1.81240
C         -1.07350       -2.72000        2.03550
H          5.17820        0.46510       -4.18390
H          4.01700        1.65440       -3.55790
H          3.93570        1.13190       -5.24980
H          2.15190        0.00910       -4.04380
H          3.33920       -1.18780       -4.51920
H          4.58630       -2.08750       -1.19520
H          4.90190       -2.15490       -2.91230
H          5.43950       -0.74490       -1.97940
H          1.41520       -0.08650       -1.88200
H          1.41540       -1.97670        1.99630
H          2.18590        0.33210        2.50480
H          1.00210       -0.24910        3.67760
H          0.41480        1.59850        1.30600
H          0.01470        3.38780        2.92640
H          2.30300        3.99220        3.32950
H          2.85710        2.32190        3.19590
H          2.20580        3.16290        1.77260
H          0.84290        3.27800        5.24130
H          1.20820        1.55990        5.07270
H         -0.46810        2.12220        5.01300
H         -1.47500        0.73110        3.57500
H         -2.62410       -0.67330        2.07670
H         -0.94160        0.44500       -0.24800
H         -4.51640       -3.65180       -1.96440
H         -4.71780       -2.32590       -0.81490
H         -3.27170       -3.36200       -0.74670
H         -4.08690       -2.75740       -4.08980
H         -2.64590       -0.09230       -4.36050
H         -1.83520       -1.53300       -5.04460
H         -3.45090       -1.05350       -5.59250
H         -2.44800        3.12820        3.68720
H         -4.72150        3.78970        2.51900
H         -3.43470        5.00120        2.55980
H         -3.74070        4.12300        1.07090
H         -0.36410       -3.53940        2.12390
H         -2.12680       -2.97490        2.11820

