HF BASIS=def2-svp cutoff=1.0e-9 denserms=1.0e-6  zmake GRADIENT DIPOLE CHARGE=0

C          4.50920        4.68070       -1.56510
O          4.27780        4.02520       -0.32450
C          3.24600        3.12950       -0.28150
C          2.39750        2.80170       -1.33700
C          1.37530        1.86110       -1.15290
C          1.17920        1.23800        0.08810
C          2.04430        1.56760        1.13970
C          3.06430        2.50660        0.95420
C          0.10120        0.24340        0.25330
C         -0.67120        0.21580        1.34830
C         -1.73370       -0.79390        1.44450
O         -2.46180       -0.86160        2.42920
C         -1.89340       -1.72300        0.31570
C         -1.02530       -1.57700       -0.76700
O         -0.04500       -0.61830       -0.82160
C         -1.13130       -2.42600       -1.86180
C         -2.10990       -3.41250       -1.85470
O         -2.19030       -4.23410       -2.94910
C         -2.99890       -3.58560       -0.77960
O         -3.88270       -4.61630       -0.97970
C         -4.82920       -4.90040        0.04190
C         -2.88520       -2.72540        0.31930
O         -3.73310       -2.85660        1.39020
H          5.36060        5.35520       -1.43300
H          4.77220        3.96200       -2.34830
H          3.64600        5.28740       -1.85790
H          2.50060        3.25540       -2.31710
H          0.72670        1.62430       -1.99450
H          1.94920        1.09190        2.11300
H          3.72740        2.75060        1.78100
H         -0.57340        0.90370        2.17800
H         -0.46320       -2.32660       -2.71200
H         -2.92570       -4.84820       -2.75130
H         -4.33450       -5.20690        0.96880
H         -5.43200       -5.74910       -0.29710
H         -5.51370       -4.06020        0.19430
H         -3.51050       -2.17330        2.06300

