HF BASIS=def2-svp cutoff=1.0e-9 denserms=1.0e-6  zmake GRADIENT DIPOLE CHARGE=0

C          0.38930        0.68070       -0.47320
C         -0.70380        1.46110       -0.46840
C         -0.95680        2.52100       -1.45660
C         -1.59960        3.69840       -1.03190
C         -1.87430        4.70940       -1.95010
O         -2.48830        5.87540       -1.58460
C         -1.52590        4.55450       -3.28550
O         -1.79240        5.54170       -4.19500
C         -0.90640        3.38980       -3.71360
O         -0.57350        3.23590       -5.02850
C         -0.62400        2.36960       -2.81320
C          0.63170       -0.37660        0.51640
C          0.39340       -0.18800        1.88010
C          0.65010       -1.21910        2.78940
O          0.40370       -0.94000        4.11060
S         -0.74030       -1.78290        4.91560
O          0.11610       -2.94880        5.63120
O         -1.62870       -2.43740        3.97790
O         -1.26400       -0.93200        5.96270
C          1.19510       -2.44070        2.36820
O          1.45230       -3.37050        3.34480
C          2.10700       -4.56930        2.92850
C          1.44330       -2.62170        1.00600
C          1.16700       -1.59680        0.09060
H          1.15620        0.79360       -1.23610
H         -1.47000        1.33880        0.29410
H         -1.87110        3.81680        0.01310
H         -2.67080        5.83780       -0.62930
H         -2.22530        6.24300       -3.66590
H         -0.86980        4.06560       -5.45490
H         -0.15690        1.46090       -3.18140
H          0.00990        0.76090        2.24710
H          0.66050       -3.37150        4.93150
H          1.47050       -5.14820        2.25160
H          2.28240       -5.17730        3.82120
H          3.08060       -4.35230        2.47680
H          1.85320       -3.54590        0.61120
H          1.36930       -1.76650       -0.96570

