HF BASIS=def2-svp cutoff=1.0e-9 denserms=1.0e-6  zmake GRADIENT DIPOLE CHARGE=0

C          3.61910       -5.63220        2.23190
O          2.44660       -4.84830        2.46840
C          1.79580       -4.46370        1.34240
O          2.13140       -4.74880        0.20260
C          0.62380       -3.60430        1.65930
C          0.14700       -3.49560        2.90880
O         -0.93490       -2.74310        3.29410
C         -1.52530       -1.89260        2.29550
O         -0.87600       -0.62140        2.25490
C         -1.37310        0.25290        3.26730
O         -2.66510        0.75770        2.89810
C         -2.62730        1.49980        1.65550
C         -4.06920        1.93170        1.33720
O         -4.93610        0.79250        1.36430
C         -1.68430        2.71370        1.76230
O         -1.57580        3.39550        0.50860
C         -0.28950        2.27570        2.22740
O          0.47340        3.46510        2.51570
C         -0.39990        1.43210        3.49710
O          0.90020        0.98970        3.91890
C         -1.46490       -2.51320        0.91240
C         -2.59190       -2.75100        0.19850
C         -2.72000       -3.47100       -1.11730
O         -4.06940       -3.97460       -1.21560
C         -4.65730       -3.83450       -2.43760
C         -6.03980       -4.42130       -2.41320
O         -4.13870       -3.32290       -3.42580
C         -0.04840       -2.90640        0.49360
C          0.83930       -1.73160        0.01960
C          0.26300       -0.95750       -1.14460
O         -0.56580       -1.39060       -1.93900
O          0.85080        0.27010       -1.23080
C          0.40810        1.06100       -2.35090
C          1.50880        2.04310       -2.74620
C          1.53190        3.29250       -1.89910
C          2.25680        3.31480       -0.70080
C          2.26240        4.47250        0.06320
O          2.91720        4.47000        1.26180
C          1.57860        5.61340       -0.34690
O          1.63890        6.71510        0.45860
C          0.85150        5.60610       -1.52860
C          0.82730        4.44290       -2.30040
H          4.07230       -5.86900        3.20140
H          3.36040       -6.56790        1.72280
H          4.34470       -5.06570        1.63620
H          0.55910       -4.01100        3.76980
H         -2.57320       -1.76730        2.58980
H         -1.47160       -0.29520        4.21180
H         -2.30290        0.82250        0.85140
H         -4.14560        2.40910        0.34750
H         -4.43320        2.63240        2.09630
H         -4.66270        0.27820        2.15150
H         -2.08410        3.44130        2.48400
H         -0.79480        3.98320        0.58580
H          0.24930        1.74490        1.43030
H          1.39900        3.30480        2.22420
H         -0.79380        2.05490        4.31030
H          1.46770        1.77490        3.92070
H         -3.54370       -2.40490        0.59700
H         -2.46880       -2.79080       -1.94200
H         -2.06100       -4.35300       -1.14740
H         -6.54360       -4.15450       -1.47710
H         -5.98720       -5.51420       -2.52940
H         -6.62710       -3.99130       -3.23850
H         -0.12210       -3.62390       -0.33100
H          1.04430       -1.03180        0.84130
H          1.81190       -2.11460       -0.32530
H         -0.51650        1.58130       -2.07450
H          0.20410        0.41360       -3.21400
H          2.49040        1.55910       -2.68340
H          1.37030        2.33010       -3.78940
H          2.80360        2.44500       -0.35870
H          2.82400        5.38760        1.59600
H          1.12240        7.43220        0.04330
H          0.30490        6.48370       -1.86230
H          0.24940        4.43990       -3.22260

