HF BASIS=def2-svp cutoff=1.0e-9 denserms=1.0e-6  zmake GRADIENT DIPOLE CHARGE=0

O         -5.30770        4.55000        0.27120
C         -4.73830        4.53950       -1.02810
C         -3.30350        5.08020       -1.02280
O         -2.97460        5.54480       -2.33720
C         -2.20910        4.07000       -0.60360
O         -2.33350        2.86720       -1.37710
S         -1.15390        2.45330       -2.41410
O          0.19340        2.68480       -1.56500
O         -1.13340        3.37560       -3.52260
O         -1.25240        1.02180       -2.63250
C         -2.27580        3.70950        0.90160
O         -3.44590        2.93050        1.17640
C         -1.05170        2.94010        1.34570
C          0.10170        3.52520        1.68930
C          1.28660        2.69810        1.87800
C          1.18570        1.29590        1.79040
C         -0.18510        0.70910        1.73570
O         -0.39740       -0.47070        1.97650
O         -1.20550        1.53740        1.35680
C          2.34710        0.46760        1.73340
C          3.58820        1.10840        1.89790
O          4.77150        0.41730        1.93310
C          3.68220        2.48900        2.03360
O          4.90470        3.09000        2.16400
C          2.54700        3.28190        2.01610
O          2.68850        4.63850        2.10970
C          2.30230       -0.99060        1.42060
C          2.75080       -1.93430        2.35200
O          3.34180       -1.52660        3.52620
C          2.58270       -3.29980        2.14120
O          2.89850       -4.14890        3.17190
C          2.04050       -3.78190        0.95280
O          1.84710       -5.12930        0.83410
C          1.64950       -2.90250       -0.06290
C          1.75600       -1.51350        0.21370
C          1.14690       -0.61320       -0.80400
O          1.52760        0.51700       -1.07770
O         -0.05100       -1.10960       -1.26860
C          0.09780       -2.36540       -1.86280
C          1.02040       -3.28970       -1.34400
C          1.23990       -4.45090       -2.11420
C          0.45650       -4.72470       -3.25480
C         -0.49210       -3.80790       -3.67820
O         -1.22070       -4.06740       -4.79980
C         -0.65920       -2.61220       -3.00450
O         -1.53080       -1.69180       -3.52170
C          2.35550       -5.39020       -1.88550
O          3.51750       -4.73450       -1.70680
O          2.30950       -6.60250       -1.97310
H         -4.88960        3.81860        0.77780
H         -5.36870        5.17980       -1.65320
H         -4.80250        3.53490       -1.45570
H         -3.24330        5.94760       -0.35480
H         -3.60250        6.25240       -2.56880
H         -1.24300        4.54860       -0.80880
H          0.76640        1.87380       -1.62160
H         -2.35980        4.62830        1.49430
H         -3.21660        2.00860        0.94400
H          0.21750        4.60370        1.69770
H          4.64780       -0.30340        2.59380
H          5.55050        2.36010        2.04960
H          3.65470        4.78920        2.17620
H          3.40760       -2.34220        4.07150
H          2.27360       -4.89570        3.12540
H          2.66330       -5.57540        1.12940
H          0.61600       -5.63210       -3.83270
H         -1.83110       -3.30650       -4.88700
H         -1.41350       -0.83870       -3.04020
H          4.19540       -5.43550       -1.77500

