HF BASIS=def2-svp cutoff=1.0e-9 denserms=1.0e-6  zmake GRADIENT DIPOLE CHARGE=0

C         -0.08450        2.97020        7.51870
O          0.48360        1.87550        6.80950
C          0.27320        1.84430        5.45900
C         -0.44690        2.77430        4.71690
C         -0.58150        2.61720        3.33330
O         -1.31250        3.58860        2.70400
C         -0.00740        1.53690        2.64310
C          0.71020        0.60410        3.41770
C          0.84910        0.75920        4.80160
C         -0.15040        1.32110        1.13500
O         -0.75510        2.49560        0.53650
C          1.20480        1.09740        0.44010
O          1.04770        1.00220       -0.98420
C          0.15500        0.04080       -1.39640
C         -0.88590       -0.40490       -0.56680
C         -1.06400        0.11780        0.83770
C         -1.77750       -1.37130       -1.04960
C         -1.64460       -1.86590       -2.34570
C         -0.62380       -1.40150       -3.17570
C          0.28190       -0.44310       -2.71280
C          1.33680        0.01870       -3.60830
C          1.38630       -0.48240       -4.84530
C          0.40580       -1.50570       -5.36600
C         -0.35320       -0.91810       -6.56160
C          1.17030       -2.76000       -5.80580
O         -0.59320       -1.95030       -4.42660
H          0.17350        2.85310        8.57560
H         -1.17680        2.96710        7.44050
H          0.33480        3.92240        7.17730
H         -0.91900        3.63560        5.17670
H         -1.26620        3.39760        1.74090
H          1.16810       -0.27130        2.96170
H          1.40930        0.02240        5.37310
H         -0.63230        2.39640       -0.43020
H          1.86230        1.95690        0.61670
H          1.73280        0.20420        0.79560
H         -2.11340        0.40720        0.98050
H         -0.85000       -0.71700        1.51690
H         -2.58580       -1.74020       -0.42130
H         -2.34220       -2.61320       -2.71570
H          2.05410        0.75360       -3.26150
H          2.16600       -0.14240       -5.52200
H         -1.06680       -1.64520       -6.96670
H         -0.94290       -0.04450       -6.25860
H          0.32280       -0.61350       -7.36810
H          1.68580       -3.22130       -4.95470
H          0.48290       -3.51920       -6.19720
H          1.91410       -2.53820       -6.57900

