HF BASIS=def2-svp cutoff=1.0e-9 denserms=1.0e-6  zmake GRADIENT DIPOLE CHARGE=0

C         -4.39170       -5.06250       -0.77600
O         -3.09200       -5.33050       -1.28950
C         -2.11170       -4.42170       -0.99240
C         -2.26270       -3.29050       -0.18820
C         -1.16120       -2.47840       -0.00260
C          0.06340       -2.74470       -0.59500
C          0.23540       -3.85980       -1.39030
C         -0.86410       -4.70120       -1.58170
C          1.01280       -1.65630       -0.25920
C          1.21410       -0.67200       -1.39950
O          1.92490        0.48320       -0.94910
C          1.24940        1.16200        0.03700
C          0.40850        0.50370        0.94390
C         -0.22900        1.25050        1.94570
C         -0.03320        2.63000        2.03680
C          0.79460        3.28180        1.12370
O          0.93120        4.63540        1.29210
C          0.54250        5.36260        0.12540
C          1.46910        2.54270        0.14660
O          2.31570        3.15490       -0.74370
C          3.61660        3.27340       -0.16570
C          0.23610       -0.99160        0.88800
O         -1.17160       -1.33010        0.74820
H         -4.77300       -4.10200       -1.14210
H         -5.06330       -5.84710       -1.13880
H         -4.39680       -5.09910        0.31910
H         -3.19640       -3.02770        0.29140
H          1.18530       -4.07920       -1.86560
H         -0.76090       -5.58200       -2.21370
H          1.97680       -2.02500        0.10940
H          1.81420       -1.13640       -2.19140
H          0.27100       -0.35970       -1.87230
H         -0.88490        0.75680        2.65980
H         -0.53500        3.19990        2.81360
H          0.22950        6.36030        0.44790
H          1.39190        5.49150       -0.54890
H         -0.30640        4.90030       -0.39000
H          3.60840        3.96880        0.68300
H          4.28620        3.68130       -0.93060
H          4.01010        2.29740        0.14260
H          0.57040       -1.41570        1.84630

