HF BASIS=def2-svp cutoff=1.0e-9 denserms=1.0e-6  zmake GRADIENT DIPOLE CHARGE=0

C         -1.85350        3.12900       -9.33250
N         -0.61680        3.45560      -10.12030
C         -1.56060        2.67130       -7.88360
O         -0.53840        1.67140       -7.85690
P          0.97870        2.19330       -7.93640
O          1.47140        1.51240       -9.31050
O          1.19190        3.67060       -7.90450
O          1.76770        1.36250       -6.81310
C          1.52350       -0.03620       -6.66130
C          0.42070       -0.25940       -5.61540
C          0.01380       -1.72350       -5.48390
O          1.16980       -2.55370       -5.28590
C          0.85640       -3.84010       -4.97030
O         -0.28300       -4.29020       -4.89740
C          2.09710       -4.66020       -4.73580
C          3.01530       -4.12730       -3.63940
C          2.40140       -4.12040       -2.23540
C          1.68610       -2.79950       -1.91520
C          1.25910       -2.69380       -0.44720
C          2.41740       -2.68480        0.51540
C          3.04200       -1.61890        1.03940
C          2.74810       -0.16750        0.80890
C          3.92760        0.52830        0.19210
C          4.88910        1.22700        0.82380
C          5.03410        1.44490        2.29890
C          5.10120        2.91010        2.64170
C          4.09260        3.70370        3.04850
C          2.64440        3.32240        3.19660
C          1.84110        3.86620        2.04750
C          0.73650        4.63070        2.08050
C          0.03610        5.16330        3.29410
C         -1.30450        4.44280        3.50030
C         -2.04510        4.99300        4.71730
C         -3.43120        4.37880        4.91240
C         -3.39700        2.88120        5.19020
O          0.92500        0.20200       -4.33890
C          0.42750        1.38760       -3.88840
O         -0.46360        2.03010       -4.42740
C          1.14630        1.80730       -2.63220
C          0.19830        2.41700       -1.60430
C         -0.76830        1.38140       -1.02430
C         -1.59320        1.96950        0.12320
C         -2.59740        0.97430        0.73270
C         -1.92060       -0.20370        1.44370
C         -2.90770       -1.19390        2.07970
C         -3.69430       -0.61270        3.22230
C         -3.46340       -0.80420        4.53350
C         -2.32030       -1.56700        5.15170
C         -2.76230       -2.92240        5.62290
C         -2.30110       -4.12150        5.22970
C         -1.21980       -4.40130        4.22220
C         -0.04560       -5.07370        4.88040
C          0.39100       -6.33640        4.71580
C         -0.24150       -7.41580        3.88140
C          0.59260       -7.71230        2.63550
C         -2.81800        4.31780       -9.25780
O         -2.55330        5.30040      -10.14900
O         -3.77820        4.42230       -8.50730
H         -2.35610        2.31840       -9.87370
H         -0.10220        4.17730       -9.57430
H         -0.94210        3.96280      -10.95900
H         -2.46600        2.22430       -7.45310
H         -1.28130        3.51430       -7.23300
H          1.08920        2.03060      -10.05090
H          1.25740       -0.48310       -7.62280
H          2.47040       -0.47970       -6.32950
H         -0.48270        0.29410       -5.88570
H         -0.66150       -1.82640       -4.62590
H         -0.49870       -2.04300       -6.39850
H          1.78300       -5.68230       -4.48650
H          2.63710       -4.72020       -5.68870
H          3.38760       -3.13100       -3.90450
H          3.89890       -4.78820       -3.61400
H          1.72060       -4.96510       -2.11010
H          3.21490       -4.25290       -1.52020
H          0.78350       -2.72030       -2.52970
H          2.32400       -1.94350       -2.17860
H          0.60430       -3.53370       -0.19170
H          0.65220       -1.79690       -0.31910
H          2.76340       -3.66820        0.82340
H          3.86180       -1.80520        1.72910
H          2.47060        0.29360        1.76580
H          1.88980       -0.02350        0.15370
H          3.98830        0.45670       -0.89130
H          5.67770        1.66410        0.20610
H          4.25490        0.94140        2.88340
H          5.97690        0.99030        2.62150
H          6.08400        3.36690        2.55310
H          4.30960        4.75160        3.25250
H          2.51290        2.24040        3.22050
H          2.28690        3.69710        4.16400
H          2.20050        3.56280        1.06180
H          0.28030        4.89550        1.11840
H         -0.13320        6.23440        3.14670
H          0.65330        5.07330        4.19530
H         -1.11320        3.37000        3.62670
H         -1.92600        4.55150        2.60520
H         -2.16200        6.07640        4.61730
H         -1.44210        4.82230        5.61810
H         -3.91610        4.87470        5.75910
H         -4.05590        4.56780        4.03730
H         -3.02340        2.32470        4.32540
H         -2.75240        2.65360        6.04560
H         -4.39760        2.51640        5.41210
H          1.65510        0.94780       -2.19040
H          1.90480        2.53930       -2.92140
H          0.80090        2.84040       -0.78850
H         -0.37010        3.24320       -2.04200
H         -1.44780        1.01260       -1.80350
H         -0.19120        0.52240       -0.66530
H         -2.15800        2.83360       -0.24460
H         -0.92950        2.33000        0.91600
H         -3.26230        0.59850       -0.05010
H         -3.22290        1.52650        1.44350
H         -1.23810        0.16900        2.21920
H         -1.31640       -0.76930        0.73110
H         -3.61690       -1.55450        1.32500
H         -2.35790       -2.08250        2.40290
H         -4.55730       -0.00860        2.94360
H         -4.14390       -0.32790        5.24360
H         -1.47110       -1.62280        4.47040
H         -1.96200       -1.00990        6.02540
H         -3.54740       -2.92140        6.37560
H         -2.74760       -5.00980        5.68090
H         -1.63760       -5.02330        3.42380
H         -0.85280       -3.49540        3.73490
H          0.52600       -4.43230        5.55450
H          1.27690       -6.64750        5.28550
H         -1.26010       -7.15160        3.57990
H         -0.32040       -8.32830        4.49390
H          1.60320       -8.03570        2.90550
H          0.12000       -8.51070        2.05530
H          0.67500       -6.82120        1.99770
H         -3.24350        5.97540       -9.97950

