HF BASIS=def2-svp cutoff=1.0e-9 denserms=1.0e-6  zmake GRADIENT DIPOLE CHARGE=0

C          0.97440       -0.47620       -0.06750
C          2.08890       -0.92210       -0.66740
C          3.30350       -0.11570       -0.84360
C          3.25930        1.24750       -1.16660
C          4.44050        1.97080       -1.35040
C          5.66730        1.33210       -1.22300
O          6.79360        2.07620       -1.41090
C          5.73500       -0.02270       -0.91920
C          4.55210       -0.74500       -0.73600
C         -0.18990       -1.39120        0.08790
O         -0.10420       -2.59320       -0.14320
C         -1.47280       -0.81700        0.57670
C         -1.84190        0.51190        0.34650
C         -3.06610        0.98810        0.82720
C         -3.93660        0.14980        1.52930
O         -5.09550        0.74710        1.94030
C         -6.02330       -0.06710        2.64700
C         -3.57670       -1.18010        1.74450
C         -2.35260       -1.66190        1.26580
H          0.90770        0.52190        0.34450
H          2.14060       -1.94600       -1.03560
H          2.31020        1.76120       -1.29290
H          4.40210        3.02760       -1.59900
H          7.56770        1.50050       -1.29800
H          6.68800       -0.53280       -0.82290
H          4.61330       -1.80550       -0.49950
H         -1.21140        1.18910       -0.22160
H         -3.35040        2.02240        0.64520
H         -6.88840        0.55390        2.89920
H         -6.37770       -0.89440        2.02320
H         -5.59220       -0.43410        3.58430
H         -4.22240       -1.87120        2.27610
H         -2.08660       -2.70430        1.43490

