HF BASIS=def2-svp cutoff=1.0e-9 denserms=1.0e-6  zmake GRADIENT DIPOLE CHARGE=0

C          5.93740       -1.41850        2.67110
C          6.97340       -0.44000        2.13200
C          6.54980        0.23120        0.82340
C          5.36680        1.18530        0.99180
C          4.98040        1.83370       -0.33750
C          3.75950        2.74320       -0.18110
C          3.26710        3.24320       -1.54250
C          2.05380        4.16080       -1.39190
C          1.49300        4.65930       -2.72900
C          0.99780        3.57120       -3.68750
C         -0.13250        2.72480       -3.10260
C         -0.60880        1.66500       -4.09530
C         -1.72020        0.80760       -3.49060
C         -2.19370       -0.26440       -4.46970
C         -3.28430       -1.10620       -3.87260
C         -3.17160       -2.40450       -3.57240
O         -2.00760       -3.10700       -3.72030
C         -2.17040       -4.21930       -4.60920
C         -1.57490       -5.51210       -4.02800
C         -2.46820       -6.13390       -2.94760
O         -2.64340       -5.25400       -1.85400
P         -3.69920       -5.70450       -0.72160
O         -3.80010       -7.20100       -0.63410
O         -4.91530       -4.82190       -0.80000
O         -2.85990       -5.20160        0.57410
C         -3.43250       -5.52130        1.82280
C         -4.60110       -4.60590        2.21550
N         -4.28190       -3.08040        2.24950
C         -5.37350       -2.38710        3.04060
C         -2.93340       -2.79120        2.86600
C         -4.31340       -2.51750        0.81920
O         -0.26380       -5.29780       -3.45470
C          0.76060       -5.07380       -4.31940
O          0.66360       -5.05150       -5.53770
C          2.03860       -4.90890       -3.52750
C          3.24870       -4.55670       -4.39040
C          3.30980       -3.10270       -4.88540
C          3.64500       -2.08850       -3.78160
C          2.41390       -1.43950       -3.13770
C          2.53790       -1.38870       -1.61070
C          1.36270       -0.63490       -0.99390
C          1.31470       -0.79410        0.52720
C          0.20480        0.03910        1.18700
C         -1.15560       -0.24630        0.60760
C         -2.10190        0.64440        0.26430
C         -2.07100        2.13870        0.42970
C         -3.24800        2.65790        1.26350
C         -3.30580        2.13870        2.70520
C         -2.10680        2.57420        3.54860
C         -2.23170        2.08580        4.99310
C         -1.01000        2.49610        5.81910
C         -1.09780        2.08590        7.29030
C         -1.15440        0.58190        7.50420
H          6.33510       -1.93630        3.54940
H          5.01850       -0.90960        2.97690
H          5.67970       -2.17260        1.92260
H          7.18860        0.31890        2.89370
H          7.90790       -0.98530        1.95220
H          6.30440       -0.53980        0.08200
H          7.40760        0.79180        0.42760
H          4.50310        0.63840        1.38680
H          5.61610        1.96410        1.72360
H          4.77060        1.05060       -1.07500
H          5.82370        2.41720       -0.72100
H          2.94970        2.19460        0.31410
H          4.01730        3.59470        0.46080
H          4.07380        3.78110       -2.05280
H          3.01280        2.37560       -2.16090
H          1.27140        3.64580       -0.82180
H          2.34200        5.03420       -0.79050
H          0.66720        5.35120       -2.52340
H          2.26640        5.24430       -3.24410
H          1.83540        2.93060       -3.98480
H          0.64170        4.05450       -4.60620
H          0.19930        2.22810       -2.18670
H         -0.97270        3.37480       -2.82950
H         -0.97100        2.15040       -5.00980
H          0.23440        1.02320       -4.37770
H         -1.34800        0.32880       -2.57730
H         -2.56320        1.44610       -3.20060
H         -2.57990        0.20810       -5.38020
H         -1.34060       -0.88220       -4.77630
H         -4.24180       -0.61950       -3.70350
H         -3.97590       -2.99660       -3.15100
H         -3.21920       -4.38810       -4.89900
H         -1.63720       -3.94750       -5.52820
H         -1.48890       -6.25300       -4.83270
H         -1.99360       -7.04670       -2.57460
H         -3.44590       -6.39200       -3.36880
H         -2.63520       -5.47400        2.57170
H         -3.77510       -6.56310        1.82170
H         -5.47380       -4.73540        1.57050
H         -4.90730       -4.87560        3.23500
H         -5.19450       -1.30730        3.02270
H         -6.33690       -2.61640        2.57900
H         -5.34830       -2.75540        4.07150
H         -2.81410       -1.70750        2.95920
H         -2.14150       -3.18650        2.22660
H         -2.90300       -3.25370        3.85510
H         -4.20230       -1.43050        0.89640
H         -3.47870       -2.91950        0.24510
H         -5.28940       -2.73710        0.38240
H          2.22790       -5.87200       -3.03640
H          1.88520       -4.16160       -2.74530
H          4.16040       -4.76690       -3.81280
H          3.27770       -5.22460       -5.26290
H          2.39460       -2.82250       -5.41790
H          4.12510       -3.05990       -5.62490
H          4.23630       -1.27890       -4.23710
H          4.30120       -2.54820       -3.03310
H          2.30380       -0.41790       -3.52580
H          1.49910       -1.97630       -3.40990
H          3.47670       -0.90440       -1.32500
H          2.57290       -2.41160       -1.21680
H          0.43060       -1.01070       -1.43300
H          1.43590        0.42740       -1.24920
H          1.17000       -1.85360        0.77030
H          2.27870       -0.49800        0.95850
H          0.18200       -0.19410        2.25810
H          0.47010        1.09720        1.09360
H         -1.35560       -1.29600        0.39330
H         -2.99710        0.26310       -0.22330
H         -2.13080        2.59130       -0.56560
H         -1.12880        2.48730        0.85920
H         -3.21280        3.75420        1.28010
H         -4.18830        2.39390        0.76420
H         -3.38550        1.04470        2.71050
H         -4.22540        2.51760        3.16780
H         -2.02470        3.66640        3.53730
H         -1.18150        2.17480        3.11690
H         -2.33460        0.99370        4.99300
H         -3.13590        2.50220        5.44700
H         -0.10460        2.06350        5.37450
H         -0.89530        3.58660        5.77050
H         -0.21750        2.48500        7.81070
H         -1.97410        2.54790        7.75710
H         -2.11470        0.17520        7.17690
H         -1.03840        0.34610        8.56760
H         -0.35620        0.07160        6.96080

