HF BASIS=def2-svp cutoff=1.0e-9 denserms=1.0e-6  zmake GRADIENT DIPOLE CHARGE=0

C          3.20240       -0.80290       -0.13500
O          2.22370       -1.80370       -0.37150
C          0.87980       -1.34310       -0.53260
C          0.14350       -2.42170       -1.30440
N         -1.20960       -2.27660       -1.87220
C         -0.05150       -1.92900       -2.69600
C          0.44070       -0.51140       -2.79060
N          0.82640       -0.14900       -1.41970
C          0.24290        0.90840       -0.72920
C         -0.05110        0.58640        0.53030
C          0.24610       -0.86890        0.82260
C         -1.00800       -1.65620        1.22700
O         -1.43210       -1.32360        2.56080
C         -0.72960       -1.89450        3.56150
N         -1.14260       -1.39680        4.74750
O          0.17290       -2.70630        3.43920
C         -0.53960        1.58610        1.47500
O         -0.61440        1.36810        2.68160
C         -0.90940        2.94720        0.91990
N         -1.48800        3.81120        1.84560
C         -0.64690        3.25160       -0.36680
C         -0.97730        4.56440       -1.01740
C          0.00140        2.26270       -1.28360
O          0.31030        2.55970       -2.43310
H          2.94510       -0.17420        0.72130
H          3.35650       -0.18870       -1.02700
H          4.14810       -1.30540        0.08790
H          0.50160       -3.42570       -1.12510
H         -1.58130       -3.18790       -2.14860
H          0.18440       -2.55390       -3.54370
H         -0.34160        0.13570       -3.20050
H          1.32160       -0.45740       -3.43820
H          0.98770       -0.91180        1.62840
H         -0.84560       -2.73900        1.16530
H         -1.85620       -1.41490        0.57800
H         -0.54010       -1.56390        5.53880
H         -1.64580       -0.52130        4.69910
H         -1.19280        4.77750        1.74210
H         -1.33340        3.46600        2.79840
H         -1.59340        4.40490       -1.90920
H         -1.53710        5.23790       -0.36240
H         -0.05970        5.08170       -1.31700

