HF BASIS=def2-svp cutoff=1.0e-9 denserms=1.0e-6  zmake GRADIENT DIPOLE CHARGE=0

O          1.94620       -2.13280       -5.43110
C          1.12670       -2.71990       -4.41710
C          0.53570       -1.63070       -3.51490
O          1.64720       -0.92640       -2.92520
C          1.23270        0.07780       -1.98390
O          0.52560       -0.52930       -0.89140
C          1.25400       -0.88700        0.18500
O          2.43580       -0.65860        0.37370
C          0.38920       -1.62700        1.14530
C         -0.95300       -1.94080        0.85400
C         -1.71710       -2.62280        1.79530
O         -3.03810       -2.90650        1.58590
C         -1.15500       -3.01080        3.00510
O         -1.89790       -3.68700        3.93290
C          0.16930       -2.70600        3.29100
O          0.71470       -3.07990        4.48440
C          0.94890       -2.01570        2.37240
C          0.32570        1.12430       -2.66910
O         -0.18710        2.10210       -1.73340
C          0.68430        3.08340       -1.40910
O          1.83770        3.16530       -1.80430
C          0.08020        4.14210       -0.57730
C         -0.98910        4.10390        0.23180
C         -1.82930        2.94870        0.53650
C         -2.96470        2.66930       -0.23130
C         -3.77190        1.57490        0.08710
C         -3.44990        0.77670        1.17870
O         -4.25620       -0.28890        1.44990
C         -2.33250        1.05270        1.96050
C         -1.51490        2.13530        1.63130
C         -0.87530        0.44810       -3.35440
O         -1.79670       -0.09570       -2.39820
C         -0.38210       -0.65890       -4.29180
O          0.29610       -0.03370       -5.38820
H          2.66020       -1.67120       -4.94370
H          1.75820       -3.40280       -3.83910
H          0.33730       -3.29960       -4.90540
H         -0.03240       -2.13060       -2.72090
H          2.13520        0.57960       -1.61980
H         -1.39800       -1.64230       -0.09140
H         -3.32120       -2.48090        0.75170
H         -2.75730       -3.84850        3.49220
H          0.00010       -3.55740        4.95190
H          1.98470       -1.78520        2.61130
H          0.89950        1.63230       -3.45680
H          0.63900        5.07300       -0.64140
H         -1.26580        5.00770        0.77230
H         -3.22730        3.29830       -1.07900
H         -4.64990        1.35160       -0.51270
H         -3.97380       -0.68150        2.29670
H         -2.07750        0.44020        2.82030
H         -0.64040        2.34700        2.24310
H         -1.42900        1.20650       -3.92100
H         -1.91270        0.59850       -1.71950
H         -1.23390       -1.21530       -4.69920
H          0.83590       -0.72460       -5.83130

