HF BASIS=def2-svp cutoff=1.0e-9 denserms=1.0e-6  zmake GRADIENT DIPOLE CHARGE=0

C         -4.07220        2.63310        1.90600
C         -2.64590        2.62800        1.38540
C         -2.05000        1.24030        1.38050
O         -2.57370        0.25040        1.86920
O         -0.84300        1.28390        0.75890
C         -0.04290        0.07020        0.50830
C         -0.90900       -0.90580       -0.37060
C         -1.72770       -0.27930       -1.49300
C         -1.12260        0.27140       -2.62960
C         -1.89590        0.84190       -3.64380
C         -3.28460        0.86070       -3.54010
C         -3.90240        0.30350       -2.42430
C         -3.13000       -0.26670       -1.41090
C          0.37080       -0.54660        1.91050
C          1.03390        0.50130        2.83240
C          1.27830       -1.80480        1.89860
N          0.72830       -2.98580        1.21380
C         -0.36080       -3.59930        1.98330
C          1.78400       -3.98110        0.99760
C          1.22120        0.55510       -0.25280
C          2.04860       -0.33970       -0.95840
C          3.18980        0.09970       -1.63630
C          3.53450        1.44650       -1.62340
C          2.74000        2.35310       -0.93070
C          1.59950        1.91260       -0.25250
H         -4.48250        3.64730        1.88430
H         -4.11600        2.26850        2.93770
H         -4.71510        1.98960        1.29610
H         -2.02100        3.27050        2.01410
H         -2.63900        3.01310        0.36000
H         -1.61400       -1.42930        0.28630
H         -0.30960       -1.70360       -0.82010
H         -0.04290        0.26310       -2.74650
H         -1.40980        1.26910       -4.51690
H         -3.88370        1.30320       -4.33100
H         -4.98590        0.30810       -2.34180
H         -3.63270       -0.70060       -0.54790
H         -0.54780       -0.82730        2.43580
H          2.02370        0.79360        2.46790
H          0.42310        1.40310        2.93330
H          1.16570        0.09160        3.84040
H          2.23860       -1.52950        1.44700
H          1.52430       -2.07700        2.93530
H         -1.20110       -2.91130        2.11220
H         -0.03100       -3.92850        2.97540
H         -0.76040       -4.46920        1.44940
H          2.22440       -4.32880        1.93920
H          2.58400       -3.56590        0.37460
H          1.38990       -4.84940        0.45770
H          1.81990       -1.40250       -0.99230
H          3.80780       -0.61460       -2.17420
H          4.42050        1.78880       -2.15090
H          3.00450        3.40720       -0.91520
H          1.00810        2.65400        0.28050

