HF BASIS=def2-svp cutoff=1.0e-9 denserms=1.0e-6  zmake GRADIENT DIPOLE CHARGE=0

C          0.22710       -2.94170       -3.67490
C          1.23370       -3.05180       -2.54280
C          2.03950       -1.76220       -2.40370
C          3.18000       -1.91810       -1.39670
C          4.02310       -0.64620       -1.26920
C          3.74990        0.18430       -0.01310
C          2.30840        0.67930        0.11730
C          2.17920        1.63980        1.30210
C          0.73270        1.97140        1.66240
C         -0.01520        2.75170        0.58160
C         -1.43010        3.11190        1.05430
C         -2.25250        3.90190        0.02730
C         -2.49910        3.19110       -1.30950
C         -3.21600        1.87530       -1.16900
C         -2.63390        0.69210       -1.42770
C         -3.30280       -0.64990       -1.33510
O         -2.83010       -1.39480       -2.46020
C         -2.96060       -1.45690       -0.04510
N         -1.48250       -1.59550        0.16570
C         -3.66980       -0.86170        1.18660
O         -3.55220       -1.72640        2.31200
P         -2.20180       -1.62610        3.16750
O         -2.60050       -2.33420        4.54060
O         -1.24250       -2.72540        2.51430
O         -1.60460       -0.26940        3.33230
H          0.73610       -2.78850       -4.63100
H         -0.45880       -2.10420       -3.51120
H         -0.36400       -3.85750       -3.75280
H          0.71380       -3.26950       -1.60580
H          1.90630       -3.89300       -2.74920
H          1.37480       -0.93990       -2.11210
H          2.46970       -1.50660       -3.37810
H          3.83570       -2.72440       -1.75570
H          2.80490       -2.24240       -0.41910
H          3.91450       -0.01590       -2.15650
H          5.07890       -0.94240       -1.23390
H          4.01240       -0.41100        0.87310
H          4.43020        1.04700       -0.02420
H          2.00310        1.18490       -0.80610
H          1.63600       -0.17660        0.26590
H          2.64720        1.18640        2.18330
H          2.73050        2.56490        1.08870
H          0.73890        2.55400        2.58920
H          0.19380        1.04210        1.87750
H          0.53430        3.66920        0.33720
H         -0.07140        2.15020       -0.33130
H         -1.35620        3.71830        1.97000
H         -1.96980        2.19950        1.33300
H         -1.75060        4.85710       -0.17350
H         -3.22120        4.15050        0.48000
H         -3.11410        3.84380       -1.94140
H         -1.55130        3.06450       -1.84730
H         -4.25610        1.92300       -0.85110
H         -1.59320        0.67900       -1.75220
H         -4.38780       -0.54310       -1.44230
H         -3.49840       -2.07420       -2.65590
H         -3.31440       -2.48830       -0.17640
H         -1.10060       -0.64720        0.29390
H         -1.09980       -1.87390       -0.74980
H         -3.30000        0.13940        1.43720
H         -4.74150       -0.76190        0.97830
H         -1.86300       -2.29480        5.17230
H         -1.13520       -2.49750        1.55660

