HF BASIS=def2-svp cutoff=1.0e-9 denserms=1.0e-6  zmake GRADIENT DIPOLE CHARGE=0

C         -3.95570       -0.92110       -1.79770
O         -4.09210       -0.83950       -0.37810
C         -3.06790       -0.11750        0.17960
C         -2.99700        1.26610        0.02850
O         -3.97770        1.93270       -0.65580
C         -1.93780        1.97520        0.59550
C         -0.94770        1.32910        1.33470
O          0.11210        2.02610        1.87010
C          0.88310        2.68790        0.93300
C          0.36770        3.78830        0.22980
C          1.15390        4.45260       -0.73260
C          0.65380        5.63630       -1.51450
C          2.46620        4.01420       -0.93990
C          2.98340        2.94800       -0.20730
O          4.28290        2.61880       -0.47650
C          2.21800        2.26750        0.74880
C          2.74890        1.09480        1.53440
O          4.17290        0.99820        1.46370
C         -0.97700        4.30360        0.55360
O         -1.18810        5.49280        0.75090
O         -2.01630        3.38490        0.49240
C         -1.06420       -0.04860        1.59920
C         -0.08550       -0.75020        2.50460
C         -2.12400       -0.76940        0.99120
C         -2.20700       -2.24070        1.17160
O         -1.23540       -2.93060        0.88980
C         -3.46640       -2.76990        1.77530
C         -3.81050       -4.06730        1.89260
C         -3.01960       -5.23780        1.37520
C         -5.09570       -4.44820        2.58080
H         -2.92730       -1.15810       -2.09460
H         -4.29020        0.00210       -2.28010
H         -4.60190       -1.73270       -2.14680
H         -3.81610        2.88870       -0.54600
H         -0.36140        5.45970       -1.88430
H          0.66880        6.53590       -0.89180
H          1.28030        5.82300       -2.39380
H          3.10900        4.51140       -1.66470
H          4.55650        1.96080        0.20090
H          2.33510        0.16890        1.12630
H          2.48450        1.19500        2.59160
H          4.42050        0.25190        2.04080
H         -0.60150       -1.45310        3.16740
H          0.65870       -1.29150        1.91380
H          0.43360       -0.04900        3.16480
H         -4.13770       -2.00640        2.16070
H         -2.44850       -5.69710        2.18830
H         -2.33570       -4.97600        0.56560
H         -3.69400       -5.99630        0.96180
H         -4.88810       -5.10890        3.42910
H         -5.75920       -4.97210        1.88480
H         -5.63770       -3.57720        2.96400

