HF BASIS=def2-svp cutoff=1.0e-9 denserms=1.0e-6  zmake GRADIENT DIPOLE CHARGE=0

O          3.45550       -1.63370        0.92910
C          2.60880       -0.51320        1.17860
C          3.16140        0.72350        0.47610
O          2.29100        1.85430        0.63210
C          2.28490        2.57720       -0.61560
O          1.02660        2.39150       -1.26270
C         -0.06300        2.99910       -0.56580
C         -1.40200        2.38070       -1.00940
O         -1.60590        2.50520       -2.42980
C         -1.47000        3.78750       -2.89320
C         -2.02390        4.04590       -4.14710
C         -1.94100        5.33040       -4.67950
O         -2.46840        5.62400       -5.90150
C         -1.31090        6.35650       -3.98130
C         -0.74000        6.09010       -2.73970
O         -0.11720        7.13260       -2.10870
C         -0.80620        4.80170       -2.19870
C         -0.14640        4.46960       -0.92240
O          0.34660        5.36470       -0.23760
C         -1.49690        0.90840       -0.64140
C         -0.86010       -0.07710       -1.41320
C         -0.93590       -1.41870       -1.04340
O         -0.28420       -2.37170       -1.77990
C         -1.64580       -1.80920        0.09340
O         -1.69860       -3.15150        0.35810
C         -1.72120       -3.51460        1.74680
O         -3.07410       -3.61400        2.21020
C         -3.17270       -4.01700        3.58240
C         -2.57610       -5.42540        3.73860
O         -3.36170       -6.36430        2.98220
C         -1.12960       -5.46770        3.23390
O         -0.28320       -4.72480        4.12060
C         -1.01360       -4.88310        1.82420
O          0.38480       -4.75380        1.49600
C         -2.63690       -3.01890        4.61610
O         -2.75690       -3.44440        5.88810
O         -2.18530       -1.90790        4.38160
C         -2.29160       -0.83730        0.85720
C         -2.20890        0.51240        0.49970
C          3.36560        1.94890       -1.50840
O          4.66330        2.50730       -1.26560
C          3.33210        0.51210       -1.02490
O          4.52430       -0.18420       -1.36540
H          3.38070       -2.21770        1.70970
H          2.54170       -0.33780        2.26020
H          1.59880       -0.75180        0.83000
H          4.13140        0.96990        0.92570
H          2.48380        3.63670       -0.42520
H          0.04130        2.89210        0.52150
H         -2.23720        2.90390       -0.51930
H         -2.51760        3.24390       -4.68670
H         -2.83600        4.81380       -6.29260
H         -1.25690        7.35440       -4.40710
H          0.20110        6.82510       -1.23170
H         -0.29890        0.21850       -2.29610
H          0.04060       -1.96150       -2.59790
H         -1.14580       -2.78140        2.32600
H         -4.25200       -4.07170        3.77160
H         -2.61070       -5.74550        4.78550
H         -3.77030       -5.88800        2.23710
H         -0.75530       -6.49710        3.22790
H          0.59560       -4.71130        3.68140
H         -1.46240       -5.57620        1.10020
H          0.40960       -4.38930        0.58500
H         -2.32470       -2.74400        6.41870
H         -2.87760       -1.10410        1.73200
H         -2.71520        1.24690        1.12420
H          3.15830        2.03730       -2.57970
H          5.28930        1.78910       -1.49150
H          2.47230       -0.01530       -1.45020
H          4.49810       -1.01840       -0.84720

