HF BASIS=def2-svp cutoff=1.0e-9 denserms=1.0e-6  zmake GRADIENT DIPOLE CHARGE=0

C          2.04150        1.19340        1.39360
O          1.67530       -0.13160        1.82800
C          0.32700       -0.33360        1.70450
C         -0.54620        0.09740        2.70240
C         -1.91050       -0.15360        2.56730
O         -2.72690        0.30780        3.56580
C         -2.39130       -0.84790        1.45180
C         -3.81840       -1.14020        1.28100
O         -4.64130       -0.78130        2.11630
C         -4.21190       -1.87880        0.07160
C         -3.26180       -2.24490       -0.79960
O         -1.91220       -1.97270       -0.64750
C         -1.50640       -1.28910        0.47000
C         -0.14130       -1.04140        0.59780
C         -3.58490       -2.96940       -2.03930
C         -3.07900       -2.50390       -3.26710
C         -3.36400       -3.20250       -4.43230
O         -2.89420       -2.79640       -5.65290
C         -4.14150       -4.35710       -4.39120
O         -4.40900       -5.03880       -5.54170
C         -4.64390       -4.83490       -3.19030
C         -4.36460       -4.14040       -2.01280
O          1.79710        1.37230       -0.00210
C          2.15160        2.67190       -0.48080
C          1.77600        2.82390       -1.96190
O          2.24470        3.96340       -2.53220
O          1.08080        2.03730       -2.58780
C          3.65050        2.90580       -0.29000
O          3.99970        4.25370       -0.66190
C          4.03370        2.68790        1.17580
O          5.46100        2.79560        1.29360
C          3.54810        1.33200        1.68100
O          3.83550        1.23570        3.08360
H          1.48010        1.93460        1.97910
H         -0.17640        0.61740        3.58150
H         -3.65270        0.06100        3.34620
H         -5.26440       -2.08220       -0.06020
H          0.55420       -1.38390       -0.16510
H         -2.46900       -1.60680       -3.29900
H         -2.32970       -2.01250       -5.52190
H         -3.96670       -4.51720       -6.24230
H         -5.23720       -5.74290       -3.17030
H         -4.74280       -4.53570       -1.07270
H          1.55990        3.42440        0.05310
H          2.86170        4.46110       -1.94490
H          4.23180        2.23470       -0.93090
H          4.92640        4.35850       -0.34830
H          3.62700        3.49440        1.79730
H          5.67090        2.53260        2.21270
H          4.11090        0.52750        1.19320
H          3.45150        0.38250        3.37370

