HF BASIS=def2-svp cutoff=1.0e-9 denserms=1.0e-6  zmake GRADIENT DIPOLE CHARGE=0

O         -4.11550        2.95190        2.79640
C         -3.68340        4.27860        2.49980
C         -2.18270        4.46440        2.77430
N         -1.33510        4.01620        1.66690
C         -0.78130        5.01360        0.74550
C         -1.72620        5.30120       -0.42590
O         -2.74010        6.22010       -0.01390
C         -1.12240        2.68210        1.41100
N         -0.37630        2.34220        0.36120
C         -0.11000        1.03200        0.11210
C         -0.59640        0.01250        0.90700
N         -0.35890       -1.30030        0.66330
C          0.34600       -1.64400       -0.40990
N          0.85140       -0.73100       -1.24130
C          0.66780        0.58530       -0.97260
N          1.25260        1.50850       -1.86810
C          1.71750        0.95930       -3.15170
C          2.47620        2.01570       -3.96880
C          1.99550        3.42910       -3.65870
C          2.14070        3.75560       -2.16840
C          2.14990        2.50680       -1.28030
N          0.52370       -2.97890       -0.69600
C         -0.03120       -3.97530        0.22430
C          0.83300       -4.17080        1.47830
O          2.03500       -4.87590        1.16460
C          1.56110       -3.39670       -1.64170
C          0.99790       -3.49430       -3.06890
O          0.83020       -2.21200       -3.67050
C         -1.37260        0.45750        1.99050
N         -1.65330        1.76440        2.22110
N         -1.88230       -0.51010        2.91180
C         -0.81500       -0.93650        3.83160
C         -1.30650       -2.12060        4.66540
C         -2.60380       -1.78180        5.39670
C         -3.65420       -1.25470        4.42140
C         -3.10970       -0.08610        3.59970
H         -3.40570        2.36960        2.45480
H         -3.94660        4.49620        1.46160
H         -4.26130        4.94830        3.14510
H         -1.89710        3.94280        3.69610
H         -2.00050        5.53070        2.95400
H          0.19750        4.69410        0.36860
H         -0.59000        5.94480        1.29230
H         -1.17300        5.77660       -1.24250
H         -2.20650        4.39270       -0.80120
H         -3.40520        6.24090       -0.72250
H          0.84590        0.62970       -3.72980
H          2.38500        0.09940       -3.01120
H          2.37570        1.79940       -5.03840
H          3.54770        1.94970       -3.74090
H          2.54650        4.16320       -4.25800
H          0.93930        3.51760       -3.94730
H          1.31960        4.41870       -1.87440
H          3.06730        4.31560       -1.99520
H          1.90210        2.80000       -0.25690
H          3.16760        2.09550       -1.23020
H         -0.11690       -4.93300       -0.30380
H         -1.05170       -3.70000        0.51840
H          1.10480       -3.21880        1.94280
H          0.28340       -4.77160        2.20980
H          2.56970       -4.89090        1.97660
H          2.42190       -2.71530       -1.61340
H          1.93810       -4.38880       -1.36390
H          1.69130       -4.05690       -3.70130
H          0.03070       -4.00790       -3.08120
H          0.56710       -1.61170       -2.93960
H         -0.52940       -0.10880        4.49590
H          0.08750       -1.25060        3.29500
H         -0.53780       -2.41040        5.38960
H         -1.47680       -2.98340        4.00860
H         -2.40370       -1.02400        6.16500
H         -2.98560       -2.67080        5.91220
H         -3.96040       -2.06420        3.74780
H         -4.54740       -0.93910        4.97210
H         -3.87460        0.19790        2.86760
H         -2.92140        0.76800        4.26340

