HF BASIS=def2-svp cutoff=1.0e-9 denserms=1.0e-6  zmake GRADIENT DIPOLE CHARGE=0

C          2.29790       -1.03130       -3.36840
C          1.25710       -2.09720       -3.04950
O          0.71360       -1.85130       -1.73690
C          1.38050       -2.58070       -0.70990
O          0.93670       -2.15540        0.58310
C          1.22010       -0.76950        0.85830
C          1.94170       -0.72370        2.21220
O          3.23090       -1.35170        2.10570
C          2.13940        0.71420        2.69380
O          3.09270        1.36200        1.84120
C          0.79750        1.45730        2.68290
C          0.97440        2.93890        3.02940
O         -0.30490        3.49790        3.33710
O          0.18100        1.38350        1.37940
C         -0.08900        0.04750        0.96940
O         -0.72600        0.08230       -0.31190
C         -2.05140        0.64170       -0.29620
C         -2.94960       -0.20370       -1.22430
C         -3.04700       -1.66320       -0.74540
O         -1.81970       -2.38570       -0.84060
O         -4.28770        0.30700       -1.31260
C         -4.39920        1.66990       -1.40360
C         -3.40910        2.55530       -1.22490
N         -3.55470        3.93000       -1.27430
C         -4.68100        4.67650       -1.55550
C         -4.45400        6.15920       -1.39590
O         -5.77940        4.23850       -1.87910
C         -2.02180        2.07640       -0.86250
O         -1.46420        3.02150        0.06240
C          1.07560       -4.09480       -0.87250
O         -0.14210       -4.50950       -0.22110
C          0.93890       -4.47640       -2.35640
O          1.38430       -5.82900       -2.54390
C          1.76670       -3.54420       -3.23640
O          3.14400       -3.67980       -2.85450
H          1.84640       -0.03460       -3.30730
H          2.70930       -1.16580       -4.37370
H          3.12030       -1.04010       -2.64490
H          0.40810       -1.95390       -3.72880
H          2.46160       -2.40710       -0.77150
H          1.87060       -0.34900        0.07950
H          1.37310       -1.29110        2.95990
H          3.06110       -2.26050        1.79250
H          2.57250        0.71720        3.70040
H          3.82640        0.71940        1.74510
H          0.10500        0.99900        3.40130
H          1.38920        3.49620        2.18250
H          1.61330        3.07030        3.90750
H         -0.20300        4.46550        3.32050
H         -0.77130       -0.44120        1.67860
H         -2.46200        0.64890        0.72310
H         -2.51420       -0.21800       -2.23390
H         -3.38760       -1.70160        0.29560
H         -3.79380       -2.20360       -1.33810
H         -1.09890       -1.72620       -0.96830
H         -5.43010        1.93220       -1.60770
H         -2.72180        4.42690       -0.95970
H         -3.40290        6.42200       -1.54410
H         -4.76630        6.46090       -0.39200
H         -5.04580        6.69700       -2.14220
H         -1.38350        2.11230       -1.75450
H         -0.72570        2.56330        0.51930
H          1.86810       -4.67040       -0.38070
H         -0.78270       -3.76540       -0.31160
H         -0.11150       -4.44410       -2.67130
H          0.83890       -6.36880       -1.93720
H          1.71370       -3.83220       -4.29220
H          3.33320       -4.63940       -2.92900

