HF BASIS=def2-svp cutoff=1.0e-9 denserms=1.0e-6  zmake GRADIENT DIPOLE CHARGE=0

C          1.02760        1.35010        7.63700
O          1.64060        0.46220        6.70960
C          1.29160        0.60820        5.39580
C          0.40410        1.54890        4.88060
C          0.14600        1.58930        3.50650
O         -0.71150        2.57530        3.09530
C          0.72970        0.67450        2.61500
C          1.63800       -0.25460        3.15160
C          1.91290       -0.28540        4.52340
C          0.41920        0.63680        1.16190
C          0.09290       -0.53630        0.59090
C         -0.19860       -0.63300       -0.83100
C         -0.12510        0.51180       -1.62150
O          0.20390        1.74710       -1.02460
C          0.43070        1.87790        0.33840
O          0.61410        2.98390        0.84370
C         -0.37840        0.47690       -3.00030
C         -0.71210       -0.74900       -3.58060
O         -1.00330       -0.90900       -4.90680
C         -0.69610        0.17450       -5.81750
C          0.56810       -0.22570       -6.58830
C         -1.89150        0.24600       -6.80070
O         -3.11710        0.55320       -6.12910
C         -0.47850        1.51790       -5.15600
C         -0.33070        1.66870       -3.83650
C         -0.80100       -1.90310       -2.79770
C         -0.54110       -1.84800       -1.42640
H         -0.05970        1.22060        7.64830
H          1.30100        2.38960        7.42780
H          1.40260        1.10180        8.63460
H         -0.09560        2.27440        5.51330
H         -0.28310        3.02550        2.33410
H          2.14790       -0.97050        2.51000
H          2.61620       -1.01670        4.91550
H          0.03610       -1.45360        1.17030
H          0.82910        0.51100       -7.35600
H          0.43640       -1.19940       -7.07430
H          1.42380       -0.33390       -5.91110
H         -2.03960       -0.72120       -7.29430
H         -1.73370        1.00440       -7.57500
H         -3.11230        0.03180       -5.30430
H         -0.43560        2.39420       -5.79790
H         -0.17200        2.64270       -3.38690
H         -1.07150       -2.84960       -3.25980
H         -0.61130       -2.75970       -0.83760

