HF BASIS=def2-svp cutoff=1.0e-9 denserms=1.0e-6  zmake GRADIENT DIPOLE CHARGE=0

Cl          1.79210        2.82430        1.40370
C          0.58840        2.95510        0.09580
C          1.05380        2.24330       -1.17890
N          1.24330        0.79480       -1.06270
P         -0.05470       -0.13330       -0.69940
O         -1.31480        0.26430       -1.40280
O         -0.21150       -0.04210        0.89790
C          0.76350       -0.74360        1.64040
C          0.51570       -2.21160        1.42550
C          0.69200       -2.63080       -0.01550
O          1.02880       -3.79190       -0.26640
N          0.39260       -1.73590       -1.01850
C          0.32050       -2.24730       -2.38640
C          1.67820       -2.53290       -3.02710
Cl          2.54470       -1.02250       -3.41320
H          0.45020        4.02170       -0.10650
H         -0.36230        2.55900        0.46270
H          2.00420        2.68470       -1.50230
H          0.33280        2.44310       -1.98000
H          1.68570        0.47780       -1.92250
H          1.77150       -0.44690        1.33250
H          0.64090       -0.48400        2.69610
H         -0.50830       -2.47730        1.71210
H          1.21240       -2.79200        2.03980
H         -0.25840       -3.17880       -2.36070
H         -0.24890       -1.54040       -2.99940
H          1.53990       -3.06750       -3.97140
H          2.32900       -3.13060       -2.38410

