HF BASIS=def2-svp cutoff=1.0e-9 denserms=1.0e-6  zmake GRADIENT DIPOLE CHARGE=0

C          0.72460        0.38850       -5.58290
O          1.33250        0.24780       -4.30250
C          0.48310        0.08850       -3.23210
C         -0.91120        0.05470       -3.30470
C         -1.59100       -0.11400       -2.11660
C         -0.93550       -0.24340       -0.91500
C         -1.85790       -0.39570        0.08130
N         -3.13670       -0.36660       -0.46810
C         -3.04040       -0.19320       -1.83740
O         -3.93400       -0.11890       -2.65500
C         -1.47160       -0.54670        1.38950
C         -0.09350       -0.54050        1.67910
C          0.88410       -0.38050        0.63470
C          2.24130       -0.38690        1.02070
C          2.63190       -0.54090        2.35370
C          1.67440       -0.69380        3.34650
C          0.32230       -0.69350        3.01060
C          0.44440       -0.22310       -0.73840
C          1.14440       -0.04790       -1.97360
O          2.51940       -0.00480       -1.98100
H          0.09870        1.28590       -5.62540
H          0.15370       -0.50720       -5.84860
H          1.52450        0.50480       -6.32040
H         -1.47060        0.15230       -4.22620
H         -4.00940       -0.45530        0.02960
H         -2.21270       -0.66700        2.17260
H          3.02680       -0.27050        0.27880
H          3.68850       -0.54020        2.60920
H          1.97860       -0.81350        4.38300
H         -0.40870       -0.81510        3.80770
H          2.76850        0.11950       -2.91810

