HF BASIS=def2-svp cutoff=1.0e-9 denserms=1.0e-6  zmake GRADIENT DIPOLE CHARGE=0

O          4.96710       -2.65580       -1.89200
C          4.02690       -1.64990       -1.48220
C          2.87220       -2.31980       -0.74080
O          2.19100       -3.18570       -1.66120
C          1.92280       -1.24620       -0.16900
O          0.94020       -1.91900        0.62860
C         -0.17790       -1.22940        0.99910
C         -1.13260       -1.98850        1.67730
C         -2.33200       -1.41420        2.12400
C         -2.61090       -0.05810        1.90640
C         -1.63400        0.67380        1.22850
O         -1.80940        2.04700        0.95740
C         -2.94320        2.75130        1.33270
O         -3.06920        3.94350        1.07910
C         -3.99410        1.99420        2.05500
C         -3.83650        0.62560        2.33660
C         -4.88300       -0.01570        3.02620
C         -6.03280        0.67970        3.41560
C         -6.15750        2.02830        3.12290
O         -7.29350        2.66440        3.52110
C         -5.14910        2.69550        2.44540
C         -0.43170        0.11740        0.77540
O          2.64970       -0.32430        0.65660
C          3.68840        0.36660       -0.05060
C          4.72810       -0.60130       -0.61960
O          5.68470        0.06040       -1.45890
C          4.37950        1.27740        0.95780
O          3.71410        1.36540        2.13410
O          5.43050        1.86330        0.73700
H          5.73180       -2.16180       -2.25330
H          3.66120       -1.19580       -2.41240
H          3.25490       -2.95650        0.06650
H          2.89100       -3.74720       -2.05190
H          1.43240       -0.72120       -1.00030
H         -0.94640       -3.04540        1.86000
H         -3.03140       -2.06400        2.64220
H         -4.83340       -1.07130        3.27890
H         -6.82900        0.16440        3.94740
H         -7.24700        3.59770        3.25220
H         -5.24340        3.75360        2.21400
H          0.27000        0.76510        0.26350
H          3.24420        1.00940       -0.81990
H          5.28850       -1.10180        0.18010
H          6.13120        0.74620       -0.91510
H          2.92730        0.77090        2.10670

