HF BASIS=def2-svp cutoff=1.0e-9 denserms=1.0e-6  zmake GRADIENT DIPOLE CHARGE=0

C          0.80020       -2.03480        1.32940
C         -0.44780       -1.99590        0.43970
O         -0.15230       -2.87190       -0.66690
C         -1.63660       -2.66700        1.14450
C         -2.37770       -1.77410        2.13110
C         -2.85690       -0.48340        1.43540
C         -3.97190        0.30860        2.22310
C         -3.54360        0.73730        3.64280
C         -5.21420       -0.62410        2.39940
O         -6.37160        0.09540        2.81690
C         -4.38710        1.57060        1.41070
O         -5.15980        1.16910        0.27190
C         -3.20740        2.40730        0.91980
C         -2.18700        1.58430        0.12960
C         -1.63350        0.34930        0.89780
C         -0.70540        0.87310        2.02000
C         -0.82960       -0.58020       -0.11880
C          0.35700        0.14410       -0.81860
O          0.99410       -0.74410       -1.75100
C          2.21710       -0.32340       -2.20200
C          2.53910        1.00300       -2.48190
C          3.81570        1.30060       -2.95980
C          4.77630        0.31080       -3.16390
C          6.08970        0.69350       -3.65820
C          6.34400        1.98010       -3.92130
C          5.33690        3.04220       -3.73670
O          5.59630        4.20880       -4.01460
O          4.09800        2.65390       -3.24560
C          4.44250       -1.01830       -2.89140
C          3.16140       -1.33260       -2.42500
H          0.66610       -1.52730        2.28430
H          1.67370       -1.60720        0.82660
H          1.07370       -3.07420        1.55050
H          0.42390       -2.37980       -1.28430
H         -1.30910       -3.58320        1.65290
H         -2.35410       -3.01320        0.38690
H         -1.74700       -1.56090        2.99840
H         -3.22500       -2.35290        2.51170
H         -3.37740       -0.82730        0.52600
H         -2.80500        1.53640        3.64800
H         -3.13960       -0.10290        4.21550
H         -4.39900        1.12630        4.20840
H         -5.46480       -1.15560        1.47560
H         -5.02960       -1.38070        3.16690
H         -6.68960        0.56540        2.02170
H         -5.03880        2.21280        2.01760
H         -5.39130        1.97330       -0.22820
H         -3.57660        3.20360        0.26100
H         -2.72650        2.91260        1.76250
H         -1.36700        2.25620       -0.15450
H         -2.65480        1.25460       -0.80810
H         -1.12830        1.72210        2.55610
H          0.24230        1.24930        1.62840
H         -0.47440        0.12160        2.77400
H         -1.52580       -0.80130       -0.94500
H         -0.02300        1.00650       -1.37510
H          1.09520        0.48220       -0.08430
H          1.82000        1.80700       -2.36480
H          6.84480       -0.07420       -3.80490
H          7.30770        2.30740       -4.29500
H          5.16380       -1.81850       -3.04580
H          2.90280       -2.37110       -2.22220

