HF BASIS=def2-svp cutoff=1.0e-9 denserms=1.0e-6  zmake GRADIENT DIPOLE CHARGE=0

O         -3.55540       -0.32680       -3.52820
C         -3.29880        0.01220       -2.22680
C         -4.40400        0.24190       -1.41090
C         -4.17340        0.58620       -0.09290
C         -2.89160        0.70500        0.42430
C         -2.96470        1.08890        1.85350
C         -2.57070        0.04000        2.82210
C         -3.65660       -0.38830        3.45530
O         -4.85360        0.18540        3.08640
C         -4.49890        1.13850        2.05280
O         -5.17380        0.83350        0.80710
C         -1.78310        0.48350       -0.37870
C         -1.99410        0.13170       -1.71400
C         -0.81420       -0.10460       -2.55430
O         -0.92300       -0.41640       -3.73760
C          0.50480        0.04460       -1.93310
C          0.56280        0.40540       -0.58630
O         -0.54610        0.62940        0.19310
C          1.80350        0.55840        0.04160
C          2.98290        0.35050       -0.67720
C          2.91010       -0.00810       -2.01730
O          4.06790       -0.20900       -2.71230
C          1.68140       -0.16340       -2.65380
O          1.70820       -0.51870       -3.97840
H         -2.69780       -0.46500       -3.98720
H         -5.41350        0.15000       -1.79710
H         -2.49750        2.05800        2.05240
H         -1.56450       -0.31120        2.99210
H         -3.73500       -1.14160        4.22260
H         -4.82760        2.13150        2.38390
H          1.85570        0.83930        1.09080
H          3.95100        0.46690       -0.19770
H          3.77970       -0.44920       -3.61680
H          0.77590       -0.58980       -4.28650

