HF BASIS=def2-svp cutoff=1.0e-9 denserms=1.0e-6  zmake GRADIENT DIPOLE CHARGE=0

O          0.76830       -3.47420        0.88710
C          1.56210       -3.69730       -0.27730
C          0.84290       -3.28620       -1.57460
O          0.70860       -1.84700       -1.64360
C         -0.51210       -1.37380       -1.09170
O         -0.49740        0.06070       -1.04970
C          0.23540        0.61230        0.06880
C          1.68810        0.97350       -0.31470
O          2.45830       -0.17120       -0.66670
C          1.72420        2.01570       -1.43930
O          1.20830        1.47400       -2.67410
C          0.87640        3.23570       -1.02740
O          0.77610        4.13870       -2.11810
O         -0.44560        2.85700       -0.64730
C         -0.46300        1.93090        0.46050
C         -1.93240        1.71150        0.83080
O         -2.50090        2.94750        1.26350
C         -1.69480       -1.81080       -1.99350
O         -1.98160       -0.84870       -3.02740
C         -1.40040       -3.14830       -2.68960
O         -2.63510       -3.84360       -2.92620
C         -0.49450       -4.02390       -1.82710
O         -1.19790       -4.31920       -0.60590
H         -0.06810       -3.96670        0.73730
H          1.82850       -4.75870       -0.30570
H          2.47920       -3.11300       -0.15490
H          1.51330       -3.52610       -2.40900
H         -0.66730       -1.76530       -0.08190
H          0.22380       -0.08680        0.91340
H          2.17870        1.40210        0.56820
H          1.98700       -0.61540       -1.40370
H          2.75270        2.31930       -1.66080
H          0.36420        1.03060       -2.45370
H          1.34360        3.77000       -0.19260
H          0.75270        3.57020       -2.91190
H          0.04690        2.40830        1.30760
H         -2.52150        1.36750       -0.02540
H         -2.03220        0.98810        1.64530
H         -2.30250        3.59110        0.55430
H         -2.60700       -1.86060       -1.38770
H         -1.82290        0.02660       -2.62170
H         -0.93390       -2.98500       -3.66910
H         -3.16600       -3.24470       -3.48890
H         -0.30430       -4.99310       -2.30170
H         -2.06170       -4.68190       -0.90350

