HF BASIS=def2-svp cutoff=1.0e-9 denserms=1.0e-6  zmake GRADIENT DIPOLE CHARGE=0

C         -1.62040       -1.25830       -6.90060
O         -1.16090       -1.00040       -5.57790
C         -1.81180       -0.03770       -4.85200
C         -1.46280        0.06890       -3.48470
C         -0.37700       -0.77700       -2.83550
O          0.70460       -1.08280       -3.72880
C          1.79980       -1.74480       -3.08590
C          1.35690       -3.05330       -2.42750
O          0.92300       -3.98920       -3.43040
C          0.18780       -2.76180       -1.47690
O         -0.27400       -3.97430       -0.85740
C         -0.96380       -2.05220       -2.19120
O         -1.55900       -2.94460       -3.14370
C         -2.18350        0.96970       -2.66700
C         -3.16620        1.78970       -3.21680
C         -3.45460        1.72270       -4.58050
O         -4.39040        2.51800       -5.18870
C         -2.78950        0.80970       -5.39200
C         -3.88280        2.70830       -2.33200
O         -4.73050        3.48220       -2.76500
C         -3.55340        2.65760       -0.90080
C         -2.59980        1.81870       -0.46120
O         -1.88180        0.99180       -1.31880
C         -2.21540        1.70050        0.98050
C         -1.22490        0.78490        1.40750
C         -0.84640        0.66300        2.75920
O          0.15230       -0.25210        3.00580
C          0.15610       -0.91580        4.27820
O          0.28830       -2.33620        4.12780
C          1.48170       -2.77080        3.45910
C          2.69300       -1.85790        3.68660
O          3.91420       -2.61380        3.65020
C          2.58240       -1.20520        5.06130
O          3.74020       -0.37140        5.27680
C          1.28600       -0.39720        5.21160
O          1.60850        0.99890        5.04450
C          1.25000       -3.01450        1.96830
O          0.13150       -3.74550        1.74370
O          1.97100       -2.65470        1.04820
C         -1.45370        1.50160        3.70010
O         -1.05600        1.50020        5.01100
C         -2.43910        2.40450        3.31330
C         -2.81430        2.49920        1.97070
H         -1.05650       -2.11370       -7.28600
H         -2.68060       -1.53400       -6.90760
H         -1.41840       -0.40420       -7.55780
H          0.07340       -0.16140       -2.04580
H          2.54590       -1.95350       -3.86060
H          2.25400       -1.06320       -2.35510
H          2.18430       -3.52260       -1.88400
H          1.68730       -4.17730       -4.00520
H          0.53100       -2.09820       -0.67990
H         -0.71430       -4.45610       -1.59730
H         -1.75150       -1.81390       -1.46990
H         -0.88560       -3.07140       -3.84520
H         -4.79300        3.09900       -4.50320
H         -3.05360        0.78550       -6.44480
H         -4.13890        3.32320       -0.28290
H         -0.72690        0.14050        0.68610
H         -0.80840       -0.80100        4.78170
H          1.71290       -3.76350        3.86780
H          2.78580       -1.08830        2.91200
H          4.59110       -2.01960        4.03500
H          2.62030       -1.98890        5.83210
H          3.37900        0.54850        5.26780
H          0.95650       -0.51840        6.25240
H          0.75790        1.45330        4.87730
H          0.05830       -3.90140        0.76660
H         -1.69780        2.02010        5.53160
H         -2.91380        3.06400        4.03600
H         -3.57850        3.23270        1.72900

