HF BASIS=def2-svp cutoff=1.0e-9 denserms=1.0e-6  zmake GRADIENT DIPOLE CHARGE=0

C          0.98920       -2.13000       -5.04120
O          1.09260       -2.99610       -3.91650
C          0.97460       -2.41020       -2.68230
C          1.14400       -3.27650       -1.59750
O          1.40840       -4.60280       -1.81270
C          1.05210       -2.82830       -0.28670
C          0.77640       -1.48460       -0.04220
O          0.71160       -1.12190        1.27750
C          0.09610        0.14940        1.51770
C          0.67880        1.23410        0.61120
C          0.32520        0.87270       -0.84090
O          1.09050        1.68100       -1.74290
C          0.61990       -0.58510       -1.10710
C          0.70760       -1.06460       -2.43000
C          0.25740        2.64190        1.01230
C          1.25730        3.57070        1.36460
C          0.90710        4.86590        1.73160
O          1.84430        5.79810        2.07950
C         -0.42800        5.25330        1.75260
O         -0.76380        6.52720        2.11150
C         -1.43220        4.36160        1.41160
C         -1.08320        3.06190        1.04370
O         -2.06310        2.17550        0.69980
H          1.77440       -1.36690       -5.02670
H         -0.00540       -1.67580       -5.09830
H          1.13040       -2.73520       -5.94190
H          1.43390       -4.69750       -2.78460
H          1.18920       -3.52160        0.53690
H          0.28360        0.39600        2.56930
H         -0.98850        0.03230        1.40910
H          1.77490        1.17890        0.69820
H         -0.73380        1.03940       -1.06600
H          0.79260        2.59740       -1.60650
H          0.57390       -0.35340       -3.23940
H          2.30250        3.27230        1.34750
H          2.72270        5.38150        2.03450
H          0.09050        6.96150        2.30950
H         -2.46450        4.69360        1.43680
H         -2.92990        2.60250        0.81930

