HF BASIS=def2-svp cutoff=1.0e-9 denserms=1.0e-6  zmake GRADIENT DIPOLE CHARGE=0

O          2.89400       -2.07770       -5.97910
C          2.29060       -0.84460       -6.39290
C          2.17450        0.14480       -5.22030
O          1.30000       -0.41480       -4.22570
C          1.21070        0.39420       -3.04100
C          0.52200        1.72350       -3.42890
O         -0.80320        1.48450       -3.93720
C          1.34320        2.42670       -4.52060
O          2.59500        2.87430       -3.98430
C          1.60340        1.48910       -5.71040
O          2.50160        2.12830       -6.62480
C          0.48100       -0.33710       -1.92080
C         -0.32990       -1.41840       -1.95550
O         -0.90710       -2.01920       -0.84820
C         -0.64900       -1.51260        0.39550
C          0.12560       -0.38360        0.59650
C          0.30860        0.12400        1.89330
O          1.04100        1.26540        2.12520
C         -0.25150       -0.52040        3.00910
C         -0.05250        0.08510        4.38500
O         -0.20840       -0.89960        5.42140
C          0.33710       -0.46470        6.68860
C         -0.39500       -1.25320        7.78490
O         -0.03540       -2.63350        7.68970
C          0.25670        1.07100        6.87900
O          0.25540        1.45870        8.25690
C         -0.98560        1.62970        6.17660
O         -0.97560        3.05620        6.30440
S         -2.39800        3.81450        6.47260
O         -2.84200        3.38610        7.95820
O         -2.13800        5.23280        6.52340
O         -3.33120        3.23400        5.53440
C         -1.01490        1.26360        4.67730
O         -2.37180        0.91050        4.35300
C         -0.99590       -1.68570        2.77570
O         -1.54580       -2.42000        3.79010
C         -1.20670       -2.17250        1.48540
C          0.74040        0.24710       -0.57610
O          1.45830        1.23320       -0.41890
C         -0.75070       -2.08560       -3.19740
C          0.12780       -2.92830       -3.88970
C         -0.25800       -3.45560       -5.11640
O          0.61950       -4.16810       -5.88450
C         -1.53030       -3.21330       -5.62060
O         -1.89460       -3.73400       -6.82900
C         -2.43050       -2.42090       -4.92310
C         -2.03780       -1.84920       -3.71100
H          3.21010       -2.50260       -6.79560
H          1.30260       -1.08850       -6.79710
H          2.90610       -0.42230       -7.19440
H          3.17300        0.26820       -4.78150
H          2.23850        0.57860       -2.69920
H          0.42970        2.37990       -2.55670
H         -0.80820        0.58420       -4.31930
H          0.81330        3.31640       -4.87700
H          3.14020        3.14400       -4.74860
H          0.65730        1.30650       -6.23530
H          2.00300        2.83940       -7.06900
H          1.40710        1.57340        1.26050
H          0.98990        0.42540        4.43960
H          1.39220       -0.76540        6.69690
H         -0.11960       -0.92290        8.78830
H         -1.48070       -1.17290        7.65910
H         -0.81550       -3.15270        7.94480
H          1.14130        1.54650        6.43430
H          1.13540        1.25590        8.62020
H         -1.87090        1.23590        6.69630
H         -2.31480        3.91650        8.59140
H         -0.75640        2.12030        4.04270
H         -2.93970        1.69340        4.52020
H         -1.24980       -2.01550        4.62820
H         -1.80140       -3.06910        1.33750
H          1.12370       -3.11030       -3.50200
H          1.51060       -3.95220       -5.55090
H         -1.13560       -4.29020       -7.09190
H         -3.42050       -2.23430       -5.32700
H         -2.73540       -1.20740       -3.17180

