HF BASIS=def2-svp cutoff=1.0e-9 denserms=1.0e-6  zmake GRADIENT DIPOLE CHARGE=0

C         -3.87290        0.37660       -1.07090
C         -2.96080        0.80490        0.08610
C         -3.69620        0.60980        1.41450
C         -1.56290        0.11260        0.02110
C         -1.66720       -1.43080        0.07210
C         -0.31020       -2.11660       -0.08190
C          0.67700       -1.59570        0.92690
C          1.35220       -2.41440        1.74990
C          0.83170       -0.08950        0.98110
C          1.63510        0.43490       -0.22860
C          1.77650        1.95740       -0.20600
C          0.43420        2.61790       -0.03250
C         -0.02960        3.55370       -0.87420
C         -0.35010        2.13070        1.15820
C         -0.55660        0.60210        1.11760
H         -4.22330       -0.65390       -0.95790
H         -3.35490        0.46440       -2.03150
H         -4.76000        1.01850       -1.11380
H         -2.80830        1.88220       -0.04790
H         -3.91790       -0.44440        1.60620
H         -4.65020        1.14900        1.40510
H         -3.11730        0.99860        2.25680
H         -1.14330        0.37010       -0.96120
H         -2.11870       -1.74550        1.02090
H         -2.31850       -1.79850       -0.72780
H         -0.44630       -3.20010        0.02000
H          0.07760       -1.94750       -1.09340
H          1.22340       -3.49190        1.71070
H          2.05420       -2.03070        2.48390
H          1.40780        0.17040        1.88180
H          2.63600       -0.01510       -0.23150
H          1.16240        0.13630       -1.17240
H          2.27010        2.28870       -1.12710
H          2.42740        2.25370        0.62590
H          0.55140        3.88650       -1.72900
H         -1.00350        4.01220       -0.73190
H          0.21740        2.38630        2.06360
H         -1.30290        2.65910        1.25970
H         -0.96560        0.30800        2.09460

