HF BASIS=def2-svp cutoff=1.0e-9 denserms=1.0e-6  zmake GRADIENT DIPOLE CHARGE=0

C         -2.06630       -1.60810        4.89170
C         -2.72430       -0.61210        3.97110
C         -3.11230       -1.16950        2.62920
C         -2.92300        0.65990        4.37220
C         -3.57750        1.78900        3.61930
C         -2.63530        2.95370        3.40590
C         -2.69150        4.10720        4.19480
O         -3.63760        4.19640        5.17680
C         -1.79600        5.15720        3.99700
C         -0.82060        5.05850        3.00490
C         -0.74100        3.91730        2.19580
C          0.33780        3.80470        1.14570
C          1.65580        3.24320        1.70150
O          2.72570        3.56780        0.81770
C          1.57970        1.73800        2.01200
O          1.73930        1.32290        3.16590
C          1.31240        0.72660        0.94450
C          0.87740       -0.55470        1.29840
O          0.68190       -0.95050        2.59540
C          0.61930       -1.52440        0.32730
C          0.80360       -1.23660       -1.02710
O          0.58830       -2.12060       -2.05260
C          0.35100       -3.49650       -1.75240
O          0.83120       -4.30710       -2.85040
C          0.11010       -4.08880       -4.07500
C         -1.38630       -4.37180       -3.93080
O         -2.13390       -4.01070       -5.10010
C         -1.95180       -3.55370       -2.76770
O         -3.31340       -3.95040       -2.52680
C         -1.14350       -3.77090       -1.49130
O         -1.33390       -5.12250       -1.04270
C          0.68510       -5.06030       -5.09860
O          1.77590       -5.72320       -4.64090
O          0.21200       -5.23670       -6.21350
C          1.24180        0.04820       -1.41210
C          1.52230        0.34130       -2.87840
C          1.57690        1.79990       -3.25880
C          2.67350        2.57910       -3.37460
C          2.54100        4.03100       -3.75690
C          4.08430        2.10550       -3.13440
O          4.49490        2.48200       -1.82680
C          1.50660        1.00750       -0.41090
C         -1.65210        2.87250        2.40370
H         -1.15440       -2.00960        4.43480
H         -2.74770       -2.43970        5.09790
H         -1.78200       -1.16120        5.85020
H         -3.39590       -0.40000        1.90660
H         -2.27790       -1.72090        2.18510
H         -3.95990       -1.85340        2.74250
H         -2.59630        0.94300        5.37470
H         -3.96980        1.47610        2.64520
H         -4.46150        2.10760        4.18700
H         -3.62390        5.09410        5.54110
H         -1.83550        6.05130        4.61040
H         -0.11860        5.87670        2.86520
H          0.51850        4.80100        0.72020
H         -0.03750        3.21030        0.30430
H          1.88810        3.75030        2.64740
H          3.54760        3.26980        1.24950
H          0.99140       -0.22690        3.18860
H          0.28320       -2.49360        0.68180
H          0.95740       -3.82860       -0.90440
H          0.31320       -3.07730       -4.44690
H         -1.56890       -5.43820       -3.75040
H         -1.74530       -4.50300       -5.85830
H         -1.97330       -2.48850       -3.03030
H         -3.74670       -3.91780       -3.40490
H         -1.53850       -3.12140       -0.70430
H         -2.30320       -5.25960       -1.06320
H          1.93660       -5.44560       -3.70700
H          0.72660       -0.10060       -3.49290
H          2.44500       -0.17760       -3.15670
H          0.59940        2.24730       -3.44370
H          2.94270        4.67670       -2.96930
H          1.49780        4.32340       -3.92540
H          3.09050        4.23020       -4.68290
H          4.18990        1.02260       -3.21680
H          4.77400        2.54810       -3.86340
H          4.37440        3.44590       -1.75090
H          1.89350        1.97690       -0.70730
H         -1.60100        1.97270        1.79150

