HF BASIS=def2-svp cutoff=1.0e-9 denserms=1.0e-6  zmake GRADIENT DIPOLE CHARGE=0

O          5.13310        3.09580       -3.36820
C          4.13610        2.50930       -2.64760
C          3.03360        3.28590       -2.31650
C          1.98660        2.72530       -1.58080
C          2.04030        1.38410       -1.16740
C          3.16280        0.61850       -1.51810
C          4.21060        1.17780       -2.25620
C          0.94150        0.78720       -0.38580
C          0.46650        1.39850        0.71100
O         -0.54040        0.95340        1.53280
C         -1.13730       -0.24300        1.22410
C         -2.16310       -0.67370        2.07320
C         -2.81430       -1.88290        1.81990
O         -3.83030       -2.41650        2.57190
S         -4.48110       -1.64750        3.84830
O         -5.63620       -2.66900        4.31870
O         -3.50490       -1.57000        4.91140
O         -5.18700       -0.47750        3.37150
C         -2.43050       -2.65470        0.71810
C         -1.40920       -2.22020       -0.12440
O         -1.09770       -3.03240       -1.18090
C         -0.75780       -1.01030        0.12660
C          0.32630       -0.52090       -0.74050
O          0.67670       -1.19280       -1.70680
H          5.81690        2.43040       -3.55000
H          2.98530        4.32340       -2.63520
H          1.12550        3.34700       -1.34620
H          3.23110       -0.42710       -1.22280
H          5.06480        0.56010       -2.51460
H          0.84380        2.34200        1.08900
H         -2.42130       -0.04310        2.91990
H         -6.43520       -2.48020        3.78630
H         -2.92590       -3.60050        0.51030
H         -0.36960       -2.60740       -1.69010

