HF BASIS=def2-svp cutoff=1.0e-9 denserms=1.0e-6  zmake GRADIENT DIPOLE CHARGE=0

O         -4.49390       -2.59120       -0.77530
C         -3.34770       -1.91980       -0.46600
C         -3.41090       -0.96350        0.53950
C         -2.25890       -0.25770        0.88210
O         -2.30820        0.68680        1.86910
C         -1.03920       -0.49540        0.23360
C         -1.00380       -1.46870       -0.78000
C         -2.15460       -2.17980       -1.13050
C          0.22810        0.25940        0.58890
C          0.69600       -0.04040        2.01160
O          1.94630        0.60360        2.29220
C          1.86120        1.96500        2.15560
C          2.74730        2.72490        2.91830
C          2.71680        4.11370        2.82780
O          3.59190        4.81880        3.60040
C          1.82380        4.75800        1.97640
C          0.95720        3.99430        1.19750
O          0.11980        4.68210        0.35990
C          0.97310        2.59620        1.28070
C          0.10520        1.76260        0.42300
O         -0.59670        2.31710       -0.42330
H         -4.30920       -3.19930       -1.51020
H         -4.35630       -0.78500        1.04080
H         -3.24190        0.84740        2.09120
H         -0.07730       -1.67730       -1.31150
H         -2.09900       -2.92380       -1.91910
H          1.03000       -0.03140       -0.10500
H         -0.02640        0.25270        2.78350
H          0.86040       -1.11780        2.13200
H          3.45150        2.23910        3.58780
H          3.46170        5.76770        3.43400
H          1.79460        5.84000        1.89710
H         -0.39500        4.02150       -0.15940

