HF BASIS=def2-svp cutoff=1.0e-9 denserms=1.0e-6  zmake GRADIENT DIPOLE CHARGE=0

C         -1.08540      -12.03530       -1.65560
C          0.20920      -11.39190       -1.26230
C          1.33550      -12.33500       -1.00240
O          1.22070      -13.54950       -1.11500
C          0.47990      -10.08210       -1.11180
C         -0.44730       -8.98760       -1.32660
C         -0.10560       -7.70120       -1.13800
C         -0.96430       -6.52870       -1.34200
C         -2.37730       -6.77770       -1.81090
C         -0.44130       -5.30710       -1.10000
C         -1.09320       -4.02070       -1.25040
C         -0.48690       -2.86090       -0.94580
C         -1.13520       -1.57420       -1.10870
C         -0.63820       -0.35600       -0.80340
C          0.72760       -0.11240       -0.20880
C         -1.47820        0.81840       -1.06620
C         -1.17220        2.09980       -0.79780
C         -2.07060        3.19800       -1.10620
C         -1.91250        4.51180       -0.83410
C         -2.98860        5.47780       -1.27670
C         -0.76490        5.06310       -0.11860
C         -0.52570        6.36170        0.13940
C          0.64000        6.90410        0.88700
O          0.40360        7.85620        1.94290
C          0.77030        6.54170        2.38610
C         -0.34050        5.87620        3.15090
C          2.11430        6.52410        3.06500
C          3.29180        6.55620        2.09520
O          4.48950        6.84750        2.81520
C          3.09360        7.60340        1.00150
C          1.90310        7.26450        0.06790
C          1.61980        8.50080       -0.81130
C          2.31720        6.10060       -0.86050
H         -1.38380      -12.77860       -0.90740
H         -1.91250      -11.32620       -1.74390
H         -0.97950      -12.54130       -2.62110
H          2.29300      -11.87790       -0.70160
H          1.48280       -9.77760       -0.81070
H         -1.44800       -9.23900       -1.66160
H          0.90910       -7.48280       -0.80360
H         -2.91250       -7.41260       -1.09630
H         -2.37450       -7.27390       -2.78770
H         -2.97210       -5.86910       -1.92250
H          0.59200       -5.24360       -0.75610
H         -2.10940       -4.00070       -1.63020
H          0.52880       -2.87980       -0.56500
H         -2.13950       -1.63260       -1.53050
H          1.30680       -1.02320       -0.04440
H          0.63900        0.38110        0.76550
H          1.32660        0.52210       -0.87190
H         -2.44540        0.60920       -1.52400
H         -0.21970        2.34220       -0.34230
H         -2.97790        2.89850       -1.63280
H         -3.82170        4.97210       -1.77830
H         -2.58490        6.20960       -1.98520
H         -3.40990        6.00950       -0.41660
H         -0.03060        4.35450        0.25390
H         -1.22430        7.12320       -0.19760
H         -0.22230        4.78840        3.11410
H         -1.33190        6.12860        2.76020
H         -0.31890        6.18540        4.20170
H          2.21150        5.62740        3.69050
H          2.17680        7.36800        3.76480
H          3.42850        5.56550        1.65150
H          4.41340        7.75000        3.17010
H          4.01950        7.71020        0.42090
H          2.94400        8.58420        1.47480
H          2.50910        8.79220       -1.38180
H          1.31320        9.35900       -0.20270
H          0.81360        8.30890       -1.52810
H          3.28070        6.30140       -1.34310
H          1.58670        5.94470       -1.66180
H          2.40460        5.15590       -0.31470

