HF BASIS=def2-svp cutoff=1.0e-9 denserms=1.0e-6  zmake GRADIENT DIPOLE CHARGE=0

O          1.34490        0.36620        2.22490
C          0.98100        0.67020        0.87580
C         -0.46840        0.31680        0.60080
O         -1.23110        0.68800        1.76430
C         -0.75740        1.19130       -0.62780
O         -2.11170        1.56170       -0.74710
P         -3.14760        0.39010       -1.04810
O         -4.49890        1.16720       -1.37200
O         -3.46140       -0.18970        0.40880
O         -2.74770       -0.63600       -2.04440
O          0.06730        2.36790       -0.51150
C          0.98410        2.17170        0.58380
C          2.35490        2.74090        0.21640
O          3.25710        2.72980        1.30770
P          4.21690        1.46430        1.50370
O          3.75700        0.87810        2.91360
O          5.62140        2.11890        1.88420
O          4.27940        0.46500        0.40130
H          0.50420        0.48780        2.72830
H          1.63780        0.12800        0.18770
H         -0.63210       -0.75020        0.42640
H         -2.17690        0.57480        1.52140
H         -0.42980        0.68530       -1.54340
H         -4.47840        1.58580       -2.25240
H         -4.16220       -0.86890        0.35940
H          0.60090        2.72230        1.45290
H          2.23410        3.78490       -0.09540
H          2.77800        2.22690       -0.65420
H          2.85260        0.49230        2.82520
H          6.28180        1.42950        2.06940

