HF BASIS=def2-svp cutoff=1.0e-9 denserms=1.0e-6  zmake GRADIENT DIPOLE CHARGE=0

C         -8.19320       -0.45740        2.15360
C         -6.90130        0.28120        2.49700
O         -5.88330       -0.69190        2.69000
C         -4.63190       -0.17650        3.14290
O         -3.63670       -1.15740        2.77040
C         -3.54930       -2.28550        3.51870
O         -4.11350       -2.45270        4.59210
C         -2.66820       -3.32810        2.79140
C         -2.26110       -4.43220        3.81840
C         -1.11800       -4.00590        4.73390
C          0.17880       -3.72520        3.94840
C          0.91280       -2.53100        4.59020
C          1.11480       -4.94800        4.02590
C         -0.11600       -3.43950        2.45900
C         -1.39510       -2.59540        2.24120
C         -1.44110       -2.13260        0.77600
C         -0.63080       -1.13350        0.38760
C         -0.32490       -0.79250       -1.03440
C         -0.90730       -1.69480       -2.18340
C          0.09970       -1.71880       -3.43590
C          0.56550       -0.24670       -3.65570
C         -0.61200       -2.10650       -4.76570
C          0.14860       -3.09040       -5.65460
C          1.64500       -2.79790       -5.75340
O          1.75850       -1.52220       -6.39870
C          2.82210       -1.45190       -7.37160
O          2.46770       -2.23080       -8.52030
C          3.46450       -2.20360       -9.54590
C          3.70690       -0.76320      -10.02520
O          2.52670       -0.22480      -10.65760
C          4.05760        0.15300       -8.84730
O          5.33060       -0.20530       -8.30710
C          2.96590        0.03690       -7.77380
O          3.25910        0.82810       -6.61110
C          3.13090        2.22530       -6.84890
O          4.39950        2.87330       -6.77270
C          5.00610        2.93280       -5.47010
C          5.58380        1.57810       -5.01110
O          6.38630        0.99050       -6.03120
C          4.05060        3.52670       -4.41940
O          3.85330        4.93430       -4.66910
C          2.68910        2.81790       -4.46250
O          1.76360        3.44380       -3.56290
C          2.10750        2.83960       -5.87840
O          1.82740        4.20710       -6.24670
C          4.79380       -2.93480       -9.30290
O          4.78530       -3.69580       -8.19170
O          5.76220       -2.92010      -10.04410
C          2.33000       -2.84770       -4.35010
C          3.11190       -4.18500       -4.26090
C          3.39360       -1.74730       -4.23820
O          4.61180       -1.92110       -4.32480
C          1.31510       -2.67320       -3.13480
C          0.85230       -4.02930       -2.52980
C         -0.11230       -3.92870       -1.34420
C         -1.38210       -3.09300       -1.61570
C         -2.25320       -3.86110       -2.63750
C         -2.26670       -2.85990       -0.26950
C         -3.50490       -1.96200       -0.59670
C         -2.80060       -4.17150        0.35900
C         -3.55780       -3.94260        1.67650
O         -4.11220       -5.20390        2.07730
C         -4.16010        1.13610        2.45760
O         -3.49540        1.99340        3.42210
C         -2.08490        1.78670        3.52290
O         -1.79170        0.69680        4.39650
C         -2.10720        0.96450        5.76810
C         -1.81980       -0.30800        6.55160
C         -1.26960        2.13980        6.28970
O         -1.59630        2.44780        7.65630
C         -0.53110        2.17260        8.56420
O          0.65240        2.88560        8.17930
C          1.64260        3.01160        9.20290
C          1.51070        1.97190       10.31330
O          2.53330        2.10100       11.30000
C          0.14020        2.09790       10.99050
O          0.20640        3.06000       12.06490
C         -0.95830        2.53610       10.00520
O         -1.16870        3.96010       10.11670
C         -1.61040        3.38270        5.45670
O         -0.76680        4.47750        5.88220
C         -1.42650        3.11700        3.95930
O         -0.01080        3.06890        3.68110
C          0.40910        4.26580        3.01280
O          0.10630        4.14000        1.61780
C          1.16410        3.48590        0.90620
C          0.63390        3.04580       -0.45390
O          1.62260        2.30180       -1.15860
C          2.38620        4.42940        0.82320
O          2.25680        5.35030       -0.27670
C          2.53010        5.25200        2.13090
O          1.88420        6.53070        1.96220
C          1.91210        4.48160        3.30190
O          2.11720        5.15640        4.55160
C         -5.27110        2.01430        1.85620
O         -4.73270        2.77480        0.74380
C         -6.48330        1.23330        1.37600
O         -6.13580        0.51750        0.18590
H         -8.05970       -1.12270        1.29340
H         -8.49530       -1.09070        2.99820
H         -9.00740        0.24950        1.95030
H         -7.05990        0.83420        3.43390
H         -4.66200       -0.04960        4.23020
H         -3.11910       -4.72430        4.43980
H         -1.94400       -5.34510        3.29120
H         -0.94930       -4.79080        5.47970
H         -1.43210       -3.12060        5.29570
H          0.30430       -1.62220        4.55540
H          1.14520       -2.73580        5.64070
H          1.85890       -2.32940        4.07740
H          1.40180       -5.16600        5.06180
H          2.03140       -4.77700        3.45560
H          0.63280       -5.84170        3.61650
H         -0.21650       -4.38320        1.91150
H          0.75670       -2.94200        2.01660
H         -1.25350       -1.68310        2.84210
H         -0.03410       -0.60930        1.13090
H          0.76730       -0.81560       -1.07650
H         -0.63460        0.24540       -1.21240
H         -1.79950       -1.17670       -2.55560
H          1.01900       -0.08830       -4.63600
H         -0.28860        0.44090       -3.60940
H          1.28970        0.08270       -2.90830
H         -1.61510       -2.50180       -4.59930
H         -0.81780       -1.20270       -5.36230
H         -0.01270       -4.11720       -5.31550
H         -0.29010       -3.03830       -6.66020
H          2.08350       -3.56560       -6.41040
H          3.74500       -1.82780       -6.91150
H          3.00250       -2.75520      -10.37240
H          4.51050       -0.73430      -10.77060
H          1.83310       -0.90830      -10.65970
H          4.14440        1.18960       -9.19520
H          5.52180        0.42660       -7.57220
H          1.99670        0.36710       -8.17350
H          2.76670        2.42070       -7.86580
H          5.85020        3.62530       -5.60730
H          6.20990        1.72750       -4.12210
H          4.80140        0.86540       -4.75630
H          6.74770        0.15790       -5.65900
H          4.47770        3.46080       -3.41230
H          3.36270        4.99540       -5.51890
H          2.80600        1.77980       -4.12620
H          1.84070        4.40790       -3.74960
H          1.15720        2.29180       -5.90010
H          1.07580        4.19460       -6.86450
H          5.67380       -4.13260       -8.18110
H          3.87450       -4.24760       -5.05150
H          3.64290       -4.28220       -3.30670
H          2.46140       -5.05410       -4.39180
H          3.02200       -0.72350       -4.11440
H          1.88830       -2.19400       -2.32210
H          0.41620       -4.66670       -3.30040
H          1.73610       -4.56450       -2.15870
H          0.45070       -3.52490       -0.49520
H         -0.39130       -4.95010       -1.05360
H         -3.06900       -3.24180       -3.02690
H         -1.68130       -4.23640       -3.48840
H         -2.70040       -4.76240       -2.20320
H         -4.03740       -1.64710        0.30430
H         -4.22260       -2.49380       -1.22730
H         -3.23560       -1.02800       -1.10060
H         -3.49280       -4.68100       -0.32420
H         -1.98720       -4.88850        0.53180
H         -4.42950       -3.30900        1.49260
H         -4.83210       -5.41450        1.45630
H         -3.44410        0.89620        1.65580
H         -1.66580        1.52400        2.54280
H         -3.17740        1.17640        5.86410
H         -0.75520       -0.55320        6.52870
H         -2.34450       -1.15330        6.10140
H         -2.14240       -0.22530        7.59160
H         -0.19950        1.91760        6.17050
H         -0.31540        1.09890        8.50990
H          1.59370        4.03060        9.61680
H          2.62560        2.93190        8.72670
H          1.59100        0.96860        9.87520
H          3.39110        1.93550       10.86700
H         -0.12170        1.13060       11.43490
H          1.10090        2.92770       12.45590
H         -1.91510        2.06670       10.26030
H         -0.83630        4.19530       11.01130
H         -2.64480        3.69580        5.66470
H         -0.78090        4.44320        6.85960
H         -1.89960        3.93410        3.39330
H         -0.14540        5.13210        3.39950
H          1.44910        2.57870        1.45810
H          0.30550        3.90490       -1.05420
H         -0.24840        2.40760       -0.32350
H          1.56050        2.61740       -2.08400
H          3.28460        3.82510        0.64810
H          2.95980        6.02040       -0.17110
H          3.58420        5.48290        2.32960
H          1.23780        6.41770        1.23210
H          2.41670        3.51020        3.40710
H          1.35800        4.92300        5.13020
H         -5.59640        2.75850        2.59510
H         -4.40480        2.10640        0.11030
H         -7.29810        1.92370        1.12080
H         -6.23900        1.14070       -0.55620

