HF BASIS=def2-svp cutoff=1.0e-9 denserms=1.0e-6  zmake GRADIENT DIPOLE CHARGE=0

C         -2.48870       -5.04390        2.39690
C         -1.26260       -4.77400        1.56150
C         -0.10050       -5.67740        1.87050
C         -1.27840       -3.80430        0.62500
C         -0.17340       -3.37760       -0.30650
C          0.13410       -1.89700       -0.18960
C          0.92410       -1.38480        0.85550
O          1.40740       -2.20820        1.83990
C          1.26620       -0.02260        0.93620
C          2.12390        0.48600        2.07720
C          3.54130        0.65120        1.62660
O          3.82520        1.91960        1.01070
C          4.51130        1.64610        2.24310
C          5.98040        1.40710        2.07620
C          4.10760        2.53580        3.37700
C          0.78680        0.84720       -0.06030
O          1.18610        2.15920       -0.07810
C         -0.07360        0.38590       -1.06460
C         -0.67730        1.29650       -2.07620
O         -0.87610        0.84690       -3.20860
C         -1.07880        2.70570       -1.68020
C         -2.40960        3.11530       -2.31280
C         -3.58470        2.39640       -1.69080
C         -4.12280        1.25470       -2.29890
C         -5.18750        0.57330       -1.70810
C         -5.72490        1.02670       -0.50520
C         -5.19720        2.16110        0.10880
C         -4.13080        2.84250       -0.47970
C         -0.36570       -0.98930       -1.13830
O         -1.14880       -1.49970       -2.14820
H         -3.31880       -4.37460        2.14780
H         -2.25990       -4.90730        3.45900
H         -2.83340       -6.07180        2.24390
H         -0.39380       -6.72460        1.74130
H          0.21930       -5.53460        2.90800
H          0.76850       -5.50470        1.23290
H         -2.20200       -3.23940        0.48250
H          0.75520       -3.93340       -0.14450
H         -0.47020       -3.63610       -1.32970
H          0.81870       -2.97950        1.91130
H          1.69020        1.42360        2.44380
H          2.09670       -0.19450        2.93520
H          3.94950       -0.24780        1.17850
H          6.38500        0.90650        2.96140
H          6.19660        0.77910        1.20520
H          6.51160        2.35520        1.94350
H          4.13580        1.98000        4.31940
H          4.79290        3.38580        3.46310
H          3.10170        2.94720        3.25070
H          2.08940        2.22220        0.29500
H         -0.28730        3.37930       -2.02730
H         -1.15670        2.79340       -0.59180
H         -2.55370        4.19530       -2.18120
H         -2.40000        2.94620       -3.39660
H         -3.71040        0.88560       -3.23610
H         -5.59520       -0.31310       -2.18700
H         -6.55420        0.49520       -0.04630
H         -5.61550        2.51480        1.04720
H         -3.72670        3.72360        0.01340
H         -1.23400       -0.80940       -2.84460

