HF BASIS=def2-svp cutoff=1.0e-9 denserms=1.0e-6  zmake GRADIENT DIPOLE CHARGE=0

O          3.81860       -2.64640        4.21330
C          3.64650       -1.45700        3.55910
C          2.57620       -0.64940        3.93660
C          2.35710        0.56840        3.28820
O          1.28000        1.28680        3.73450
C          3.19520        0.98840        2.24130
C          2.94920        2.26470        1.48250
C          1.71710        2.23270        0.55710
O          1.26970        3.61500        0.42740
C          0.33310        4.03630        1.30360
O         -0.00270        3.44770        2.31950
C         -0.26740        5.31260        0.82770
C          0.12940        5.91270       -0.38230
C         -0.47390        7.09200       -0.79560
O         -0.08100        7.67230       -1.96300
C         -1.46890        7.67490       -0.02410
O         -2.05920        8.83300       -0.45740
C         -1.86760        7.08800        1.16890
O         -2.85770        7.70880        1.88350
C         -1.27850        5.90680        1.60490
C          1.97940        1.71360       -0.89650
C          2.35260        0.23990       -1.07360
C          3.22030       -0.10290       -2.13030
C          3.58590       -1.42360       -2.34350
O          4.44680       -1.72900       -3.35600
C          3.08330       -2.42380       -1.52880
O          3.45210       -3.72230       -1.75360
C          2.21180       -2.11520       -0.49340
O          1.74590       -3.15810        0.25900
C          1.84840       -0.79240       -0.25920
C          0.82070        2.11340       -1.84430
C         -0.52780        1.77460       -1.57680
O         -0.76750        1.00190       -0.47020
C         -2.13220        0.92880       -0.02510
C         -3.10010        0.63850       -1.17580
C         -3.00630        1.80340       -2.15510
C         -1.57050        2.19340       -2.41910
C         -1.25910        3.00290       -3.51330
O         -2.27690        3.46640       -4.29730
C          0.05820        3.34140       -3.81390
C          1.08730        2.89330       -2.98680
O          2.37790        3.24490       -3.27850
O         -2.69900       -0.57660       -1.84560
C         -3.65380       -1.21460       -2.55400
O         -4.82100       -0.87460       -2.64720
C         -3.06790       -2.42180       -3.19790
C         -1.67870       -2.65370       -3.22290
C         -1.18710       -3.79010       -3.84820
O          0.14360       -4.07180       -3.89740
C         -2.06440       -4.68340       -4.45130
O         -1.57740       -5.80340       -5.07210
C         -3.43520       -4.45650       -4.43340
O         -4.28260       -5.34460       -5.03560
C         -3.95050       -3.32800       -3.81000
C         -2.19810       -0.11000        1.08040
C         -2.93680        0.12410        2.25600
C         -2.91490       -0.80980        3.28660
O         -3.61950       -0.62330        4.44730
C         -2.13930       -1.95490        3.17050
O         -2.06510       -2.85430        4.20020
C         -1.40350       -2.19070        2.02080
O         -0.57340       -3.26910        1.92820
C         -1.47320       -1.30370        0.95770
C          4.27000        0.15210        1.88420
O          5.10510        0.56140        0.87530
C          4.50250       -1.06520        2.53420
H          4.56940       -3.11640        3.80570
H          1.91600       -0.95300        4.74240
H          1.09210        2.06970        3.18280
H          3.83070        2.59170        0.92080
H          2.81930        3.05790        2.22740
H          0.91540        1.65310        1.02050
H          0.90000        5.47780       -1.01260
H         -0.62830        8.48230       -2.03300
H         -2.72620        9.03750        0.22760
H         -2.99880        7.22650        2.71670
H         -1.58910        5.44640        2.53800
H          2.86080        2.28390       -1.21540
H          3.61230        0.66600       -2.79050
H          4.55250       -2.69500       -3.29170
H          2.98980       -4.22740       -1.04910
H          1.09320       -2.83370        0.91770
H          1.19310       -0.55530        0.57040
H         -2.37360        1.89420        0.43380
H         -4.12350        0.53270       -0.78950
H         -3.53200        2.67620       -1.74300
H         -3.49090        1.53200       -3.10090
H         -1.93850        4.13710       -4.89890
H          0.27730        3.95420       -4.68340
H          2.41250        3.76190       -4.10830
H         -0.99270       -1.94890       -2.77300
H          0.64490       -3.37350       -3.43470
H         -0.61010       -5.73530       -4.94170
H         -3.69360       -6.03170       -5.40930
H         -5.02720       -3.16220       -3.80250
H         -3.52010        1.03730        2.34960
H         -4.10710        0.21370        4.37620
H         -2.62990       -2.47110        4.90480
H         -0.73040       -3.76560        2.75820
H         -0.92940       -1.52580        0.04260
H          5.70390       -0.16810        0.65280
H          5.32760       -1.70230        2.22690

