HF BASIS=def2-svp cutoff=1.0e-9 denserms=1.0e-6  zmake GRADIENT DIPOLE CHARGE=0

O         -1.72030       -4.90110       -1.80040
C         -1.75940       -4.23270       -0.61230
C         -0.83480       -3.20740       -0.42240
C         -0.83040       -2.48580        0.77720
C          0.13860       -1.37420        1.01460
O          0.24650       -0.93450        2.16150
C          0.97460       -0.85300       -0.14350
C          1.56280        0.53460        0.12180
C          0.54070        1.63580       -0.04180
C         -0.16110        2.12730        1.06780
C         -1.11730        3.12550        0.89820
O         -1.82070        3.61940        1.95730
C         -1.38740        3.64890       -0.35980
C         -0.69550        3.16640       -1.46890
C          0.26280        2.16280       -1.31210
C         -1.75590       -2.83230        1.77650
O         -1.81640       -2.20580        2.99350
C         -2.67950       -3.85790        1.57410
C         -2.68460       -4.56290        0.37200
H         -2.41780       -5.57850       -1.80250
H         -0.12980       -3.00330       -1.22160
H          1.79670       -1.56390       -0.28680
H          0.37150       -0.82400       -1.05710
H          2.38040        0.71680       -0.58770
H          2.01830        0.59180        1.11800
H          0.04380        1.72260        2.05540
H         -1.54830        3.13690        2.75540
H         -2.13500        4.42810       -0.47500
H         -0.90360        3.57220       -2.45520
H          0.79290        1.79630       -2.18830
H         -1.06300       -1.57480        3.04090
H         -3.39050       -4.10590        2.35810
H         -3.40700       -5.36010        0.22750

