HF BASIS=def2-svp cutoff=1.0e-9 denserms=1.0e-6  zmake GRADIENT DIPOLE CHARGE=0

C         -0.10980       -1.80570       -7.48840
C         -1.35790       -1.41530       -6.70820
C         -1.00070       -0.66420       -5.42370
C         -2.25730       -0.28450       -4.63210
C         -1.96460        0.62320       -3.43240
C         -1.12700       -0.04510       -2.33850
C         -0.92280        0.89420       -1.14600
C         -0.03030        0.25450       -0.07630
C          0.09350        1.07910        1.20730
C          0.66020        2.49140        1.03920
C          2.08450        2.49690        0.57480
O          3.05800        2.30290        1.61050
C          3.02670        3.60010        0.99630
C          4.22280        3.93020        0.15580
C          5.27110        4.75020        0.91210
C          5.90470        3.98420        2.02860
O          7.29710        4.28130        2.21970
C          6.97370        2.95720        1.76870
C          7.26240        1.87740        2.76290
C          6.30370        0.69740        2.58670
C          6.64250       -0.41760        3.52240
O          6.11460       -0.26580        4.84880
C          5.62390       -1.37870        4.09100
C          4.16210       -1.31680        3.77130
C          3.33460       -2.05700        4.82890
C          1.82390       -1.93920        4.61250
C          1.33060       -2.65150        3.35050
C         -0.18640       -2.53070        3.21160
C         -0.68950       -3.21770        1.93970
C         -2.16510       -2.90240        1.69720
C         -2.63720       -3.40670        0.33050
C         -4.07920       -2.96720        0.07020
C         -4.52180       -3.29200       -1.35550
C         -6.00360       -3.00170       -1.62520
C         -6.36520       -1.52110       -1.84150
C         -6.33210       -0.65140       -0.63580
C         -5.61080        0.44330       -0.39040
C         -5.92250        0.98960        0.94940
C         -4.71940        0.99610        1.88170
O         -6.91860        0.10300        1.46550
C         -7.18740       -0.86260        0.54360
O         -8.00430       -1.75670        0.67480
H         -0.38440       -2.33560       -8.40670
H          0.47300       -0.92120       -7.76650
H          0.53350       -2.46440       -6.89370
H         -1.93250       -2.31890       -6.46370
H         -1.99440       -0.78510       -7.34480
H         -0.35140       -1.29770       -4.80580
H         -0.43470        0.24100       -5.67800
H         -2.95200        0.24460       -5.29660
H         -2.77240       -1.19150       -4.29310
H         -1.46090        1.53300       -3.77810
H         -2.92330        0.93870       -3.00310
H         -1.62290       -0.96530       -2.00350
H         -0.14690       -0.32890       -2.73330
H         -0.46940        1.82570       -1.49880
H         -1.89720        1.15080       -0.71240
H          0.96430        0.06100       -0.49480
H         -0.45210       -0.72100        0.19540
H          0.72050        0.52110        1.91960
H         -0.90080        1.16430        1.66880
H          0.58420        3.00470        2.00770
H          0.05440        3.07420        0.33750
H          2.24180        2.02810       -0.38950
H          2.63920        4.43550        1.56980
H          4.68240        3.01430       -0.24010
H          3.88070        4.51840       -0.70500
H          4.81350        5.65780        1.32040
H          6.03620        5.07890        0.19730
H          5.27540        3.88600        2.90490
H          7.22460        2.68800        0.74920
H          8.29810        1.53900        2.62780
H          7.18840        2.25790        3.78830
H          5.27750        1.04880        2.73820
H          6.36010        0.32200        1.55730
H          7.66090       -0.76950        3.41440
H          5.97070       -2.37180        4.35110
H          4.01320       -1.77710        2.78620
H          3.81330       -0.27760        3.70710
H          3.62570       -3.11710        4.84860
H          3.57480       -1.64840        5.81980
H          1.54240       -0.88100        4.57570
H          1.31760       -2.37160        5.48330
H          1.61850       -3.70870        3.38390
H          1.80140       -2.21480        2.46450
H         -0.67750       -2.97380        4.08630
H         -0.46360       -1.47020        3.19260
H         -0.54480       -4.30130        2.01840
H         -0.09400       -2.87680        1.08460
H         -2.31350       -1.81360        1.74620
H         -2.77680       -3.34650        2.49520
H         -1.98220       -3.00460       -0.45080
H         -2.56150       -4.49790        0.28810
H         -4.13980       -1.89180        0.24350
H         -4.74770       -3.45290        0.79020
H         -3.89900       -2.74530       -2.07700
H         -4.34940       -4.36310       -1.53470
H         -6.62120       -3.44030       -0.83040
H         -6.27180       -3.53130       -2.54990
H         -7.38020       -1.47810       -2.25600
H         -5.70660       -1.10690       -2.61650
H         -4.89430        0.88020       -1.07490
H         -6.35650        1.99350        0.87160
H         -3.91370        1.62480        1.48900
H         -4.33360       -0.01830        2.03700
H         -5.01230        1.37420        2.86770

