HF BASIS=def2-svp cutoff=1.0e-9 denserms=1.0e-6  zmake GRADIENT DIPOLE CHARGE=0

C         -0.56220       -0.34360        2.07840
C         -0.42160        0.91520        1.63790
C         -0.00750        1.26720        0.27320
C         -0.52130        2.43240       -0.30930
C         -0.13760        2.82310       -1.59890
C          0.77670        2.05710       -2.31990
O          1.23470        2.32300       -3.58050
C          0.72660        3.48940       -4.21550
C          1.30470        0.90380       -1.73720
C          0.92230        0.51250       -0.45000
C         -0.99330       -0.60720        3.48080
O         -1.15800        0.30650        4.28770
C         -1.20310       -2.05080        3.87570
C          0.09840       -2.64480        4.37720
O          0.91610       -2.99610        3.26470
H         -0.37960       -1.21060        1.45470
H         -0.63750        1.75190        2.30070
H         -1.23540        3.04840        0.23390
H         -0.57150        3.73040       -2.00520
H          1.00030        4.39250       -3.65990
H          1.18530        3.55700       -5.20670
H         -0.35760        3.42310       -4.35430
H          2.02660        0.30550       -2.28790
H          1.37220       -0.38020       -0.02290
H         -1.60520       -2.60920        3.02330
H         -1.96150       -2.06630        4.66670
H         -0.10170       -3.55940        4.94390
H          0.65180       -1.94600        5.01290
H          1.74020       -3.36870        3.62640

