HF BASIS=def2-svp cutoff=1.0e-9 denserms=1.0e-6  zmake GRADIENT DIPOLE CHARGE=0

C         -5.28240       -0.89300        3.99160
C         -4.75880       -0.16760        2.78210
C         -5.81850        0.56140        1.99530
C         -3.46870       -0.12250        2.39500
C         -2.27990       -0.78660        3.03850
C         -1.38350        0.20380        3.80050
C         -0.56200        1.22600        3.02160
C         -0.04980        2.35250        3.88700
C         -0.31020        1.14840        1.69860
C          0.55370        2.07890        0.88340
C          1.25820        1.37360       -0.26310
C          2.43470        0.63030       -0.06630
O          2.92200        0.59910        1.21400
C          3.81460       -0.46210        1.57350
O          3.21150       -1.76040        1.44270
C          2.07180       -1.93210        2.29780
C          2.49290       -1.84730        3.76980
O          3.48070       -2.85530        4.07960
C          3.14130       -0.47320        4.00330
O          3.61650       -0.38230        5.35170
C          4.30170       -0.23510        3.02210
O          5.39380       -1.12370        3.33950
C          1.35620       -3.24240        2.00680
O          0.23320       -3.38960        2.74610
O          1.65880       -4.10250        1.19570
C          3.03730       -0.00320       -1.15650
C          2.47780        0.10480       -2.43320
O          3.08870       -0.51120       -3.49080
C          1.30600        0.83220       -2.66090
C          0.69290        1.43970       -1.55270
C          0.70210        0.92810       -4.05050
C          0.28180        2.34600       -4.42870
C         -0.27190        2.30640       -5.82480
O         -0.22560        3.26890       -6.59080
C         -0.96280        1.06640       -6.23570
C         -1.58390        0.95180       -7.48490
O         -1.57430        1.95670       -8.41800
C         -2.26060       -0.21560       -7.82570
C         -2.32620       -1.25860       -6.90270
O         -2.98180       -2.42020       -7.19790
C         -1.72400       -1.15200       -5.65130
C         -1.02160        0.00690       -5.32610
O         -0.43660        0.04860       -4.08690
H         -5.82840       -0.19860        4.63850
H         -5.96990       -1.68790        3.68520
H         -4.49970       -1.34990        4.60010
H         -6.29900        1.31940        2.62290
H         -5.40750        1.06780        1.11500
H         -6.58440       -0.14010        1.65030
H         -3.22300        0.45570        1.50490
H         -2.59950       -1.56620        3.73790
H         -1.70850       -1.31500        2.26660
H         -0.67560       -0.38240        4.40250
H         -2.02080        0.74020        4.51760
H          0.78710        2.01550        4.50370
H          0.27770        3.21840        3.30560
H         -0.84280        2.72000        4.55070
H         -0.72950        0.32490        1.12660
H         -0.08690        2.87210        0.47590
H          1.31230        2.57950        1.49580
H          4.70400       -0.44570        0.93020
H          1.34290       -1.15070        2.06330
H          1.65470       -1.98230        4.46310
H          2.99870       -3.66820        4.32510
H          2.38490        0.30620        3.87470
H          4.36720       -1.01050        5.40430
H          4.68200        0.78560        3.14700
H          5.01510       -2.03040        3.34640
H         -0.15980       -4.22060        2.39710
H          3.94610       -0.58120       -1.03390
H          3.83490       -1.04000       -3.16440
H         -0.24500        1.97620       -1.68340
H          1.43640        0.57660       -4.79060
H          1.13890        3.02790       -4.40030
H         -0.51340        2.74000       -3.78570
H         -1.08010        2.71970       -8.03690
H         -2.73260       -0.28950       -8.80100
H         -3.22200       -2.40620       -8.14080
H         -1.78120       -1.97650       -4.94350

