HF BASIS=def2-svp cutoff=1.0e-9 denserms=1.0e-6  zmake GRADIENT DIPOLE CHARGE=0

C          5.65700       -7.21870       -1.56050
S          3.93860       -6.85790       -1.99470
C          3.56630       -5.64590       -0.81510
C          2.38810       -5.01060       -0.83270
C          2.10610       -3.97760        0.18030
O          2.84740       -3.67270        1.09960
O          0.89780       -3.43160       -0.10290
C          0.46970       -2.36520        0.76490
C         -1.05740       -2.30480        0.69610
C         -1.64350       -1.09110        1.44430
C         -3.17490       -1.15090        1.36760
C         -1.01270        0.26260        0.95380
C         -1.43830        0.56980       -0.50600
C         -1.47520        1.44300        1.86380
C         -0.76940        2.74330        1.55110
C         -1.34540        3.94030        1.28920
C         -0.57640        5.17480        0.87440
C         -2.83040        4.19400        1.36660
C          0.72540        2.59710        1.53400
O          1.45700        3.39480        2.11480
C          1.27730        1.43350        0.74300
C          0.53900        0.13950        1.09760
C          1.10660       -1.04810        0.31380
H          6.27320       -6.31890       -1.64780
H          5.72330       -7.60490       -0.53890
H          6.04880       -7.97590       -2.24480
H          4.30940       -5.40880       -0.05590
H          1.62190       -5.21400       -1.57120
H          0.75610       -2.58670        1.80170
H         -1.46140       -3.23410        1.11990
H         -1.38300       -2.31140       -0.35210
H         -1.38090       -1.21170        2.50580
H         -3.53800       -2.09640        1.78650
H         -3.64310       -0.34850        1.94370
H         -3.53570       -1.09270        0.33580
H         -2.51730        0.74650       -0.57400
H         -0.95460        1.46760       -0.90200
H         -1.19770       -0.24670       -1.19180
H         -1.28260        1.19610        2.91630
H         -2.55760        1.55450        1.77060
H         -0.50380        5.87390        1.71300
H          0.43070        4.96120        0.50880
H         -1.09430        5.68010        0.05110
H         -3.37840        3.42870        1.91970
H         -3.02300        5.14000        1.88550
H         -3.25320        4.26270        0.35910
H          1.21850        1.67160       -0.32320
H          2.33930        1.32800        0.99320
H          0.74980       -0.05360        2.16130
H          2.19300       -1.10360        0.45950
H          0.97050       -0.91200       -0.76660

