HF BASIS=def2-svp cutoff=1.0e-9 denserms=1.0e-6  zmake GRADIENT DIPOLE CHARGE=0

C          0.37120        6.29900        0.99180
C          1.86350        6.28740        0.67030
O          2.44950        4.99620        0.88970
C          2.19560        3.98880       -0.09210
O          0.84170        3.50840       -0.04230
C          0.60950        2.79140        1.19540
C         -0.88420        2.41980        1.32390
O         -1.33230        1.45090        0.35420
C         -1.00610        0.06640        0.61740
O          0.40510       -0.14180        0.48680
C          0.77800       -1.24790       -0.25150
C          0.68440       -1.37160       -1.59670
O          1.10790       -2.49240       -2.29990
C          1.71300       -3.51830       -1.62500
C          2.13110       -4.60780       -2.39260
C          2.75790       -5.68100       -1.76630
O          3.17810       -6.76840       -2.47240
C          2.97430       -5.67760       -0.39260
C          2.55500       -4.58640        0.36580
O          2.81230       -4.64220        1.70820
C          1.91450       -3.50540       -0.24900
C          1.43330       -2.34620        0.51230
O          1.56430       -2.31000        1.73650
C          0.09410       -0.34370       -2.49250
C          0.25930        1.02470       -2.24650
C         -0.42000        1.96470       -3.01230
O         -0.40980        3.28760       -2.66490
C         -1.16790        1.56980       -4.11180
O         -1.81290        2.49940       -4.87300
C         -1.28640        0.22730       -4.43000
C         -0.67010       -0.72590       -3.61090
C         -1.53120       -0.35000        2.01350
O         -1.17640       -1.67660        2.41900
C         -2.05350       -2.69850        1.93590
O         -1.82060       -2.91070        0.54470
C         -2.63710       -3.96950        0.01070
C         -2.36760       -4.08560       -1.49750
O         -2.72750       -2.88510       -2.18220
C         -2.32780       -5.30440        0.71480
O         -3.21000       -6.32940        0.24340
C         -2.51770       -5.15400        2.23130
O         -3.91160       -4.96800        2.52180
C         -1.71820       -3.96660        2.75230
O         -0.31770       -4.26950        2.65150
C         -0.98050        0.59020        3.09140
O          0.44180        0.48010        3.25760
C         -1.32870        2.03690        2.74840
O         -0.78820        2.91370        3.73730
C          2.55290        4.47440       -1.51060
O          3.97940        4.64350       -1.65730
C          1.87110        5.81340       -1.81910
O          2.35880        6.32860       -3.07290
C          2.17130        6.84360       -0.72700
O          3.57260        7.18060       -0.79590
H         -0.21670        5.73990        0.26000
H          0.18640        5.84640        1.97130
H         -0.01060        7.32460        1.00660
H          2.35230        6.93770        1.40720
H          2.86700        3.15430        0.14520
H          1.25830        1.91460        1.20600
H          0.90030        3.44040        2.02700
H         -1.42670        3.33800        1.06300
H         -1.55030       -0.50680       -0.14130
H          1.96470       -4.60120       -3.46530
H          3.01600       -6.62110       -3.41910
H          3.46830       -6.51850        0.08770
H          2.43630       -3.83970        2.12920
H          0.88270        1.35680       -1.42580
H         -0.19340        3.31600       -1.70790
H         -1.58860        3.35700       -4.45640
H         -1.87920       -0.08200       -5.28520
H         -0.81900       -1.77940       -3.84180
H         -2.62450       -0.23960        2.02310
H         -3.09690       -2.40410        2.10070
H         -3.69170       -3.68930        0.14090
H         -2.93300       -4.90760       -1.94770
H         -1.30350       -4.25390       -1.68860
H         -3.67460       -2.72690       -2.03130
H         -1.29400       -5.60370        0.49840
H         -2.84330       -7.18430        0.54130
H         -2.20760       -6.08080        2.72940
H         -4.38560       -5.65370        2.00950
H         -1.93420       -3.77970        3.81100
H          0.14200       -3.39980        2.65870
H         -1.40060        0.32510        4.06850
H          0.67420       -0.45650        3.07240
H         -2.42080        2.13700        2.79340
H          0.05170        2.50090        4.03290
H          2.25660        3.73280       -2.25880
H          4.24150        5.32390       -0.99760
H          0.78940        5.67620       -1.91510
H          3.21140        5.87380       -3.23210
H          1.62380        7.77570       -0.90860
H          3.68720        7.58710       -1.67850

