HF BASIS=def2-svp cutoff=1.0e-9 denserms=1.0e-6  zmake GRADIENT DIPOLE CHARGE=0

C          7.13780       -4.92350       -4.01700
O          6.41170       -5.45280       -2.91500
C          5.55510       -4.60120       -2.27360
C          5.32950       -3.26550       -2.59400
C          4.42030       -2.50760       -1.84490
C          3.71230       -3.06580       -0.76350
C          3.95240       -4.41030       -0.45400
C          4.86330       -5.16520       -1.20150
C          2.73870       -2.17860        0.00670
O          1.78090       -1.71910       -0.97050
C          0.84540       -0.85380       -0.47600
C          0.44840       -0.83000        0.86180
C          1.04640       -1.81010        1.78080
O          0.73340       -1.80680        2.97280
C          2.01030       -2.82440        1.19450
O          2.91140       -3.20970        2.23650
C         -0.51880        0.08560        1.29540
O         -0.94750        0.14370        2.59760
C         -1.08240        0.97280        0.37630
O         -2.05460        1.84480        0.77980
C         -1.50400        3.14180        1.07030
O         -1.35080        3.35820        2.47990
C         -2.58820        3.20590        3.18910
C         -3.55380        4.30800        2.73940
O         -3.01810        5.62990        2.97460
C         -3.78540        4.19490        1.22650
O         -4.56590        5.30710        0.75640
C         -2.45150        4.19450        0.46700
O         -2.69060        3.93790       -0.92950
C         -2.37570        3.29670        4.69360
O         -3.45600        2.89780        5.39880
O         -1.37570        3.68790        5.27380
C         -0.71220        0.91730       -0.96910
O         -1.26350        1.74020       -1.90970
C          0.24930        0.00740       -1.39780
H          7.78320       -5.71830       -4.40350
H          7.78190       -4.09370       -3.70660
H          6.46340       -4.62100       -4.82430
H          5.83980       -2.78030       -3.41930
H          4.25930       -1.46600       -2.11890
H          3.45150       -4.90260        0.37520
H          5.03740       -6.20620       -0.94030
H          3.32560       -1.31830        0.36410
H          1.42250       -3.69800        0.89000
H          2.37390       -3.30420        3.04850
H         -0.44800       -0.52220        3.12110
H         -0.51530        3.26880        0.60840
H         -2.99550        2.20560        2.99530
H         -4.50920        4.26200        3.27300
H         -2.07160        5.54030        3.20960
H         -4.35690        3.29050        0.99020
H         -4.32270        6.06150        1.33590
H         -1.99040        5.18730        0.53430
H         -3.44120        4.52370       -1.16540
H         -3.17260        2.98650        6.33390
H         -1.91490        2.34010       -1.48370
H          0.53380       -0.02630       -2.44640

