HF BASIS=def2-svp cutoff=1.0e-9 denserms=1.0e-6  zmake GRADIENT DIPOLE CHARGE=0

C         -5.05290       -1.80620       -1.66050
C         -5.04000       -1.30770       -0.22350
C         -3.76520       -0.51950        0.08280
C         -3.74380       -0.04140        1.53690
C         -2.54080        0.84550        1.87670
C         -1.28500        0.09570        2.33920
O         -0.33010        1.08120        2.74600
C         -0.63150       -0.73180        1.27220
C         -0.47100       -2.06370        1.35160
C          0.14270       -2.90410        0.34630
C          0.11210       -4.24340        0.40400
C          0.74010       -4.91390       -0.76890
C          1.11770       -3.70660       -1.59070
O          1.61220       -3.79410       -2.71160
C          0.85200       -2.38540       -0.88590
C          2.17000       -1.67280       -0.56370
C          2.73180       -0.89540       -1.76610
C          3.78000        0.13530       -1.32780
C          3.12430        1.37870       -0.71560
C          4.03860        2.08250        0.29090
C          3.29000        3.15540        1.08350
C          2.22860        2.53330        1.95430
O          1.02870        3.13100        1.80720
O          2.37280        1.56520        2.68620
H         -4.21180       -2.48250       -1.84680
H         -5.98010       -2.35210       -1.86550
H         -4.98680       -0.97180       -2.36670
H         -5.91930       -0.67430       -0.05490
H         -5.12170       -2.16510        0.45560
H         -2.89920       -1.15180       -0.12750
H         -3.70370        0.34540       -0.58840
H         -4.65330        0.54820        1.71270
H         -3.79120       -0.89700        2.22120
H         -2.30270        1.51450        1.03900
H         -2.83770        1.51630        2.69570
H         -1.52460       -0.50640        3.22330
H          0.47500        0.58830        3.02030
H         -0.29040       -0.18170        0.39870
H         -0.84870       -2.58050        2.23430
H         -0.35020       -4.81480        1.19950
H          1.63040       -5.47680       -0.48160
H          0.02050       -5.53260       -1.30870
H          0.16890       -1.78290       -1.49460
H          2.92790       -2.39640       -0.23380
H          2.02480       -0.99180        0.28010
H          3.19870       -1.60270       -2.46050
H          1.92780       -0.38980       -2.31380
H          4.37330        0.44390       -2.19690
H          4.47390       -0.33500       -0.62090
H          2.85510        2.07760       -1.51770
H          2.18330        1.10680       -0.22810
H          4.45820        1.34700        0.98690
H          4.88020        2.54070       -0.24050
H          3.97770        3.70870        1.73170
H          2.83150        3.87430        0.39420
H          0.38570        2.54600        2.28580

