HF BASIS=def2-svp cutoff=1.0e-9 denserms=1.0e-6  zmake GRADIENT DIPOLE CHARGE=0

C         -4.51820        0.06740        4.18410
O         -4.01170       -0.68370        3.08640
C         -2.80360       -0.29330        2.57610
C         -2.02190        0.75790        3.04180
C         -0.80820        1.04290        2.41830
O         -0.08890        2.07860        2.96180
C         -0.36590        0.30490        1.30550
C          0.91700        0.71530        0.67550
O          1.79920        1.19290        1.38920
C          1.05520        0.64810       -0.80300
C          2.24650        0.88710       -1.37220
C          2.47720        0.85970       -2.82230
C          1.86960       -0.08580       -3.65940
C          2.13660       -0.09610       -5.03110
C          3.02110        0.83150       -5.57740
C          3.64390        1.76580       -4.75270
C          3.37760        1.77580       -3.38120
C         -1.13240       -0.78770        0.86060
O         -0.62580       -1.54370       -0.16430
C         -1.30460       -2.74770       -0.50370
C         -2.35250       -1.06280        1.49600
H         -3.85550       -0.00820        5.05250
H         -4.68660        1.11240        3.90330
H         -5.48480       -0.36190        4.46460
H         -2.31810        1.36980        3.88700
H          0.82550        2.03390        2.59920
H          0.17180        0.43190       -1.39010
H          3.10970        1.13690       -0.75770
H          1.19240       -0.83300       -3.25310
H          1.65850       -0.83290       -5.67120
H          3.22980        0.82260       -6.64400
H          4.33910        2.48670       -5.17490
H          3.87470        2.51220       -2.75320
H         -2.29460       -2.53500       -0.91960
H         -0.72010       -3.25150       -1.27950
H         -1.36950       -3.42340        0.35560
H         -2.98750       -1.88350        1.17550

