HF BASIS=def2-svp cutoff=1.0e-9 denserms=1.0e-6  zmake GRADIENT DIPOLE CHARGE=0

C          3.72690        2.31910        1.36660
C          2.99070        1.00880        1.49130
C          1.48720        1.16140        1.35540
C          0.70790        1.59680        2.44620
O          1.40130        1.91270        3.58270
C          0.78630        2.72410        4.58620
O          1.54600        2.65070        5.80590
C          2.86800        3.19150        5.68400
C          2.82050        4.68150        5.35160
O          2.14700        5.42590        6.39270
C          2.01860        4.89060        4.06550
O          1.84970        6.31340        3.88250
C          0.64240        4.19770        4.14020
O         -0.20590        4.93460        5.04680
C          3.67610        2.93850        6.95700
O          4.95620        3.36080        6.85230
O          3.31460        2.37600        7.97600
C         -0.67980        1.67110        2.32090
C         -1.30750        1.33160        1.12070
C         -0.55590        0.93310        0.01350
C         -1.19970        0.57610       -1.28700
O         -0.49290        0.65510       -2.29610
C         -2.63850        0.05430       -1.32550
C         -3.68590        1.17800       -1.52690
C         -5.13010        0.61710       -1.66130
C         -5.25660       -0.67140       -2.43330
C         -6.65020       -1.09240       -2.80730
C         -4.18630       -1.41270       -2.76030
C         -2.75600       -1.09100       -2.36920
C         -2.03020       -2.36830       -1.92520
C         -1.01020       -2.92090       -2.72480
O         -0.64420       -2.27980       -3.87790
C         -0.38440       -4.12780       -2.39520
C         -0.75410       -4.80800       -1.23480
C         -1.76000       -4.27120       -0.42200
C         -2.38220       -3.07100       -0.76310
O         -3.39250       -2.60180        0.02810
C         -0.17700       -6.12560       -0.94420
C          0.21430       -6.51000        0.28060
C          0.66280       -7.88150        0.54630
C          1.80700       -8.45760       -0.02230
O          2.64960       -7.77850       -0.86230
C          2.15530       -9.77990        0.26010
C          1.35790      -10.53040        1.12010
O          1.65610      -11.82900        1.41030
C          0.23240       -9.97250        1.71490
C         -0.11340       -8.65210        1.42450
C         -3.35770        2.20380       -2.60670
C         -2.94330        3.50210       -2.27160
O         -2.84600        3.83820       -0.94460
C         -2.65020        4.46430       -3.24640
C         -2.75290        4.12250       -4.58940
O         -2.45620        5.01020       -5.58320
C         -3.15440        2.84370       -4.95940
C         -3.45870        1.89900       -3.97460
C          0.84380        0.86920        0.13710
O          1.64610        0.50950       -0.92690
C          4.82680        2.71550        2.04100
C          5.59470        1.85450        3.00770
C          5.41590        4.08410        1.82980
O          5.34450        4.79760        3.05770
H          3.28990        3.00580        0.64580
H          3.19470        0.51620        2.44880
H          3.37420        0.32430        0.72710
H         -0.19160        2.31660        4.86190
H          3.37770        2.63010        4.89350
H          3.82460        5.11040        5.26190
H          2.12510        6.34350        6.05010
H          2.58390        4.50670        3.21110
H          0.88610        6.47850        3.83190
H          0.16930        4.27630        3.15610
H          0.24580        4.89870        5.92010
H          5.34160        3.12240        7.72350
H         -1.31720        1.97980        3.14580
H         -2.38780        1.40370        1.08370
H         -2.83380       -0.36670       -0.33540
H         -3.72200        1.73670       -0.58520
H         -5.78610        1.38150       -2.10400
H         -5.51390        0.43290       -0.64820
H         -7.29180       -1.14780       -1.92380
H         -7.08860       -0.37400       -3.50100
H         -6.66770       -2.07500       -3.27960
H         -4.32420       -2.31260       -3.35140
H         -2.29160       -0.73190       -3.29720
H          0.16500       -2.67290       -4.23530
H          0.37790       -4.54640       -3.04820
H         -2.09790       -4.81730        0.45570
H         -3.58380       -3.24700        0.72630
H         -0.13470       -6.81310       -1.78550
H          0.16230       -5.84790        1.13870
H          2.36370       -6.85290       -0.89770
H          3.04940      -10.18960       -0.19370
H          2.46450      -12.06490        0.91880
H         -0.37810      -10.56740        2.39180
H         -1.01040       -8.22710        1.88110
H         -2.65470        4.78840       -0.87770
H         -2.33320        5.46310       -2.95540
H         -2.31190        5.88590       -5.19160
H         -3.22410        2.58070       -6.01390
H         -3.77630        0.91570       -4.30980
H          1.07030        0.43910       -1.72760
H          5.24500        0.82230        3.01390
H          6.65160        1.84090        2.72240
H          5.51800        2.23900        4.02680
H          4.88270        4.65620        1.06080
H          6.46430        3.99660        1.52460
H          5.79330        5.64050        2.90290

