HF BASIS=def2-svp cutoff=1.0e-9 denserms=1.0e-6  zmake GRADIENT DIPOLE CHARGE=0

C         -2.60110       -0.06760        0.48160
C         -2.59510        0.87700       -0.68970
C         -3.38070        2.14340       -0.47210
C         -1.98050        0.65280       -1.86780
C         -1.14800       -0.51450       -2.22550
O         -1.19540       -1.03450       -3.33140
O         -0.30660       -0.81110       -1.21540
C          0.66900       -1.89850       -1.26800
C         -0.02550       -3.22590       -1.62550
C          1.83620       -1.56260       -2.23270
O          1.46800       -1.76700       -3.58700
S          1.49480       -0.52850       -4.63430
O          0.18800       -0.84360       -5.51990
O          1.22050        0.69910       -3.91820
O          2.65970       -0.67770       -5.47510
C          1.23830       -2.00800        0.17940
O          0.17870       -2.38600        1.11330
C          0.52370       -1.75520        2.27910
C          1.51650       -0.80290        2.12860
C          1.88220       -0.70100        0.69680
O          3.28090       -0.70290        0.46720
C          1.94290       -0.08230        3.22680
C          1.37930       -0.32070        4.48190
C          0.36940       -1.28870        4.61480
C         -0.06900       -2.01300        3.50030
C          1.85310        0.45450        5.61700
C          2.80780        1.37250        5.43490
C          3.41270        1.63450        4.11730
O          4.29240        2.47620        3.98520
O          2.94330        0.88510        3.04570
H         -3.60930       -0.13980        0.90450
H         -1.92850        0.29500        1.26480
H         -2.31010       -1.08540        0.21060
H         -3.32830        2.81780       -1.33330
H         -2.99260        2.68460        0.39720
H         -4.43620        1.91140       -0.29600
H         -2.08440        1.35780       -2.68760
H         -0.37660       -3.24840       -2.66120
H          0.65540       -4.07390       -1.49530
H         -0.91140       -3.38930       -1.00200
H          2.19420       -0.54060       -2.07060
H          2.67930       -2.23680       -2.04310
H         -0.55000       -1.00530       -4.87970
H          1.97650       -2.82430        0.20360
H          1.44080        0.20180        0.26240
H          3.67810       -0.08400        1.10950
H         -0.08450       -1.48520        5.58370
H         -0.85010       -2.76100        3.59050
H          1.42310        0.27830        6.59690
H          3.18790        1.97100        6.25400

