HF BASIS=def2-svp cutoff=1.0e-9 denserms=1.0e-6  zmake GRADIENT DIPOLE CHARGE=0

C         -3.13940        0.38900        2.14160
C         -2.51070       -0.53860        1.06660
C         -3.47370       -0.51740       -0.13450
C         -2.45300       -1.95570        1.68990
C         -1.62370       -2.95700        0.89770
C         -0.20560       -2.44980        0.63890
C         -0.14470       -1.06440       -0.06660
C         -0.60260       -1.26150       -1.53110
C          1.34320       -0.51020        0.01020
C          2.41780       -1.42920       -0.62680
C          3.82280       -0.80590       -0.60690
C          3.81870        0.68200       -0.98040
C          2.93080        1.44490       -0.00170
C          1.51530        0.98970       -0.43240
C          1.62050        1.20190       -1.96670
C          3.07390        0.91880       -2.27130
C          3.61780        0.92060       -3.49390
C          0.46420        1.89560        0.22280
C         -0.96290        1.36110        0.14140
C         -1.05240       -0.05880        0.73710
H         -3.36230        1.38480        1.74600
H         -2.47490        0.50850        3.00460
H         -4.08530       -0.02440        2.51210
H         -3.47850        0.45740       -0.63210
H         -4.50240       -0.71370        0.19240
H         -3.24880       -1.27750       -0.88100
H         -2.02310       -1.88910        2.69900
H         -3.46720       -2.35490        1.81970
H         -2.12790       -3.20780       -0.04050
H         -1.56480       -3.89500        1.46330
H          0.32490       -3.20410        0.04510
H          0.31600       -2.39260        1.60360
H         -1.46960       -1.91650       -1.61880
H         -0.87340       -0.32750       -2.02450
H          0.16440       -1.74630       -2.13990
H          1.58610       -0.51500        1.08610
H          2.46020       -2.38990       -0.10180
H          2.16770       -1.66040       -1.66630
H          4.24940       -0.92120        0.39760
H          4.47330       -1.36660       -1.28930
H          4.83520        1.08760       -0.99500
H          3.15610        1.20770        1.04440
H          3.05480        2.52960       -0.12680
H          0.96850        0.55270       -2.54800
H          1.39830        2.24230       -2.23330
H          3.01700        1.11650       -4.37650
H          4.67530        0.72440       -3.64010
H          0.49620        2.90230       -0.21220
H          0.71610        2.02430        1.28470
H         -1.59850        2.05580        0.69900
H         -1.31650        1.39260       -0.89290
H         -0.57540        0.01730        1.72920

