HF BASIS=def2-svp cutoff=1.0e-9 denserms=1.0e-6  zmake GRADIENT DIPOLE CHARGE=0

C          1.18710        2.96140       -1.07710
C          2.68990        3.18830       -0.88100
O          3.33190        3.48600       -2.12140
C          0.51560        4.18670       -1.70700
O         -0.90020        3.99330       -1.76150
O          0.96780        1.84900       -1.98450
C          1.07340        0.60780       -1.42930
O          1.37300        0.38930       -0.26610
C          0.74430       -0.43550       -2.47260
C          0.91990       -1.86580       -1.96320
C          2.39470       -2.26910       -1.85980
C          2.59710       -3.71950       -1.40970
C          2.01620       -4.07370       -0.03650
C          2.59610       -3.23240        1.10310
C          2.13510       -3.69500        2.48910
C          0.62640       -3.61550        2.74410
C          0.07500       -2.18670        2.69840
C         -1.41920       -2.16490        3.03090
C         -1.98240       -0.75440        3.22460
C         -1.86250        0.18960        2.02540
C         -2.56240       -0.32850        0.76950
C         -2.63050        0.74260       -0.30810
H          0.69760        2.74600       -0.11850
H          3.18020        2.30310       -0.46370
H          2.86690        4.02800       -0.20160
H          3.19800        2.71450       -2.70090
H          0.70620        5.08770       -1.11640
H          0.85950        4.35580       -2.73330
H         -1.04910        3.17930       -2.27650
H         -0.30460       -0.29000       -2.75500
H          1.37150       -0.26750       -3.35450
H          0.42210       -1.97100       -0.99310
H          0.41630       -2.54810       -2.65880
H          2.93150       -1.59370       -1.18530
H          2.86500       -2.15160       -2.84440
H          2.15290       -4.38880       -2.15690
H          3.67310       -3.93420       -1.40590
H          2.22650       -5.13290        0.15830
H          0.92620       -3.97760       -0.06590
H          3.69100       -3.29520        1.07000
H          2.34360       -2.17620        0.96740
H          2.45890       -4.73210        2.64220
H          2.65540       -3.09530        3.24650
H          0.43210       -4.03880        3.73810
H          0.08530       -4.24880        2.03180
H          0.22970       -1.75850        1.70280
H          0.62310       -1.56210        3.41430
H         -1.59030       -2.72300        3.96010
H         -1.97960       -2.69060        2.24940
H         -1.48120       -0.28870        4.08190
H         -3.04120       -0.84150        3.50030
H         -0.80660        0.38890        1.80590
H         -2.30330        1.15300        2.31240
H         -3.58070       -0.65390        1.01260
H         -2.02650       -1.19780        0.37240
H         -3.08300        0.33780       -1.21830
H         -1.63390        1.11460       -0.55920
H         -3.23730        1.59160        0.02300

