HF BASIS=def2-svp cutoff=1.0e-9 denserms=1.0e-6  zmake GRADIENT DIPOLE CHARGE=0

C          0.33470        2.54210        1.79800
C          0.06160        2.01460        0.39260
C          1.32130        1.87570       -0.46600
C          0.74900        1.93500       -1.87960
C          0.68420        0.50320       -2.40880
C          1.43580       -0.39810       -1.40520
C          0.50050       -1.45880       -0.76310
C          0.11920       -2.51260       -1.82830
C         -0.69030       -3.68140       -1.27710
O         -1.99890       -3.21500       -0.96340
C         -0.02690       -4.33310       -0.05020
C          1.20610       -5.15200       -0.51090
C          1.92760       -5.84640        0.63810
O          1.06900       -6.85220        1.16930
C          2.30750       -4.85260        1.72790
C          1.09350       -4.06060        2.20620
C          0.32800       -3.30250        1.07660
C         -0.96660       -2.76990        1.74970
C          1.17180       -2.11390        0.47220
C          1.47490       -1.01920        1.50060
C          2.39980        0.03880        0.95440
O          3.27640        0.51340        1.68260
C          2.15880        0.58160       -0.44960
C          3.55580        0.88980       -1.05570
O         -0.57190        2.47810       -1.81360
C         -0.79300        2.95870       -0.47770
C         -2.30160        2.88580       -0.17700
C         -2.77400        4.07550        0.64770
C         -2.41770        5.40040       -0.04380
C         -2.23490        6.50130        1.00350
C         -1.17010        5.25870       -0.92460
O         -0.28360        4.29350       -0.36950
H          0.84860        3.50920        1.77920
H          0.95910        1.85310        2.37170
H         -0.59960        2.66550        2.35370
H         -0.44190        1.04570        0.46780
H          1.96360        2.74960       -0.28950
H          1.35540        2.56560       -2.53930
H          1.18550        0.45540       -3.38380
H         -0.35170        0.18770       -2.57320
H          2.19640       -0.96280       -1.96400
H         -0.42220       -0.96160       -0.44400
H          1.02900       -2.89730       -2.30440
H         -0.46440       -2.03150       -2.62210
H         -0.81580       -4.42520       -2.07310
H         -2.51560       -3.98270       -0.66220
H         -0.74900       -5.04620        0.37300
H          1.92350       -4.51270       -1.03670
H          0.87040       -5.91140       -1.22860
H          2.82400       -6.34920        0.25890
H          1.54950       -7.29770        1.88920
H          3.08290       -4.17070        1.36230
H          2.73030       -5.38900        2.58610
H          0.40190       -4.76310        2.69300
H          1.40710       -3.37630        3.00120
H         -1.64900       -3.59240        1.99400
H         -0.74280       -2.25560        2.69160
H         -1.51480       -2.06020        1.12660
H          2.13510       -2.51600        0.13160
H          0.56450       -0.52480        1.84860
H          1.97440       -1.44400        2.37570
H          4.19240       -0.00340       -1.03970
H          3.48930        1.23280       -2.09410
H          4.07680        1.66870       -0.48590
H         -2.86500        2.87040       -1.12000
H         -2.55890        1.94650        0.32680
H         -3.85800        4.01970        0.80210
H         -2.31980        4.02670        1.64360
H         -3.24970        5.70540       -0.69190
H         -2.05520        7.46910        0.52260
H         -3.13210        6.59920        1.62400
H         -1.38570        6.28820        1.66200
H         -1.44380        4.96290       -1.94490
H         -0.63270        6.20950       -1.00700

