HF BASIS=def2-svp cutoff=1.0e-9 denserms=1.0e-6  zmake GRADIENT DIPOLE CHARGE=0

C         -2.85860        1.21980       -6.86690
C         -2.28460        1.23000       -5.48120
O         -2.71410        1.91920       -4.56460
O         -1.19040        0.37520       -5.44640
C         -0.68450        0.22710       -4.15490
C         -1.28940       -0.65750       -3.26300
O         -2.39010       -1.36890       -3.64510
C         -0.74400       -0.79330       -1.99280
C          0.40120       -0.07270       -1.61440
C          1.01100        0.79290       -2.52170
C          0.46790        0.93940       -3.80260
C          0.84880       -0.31680       -0.27390
C          0.25870       -1.16840        0.62220
C          1.03430       -1.08920        1.80620
C          2.05530       -0.17520        1.52100
O          1.93630        0.29540        0.24130
C          3.04890        0.19470        2.42380
C          2.97920       -0.40950        3.67460
O          3.92720       -0.08860        4.60810
C          1.97810       -1.32620        4.00210
O          2.00420       -1.86030        5.26330
C          0.99010       -1.68490        3.08290
C         -0.91710       -1.91490        0.24520
O         -1.49180       -2.69480        0.99620
O         -1.38010       -1.69350       -1.08020
H         -2.13500        1.63870       -7.57030
H         -3.76560        1.83090       -6.88730
H         -3.12590        0.19860       -7.15050
H         -2.69350       -1.87590       -2.86980
H          1.89980        1.35370       -2.24210
H          0.93430        1.61180       -4.51750
H          3.82310        0.90560        2.16740
H          3.68860       -0.61730        5.39600
H          1.25290       -2.47310        5.35150
H          0.20800       -2.39620        3.32740

