HF BASIS=def2-svp cutoff=1.0e-9 denserms=1.0e-6  zmake GRADIENT DIPOLE CHARGE=0

C         -1.63390        1.37850        1.48600
C         -2.07260        1.72520        0.09220
C         -1.58120        2.86430       -0.55730
O         -0.65570        3.66930        0.05650
C          0.67150        3.27060       -0.33890
C          1.71300        3.92660        0.55150
F          1.66550        5.27450        0.47290
F          2.95840        3.54520        0.17760
F          1.55850        3.57520        1.84720
C         -2.04170        3.23710       -1.81300
C         -2.96360        2.41570       -2.42130
N         -3.42400        1.27570       -1.86740
C         -2.96580        0.92360       -0.63200
C         -3.50580       -0.37920       -0.09830
S         -3.11640       -1.78640       -1.18790
O         -3.86080       -2.99370       -0.68430
C         -1.41310       -2.04930       -0.65350
N         -0.46400       -1.13950       -0.61290
C          0.64650       -1.80340       -0.14830
C          1.94160       -1.32330        0.09350
C          2.90750       -2.21330        0.58070
C          2.59060       -3.55280        0.82140
C          1.30410       -4.05110        0.58500
C          0.36190       -3.14270        0.09980
N         -0.95850       -3.27210       -0.23850
H         -2.50420        1.18810        2.12270
H         -0.98740        0.49730        1.48020
H         -1.08010        2.19320        1.96290
H          0.78830        2.18170       -0.26760
H          0.84460        3.57630       -1.37760
H         -1.69490        4.14090       -2.29840
H         -3.36650        2.65160       -3.40190
H         -3.15910       -0.62170        0.90910
H         -4.59810       -0.30440       -0.05190
H          2.18490       -0.28430       -0.09550
H          3.91650       -1.85550        0.77260
H          3.36030       -4.22350        1.19930
H          1.05990       -5.09150        0.77070
H         -1.52760       -4.10580       -0.18750

