HF BASIS=def2-svp cutoff=1.0e-9 denserms=1.0e-6  zmake GRADIENT DIPOLE CHARGE=0

C         -2.94220        1.32310        2.27290
O         -1.85680        1.09610        1.37030
C         -0.99270        2.12910        1.12600
C         -1.24710        3.45190        1.51460
C         -0.31490        4.42190        1.20450
C          0.84520        4.13050        0.51030
C          1.61070        5.37680        0.29650
C          1.50730        5.96090       -1.09520
C          1.36760        7.43790       -0.81250
O          0.58720        7.54580        0.38150
C          0.79560        6.35540        1.15510
O         -0.46380        5.74630        1.51970
C          1.11600        2.83680        0.10100
C          0.19730        1.82840        0.41180
C          0.54430        0.45360       -0.02010
O         -0.03100       -0.52480        0.43950
C          1.66530        0.30620       -0.97330
C          2.49370        1.41380       -1.16260
O          2.28860        2.63660       -0.57570
C          3.61370        1.32930       -1.99550
C          3.89750        0.14260       -2.66820
C          3.05410       -0.95580       -2.51820
C          1.94740       -0.88210       -1.66400
O          1.09670       -1.95300       -1.64990
C          1.56370       -3.01300       -0.79440
O          0.71140       -3.13020        0.35370
C         -0.63640       -3.45600        0.00790
C         -0.69210       -4.84470       -0.62860
O         -2.01840       -5.22070       -1.03130
C          0.17830       -4.82020       -1.89270
O          0.24050       -6.14570       -2.45680
C          1.59770       -4.33860       -1.58920
O          2.28460       -5.36690       -0.84590
C         -1.47820       -3.38460        1.27350
O         -1.25910       -2.25850        1.99290
O         -2.30850       -4.22930        1.59910
H         -3.68130        2.00360        1.82990
H         -3.43710        0.36390        2.44760
H         -2.58470        1.69750        3.24440
H         -2.14580        3.74850        2.03670
H          2.64770        5.31400        0.64610
H          0.61360        5.59890       -1.61530
H          2.37030        5.72790       -1.72380
H          0.87690        7.98090       -1.62680
H          2.34350        7.89760       -0.62160
H          1.32230        6.62590        2.07740
H          4.26190        2.19300       -2.12920
H          4.76460        0.08000       -3.32220
H          3.25590       -1.86510       -3.08160
H          2.56720       -2.81290       -0.40030
H         -1.06540       -2.70720       -0.67300
H         -0.32900       -5.61870        0.05780
H         -2.54130       -5.29300       -0.19820
H         -0.28650       -4.17410       -2.65100
H         -0.69020       -6.45270       -2.46040
H          2.15100       -4.21040       -2.52860
H          2.04990       -6.20210       -1.29900
H         -0.63050       -1.64640        1.51560

