HF BASIS=def2-svp cutoff=1.0e-9 denserms=1.0e-6  zmake GRADIENT DIPOLE CHARGE=0

C         -1.88450       -0.81310        4.82180
C         -1.44140        0.59120        4.44340
C         -1.66870        0.86810        2.95730
C         -1.21600        2.27870        2.58020
C         -1.49490        2.58900        1.14260
N         -2.56130        3.23710        0.72380
C         -2.42890        3.36450       -0.63140
Cl         -3.60290        4.16920       -1.56700
C         -1.25490        2.78610       -1.07090
C         -0.74820        2.73520       -2.41840
O          0.33800        2.26330       -2.74850
N         -0.68270        2.25510        0.07560
C          0.56690        1.49890        0.15300
C          0.52860        0.19150       -0.60640
C         -0.60880       -0.62660       -0.63860
C         -0.64370       -1.75410       -1.46020
C          0.45970       -2.09310       -2.25600
C          1.63540       -1.34170       -2.13480
C          1.66940       -0.21250       -1.31690
C          0.35510       -3.14850       -3.26980
C          1.00050       -4.37780       -3.02810
C          0.91860       -5.42890       -3.94060
C          0.18640       -5.27190       -5.11030
C         -0.45760       -4.06120       -5.37020
C         -0.37950       -2.97920       -4.47170
C         -1.08770       -1.74480       -4.84490
N         -2.14930       -1.65390       -5.62910
N         -2.47730       -0.32380       -5.70480
N         -1.63440        0.41220       -4.99920
N         -0.75810       -0.46220       -4.48200
H         -1.71330       -0.99020        5.88820
H         -2.95110       -0.95550        4.62070
H         -1.32480       -1.56630        4.25810
H         -1.99650        1.31840        5.04730
H         -0.37910        0.71050        4.68590
H         -1.12240        0.12620        2.36370
H         -2.73230        0.74230        2.71770
H         -0.15380        2.42110        2.80740
H         -1.75620        3.00750        3.19820
H         -1.40330        3.16520       -3.19620
H          0.80470        1.28880        1.19850
H          1.34490        2.16680       -0.23560
H         -1.50290       -0.37100       -0.07260
H         -1.56070       -2.34000       -1.51700
H          2.51480       -1.59610       -2.72440
H          2.57700        0.38880       -1.29040
H          1.56580       -4.52400       -2.10870
H          1.41920       -6.37140       -3.73280
H          0.11120       -6.08980       -5.82280
H         -1.02810       -3.96130       -6.29380
H          0.00070       -0.11600       -3.90670

