HF BASIS=def2-svp cutoff=1.0e-9 denserms=1.0e-6  zmake GRADIENT DIPOLE CHARGE=0

C          1.44220        4.46020       -1.54430
C          1.29970        3.13050       -2.31080
C          2.62190        2.86250       -3.04990
O          0.30100        3.33660       -3.30960
C          0.84330        1.98790       -1.31560
C          2.07920        1.36180       -0.64350
C          1.78260        0.41440        0.49670
O          2.49740        0.44360        1.50070
C          0.71900       -0.66350        0.28110
C          1.44480       -1.72750       -0.58940
C         -0.52880       -0.04090       -0.46720
C         -1.46840        0.72350        0.53030
C         -1.85540       -0.05550        1.78480
C         -0.63040       -0.49780        2.59820
C          0.11610        0.72710        3.16940
C         -1.03840       -1.41510        3.81280
O         -1.68560       -2.62030        3.36830
C         -0.98600       -3.45150        2.55780
O         -1.23940       -4.64440        2.46620
C          0.00890       -2.82770        1.66030
O          1.15260       -2.20840        2.27330
C          0.23230       -1.31670        1.62390
C         -1.92690       -0.75620        4.83810
C         -1.53220       -0.16620        6.02460
O         -2.60010        0.31680        6.70740
C         -3.70320        0.01790        5.97740
C         -3.34990       -0.64700        4.82780
C         -0.21540        0.87690       -1.77740
C         -1.56710        1.54450       -2.20140
C          0.28990        0.04930       -3.03120
O          0.41880        0.85540       -4.21240
C         -0.61560       -1.11520       -3.45930
C          0.16660       -2.11830       -4.26320
O         -0.52040       -2.59130       -5.32060
O          1.27430       -2.55520       -3.99460
H          1.73450        5.27350       -2.21890
H          2.18730        4.39600       -0.74550
H          0.48350        4.75980       -1.10520
H          2.61750        1.89280       -3.55450
H          2.78560        3.61170       -3.83400
H          3.48680        2.89390       -2.37910
H          0.52210        4.15270       -3.79840
H          0.32090        2.52620       -0.51390
H          2.69830        0.82080       -1.36480
H          2.70410        2.15990       -0.22360
H          2.08620       -1.30350       -1.36110
H          0.73510       -2.40450       -1.07430
H          2.13300       -2.33680        0.00900
H         -1.14320       -0.88840       -0.79100
H         -1.03350        1.68280        0.82170
H         -2.41910        0.96010        0.04110
H         -2.45110       -0.92540        1.47990
H         -2.51390        0.57920        2.38880
H          0.43500        1.43570        2.40390
H         -0.51850        1.30890        3.84550
H          1.00680        0.41790        3.72740
H         -0.13120       -1.72900        4.35090
H          0.19760       -3.43140        0.78390
H         -0.57190       -0.01320        6.49910
H         -4.64630        0.33010        6.40410
H         -4.03160       -1.01720        4.07410
H         -1.82560        2.38510       -1.54850
H         -2.38520        0.81490       -2.16770
H         -1.58060        1.93110       -3.22260
H          1.30170       -0.30020       -2.84480
H          0.27140        1.79720       -3.99120
H         -1.44430       -0.74220       -4.07350
H         -1.03870       -1.67670       -2.62600
H          0.09510       -3.22480       -5.74480

