HF BASIS=def2-svp cutoff=1.0e-9 denserms=1.0e-6  zmake GRADIENT DIPOLE CHARGE=0

C          2.59950        0.67750       -5.27550
O          2.34380       -0.51440       -4.54230
C          1.59300       -0.36860       -3.40260
C          1.26760       -1.55940       -2.74780
O          1.69890       -2.75990       -3.25140
C          0.50290       -1.57030       -1.58200
C          0.04610       -0.36580       -1.01870
C         -0.82600       -0.43270        0.22440
C         -2.18150        0.26710        0.07910
O         -3.06070       -0.04430        1.16990
C         -2.50080       -0.01020        2.41980
C         -1.12020        0.01620        2.65320
C         -0.64910       -0.02580        3.97300
C         -1.54610       -0.07600        5.04340
C         -2.91210       -0.08740        4.79140
O         -3.82300       -0.13180        5.80630
C         -3.39380       -0.06410        3.48960
C         -0.15380        0.09990        1.49960
O          0.22780        1.47530        1.35390
C          0.40830        0.82480       -1.66600
O          0.07180        2.05580       -1.17170
C          1.15260        0.83140       -2.85180
H          3.20990        1.37840       -4.69330
H          3.17160        0.39940       -6.16630
H          1.66330        1.14920       -5.60760
H          2.20520       -2.52970       -4.05920
H          0.26350       -2.52840       -1.12820
H         -1.05190       -1.49450        0.41170
H         -2.10220        1.35710        0.00980
H         -2.68330       -0.07080       -0.83590
H          0.41930       -0.02830        4.17290
H         -1.16340       -0.11720        6.05630
H         -3.34850       -0.12270        6.65560
H         -4.46350       -0.08750        3.30750
H          0.75270       -0.48020        1.71220
H          0.37950        1.82810        2.25550
H          0.11990        1.99890       -0.19000
H          1.38260        1.79200       -3.29970

