HF BASIS=def2-svp cutoff=1.0e-9 denserms=1.0e-6  zmake GRADIENT DIPOLE CHARGE=0

C         -2.42090       -3.94930       -5.28660
C         -1.17380       -3.17220       -4.85910
C         -1.18490       -1.78610       -5.50970
C         -1.11470       -3.07290       -3.32500
C          0.25180       -2.67410       -2.79390
O          1.23450       -2.49890       -3.52010
C          0.42450       -2.49820       -1.34080
C          1.57410       -2.14260       -0.75160
O          2.76170       -1.86630       -1.39080
C          1.51060       -2.00880        0.73580
O          2.42330       -2.95710        1.31850
C          1.72220       -0.59360        1.31490
O          3.07780       -0.47520        1.76170
C          1.31740        0.60320        0.44050
C          0.74580        1.64130        1.40070
C          0.46000        2.90600        1.00720
C          0.62640        3.38290       -0.41910
C         -0.04680        4.00310        1.90760
C          0.55300        0.99420        2.78510
C          1.65600        1.46120        3.75830
C         -0.82070        1.24080        3.43630
C          0.73070       -0.52170        2.47920
C         -0.50940       -1.25700        1.91780
C          0.06790       -2.42190        1.11650
O          0.04620       -3.61060        1.89930
C         -0.56770       -2.61580       -0.25790
O         -1.75380       -2.83190       -0.46360
H         -2.47150       -4.03510       -6.37730
H         -3.33550       -3.45470       -4.94210
H         -2.40760       -4.96360       -4.87380
H         -0.29540       -3.71790       -5.22560
H         -1.22100       -1.87230       -6.60110
H         -0.28700       -1.21560       -5.25420
H         -2.05610       -1.20420       -5.18970
H         -1.35030       -4.05170       -2.88990
H         -1.85640       -2.34510       -2.97750
H          2.64370       -2.06290       -2.35070
H          3.12890       -2.41080        1.72670
H          3.62930       -0.29810        0.97460
H          0.53420        0.33890       -0.27810
H          2.18490        1.00090       -0.09700
H          1.41990        4.13560       -0.47370
H          0.87500        2.58620       -1.12430
H         -0.30600        3.83720       -0.77200
H          0.44480        4.95170        1.66320
H          0.15740        3.82910        2.96300
H         -1.12510        4.13400        1.77310
H          1.51180        2.50080        4.06870
H          2.65670        1.40230        3.32000
H          1.65450        0.85210        4.66960
H         -1.00320        0.51650        4.23910
H         -1.63900        1.15630        2.71320
H         -0.89680        2.23070        3.89440
H          1.10850       -1.05870        3.35940
H         -1.10890       -0.60290        1.27420
H         -1.15340       -1.59750        2.73600
H          0.94820       -3.99260        1.83330

