HF BASIS=def2-svp cutoff=1.0e-9 denserms=1.0e-6  zmake GRADIENT DIPOLE CHARGE=0

C          1.23580        5.11760        0.40920
C          2.13320        3.98530        0.88400
C          2.11230        2.76230       -0.03540
C          0.75170        2.06180       -0.08320
C          0.81860        0.78510       -0.92580
C         -0.54070        0.10390       -1.10920
C         -1.12900       -0.44310        0.19430
C         -2.43010       -1.21410       -0.06910
C         -3.07120       -1.77620        1.20220
O         -3.38160       -0.69670        2.08440
C         -2.20580       -2.82980        1.89400
O         -1.76810       -3.80710        1.07910
O         -1.95840       -2.85890        3.09110
H          0.17940        4.83650        0.44960
H          1.36900        5.99550        1.04960
H          1.47890        5.40770       -0.61780
H          1.84530        3.69320        1.90060
H          3.16290        4.35830        0.94130
H          2.86860        2.05230        0.32200
H          2.41180        3.05920       -1.04790
H         -0.00120        2.73390       -0.50940
H          0.43690        1.82160        0.93820
H          1.52540        0.07880       -0.47340
H          1.21260        1.03300       -1.91940
H         -1.24590        0.80810       -1.56730
H         -0.41420       -0.72280       -1.81930
H         -0.39600       -1.10160        0.67430
H         -1.32890        0.38200        0.88610
H         -3.14310       -0.52840       -0.54460
H         -2.23790       -2.02470       -0.78200
H         -4.02040       -2.26250        0.95060
H         -3.40100       -1.07050        2.98680
H         -1.25600       -4.40210        1.66680

