HF BASIS=def2-svp cutoff=1.0e-9 denserms=1.0e-6  zmake GRADIENT DIPOLE CHARGE=0

C          0.88070        2.40350       -3.90020
O          1.57430        1.46020       -3.08610
C          0.77250        0.68380       -2.29080
C          1.23910       -0.59800       -1.99080
O          2.42210       -1.04130       -2.52280
C          3.49800       -0.79590       -1.60410
O          3.86750       -2.03580       -0.98370
C          4.96080       -1.88640       -0.07190
C          5.21990       -3.23240        0.61500
O          6.16360       -3.12220        1.67410
C          6.21480       -1.39390       -0.81140
O          7.30260       -1.19120        0.10160
C          5.90380       -0.07750       -1.53800
O          7.04950        0.28830       -2.32620
C          4.67170       -0.22500       -2.42810
O          5.02640       -1.09850       -3.52390
C          0.50170       -1.45810       -1.18470
C         -0.70110       -1.02050       -0.63100
C         -1.17850        0.27040       -0.89020
C         -0.42760        1.11940       -1.72190
C         -2.42630        0.73080       -0.24690
C         -3.42900        1.32020       -0.92360
O         -3.41710        1.55700       -2.28570
C         -4.63830        1.73230       -0.17520
O         -5.58240        2.26100       -0.75780
C         -4.65720        1.48790        1.26830
C         -5.74430        1.86290        2.06490
O         -6.86020        2.47550        1.56410
C         -5.72590        1.61930        3.43680
C         -4.61510        0.99690        4.00040
O         -4.55060        0.73570        5.33700
C         -3.52920        0.61780        3.21530
C         -3.55240        0.86680        1.84320
O         -2.45600        0.47380        1.11830
H          1.56070        2.72350       -4.69740
H          0.60970        3.28830       -3.31620
H         -0.00020        1.95430       -4.37370
H          3.22030       -0.07540       -0.81970
H          4.68850       -1.16300        0.70810
H          5.58190       -3.97510       -0.10290
H          4.28780       -3.62940        1.03250
H          6.89210       -2.54970        1.35050
H          6.54710       -2.14410       -1.54010
H          7.95820       -0.65620       -0.39720
H          5.75710        0.72540       -0.80400
H          6.93690       -0.18980       -3.17700
H          4.40340        0.73290       -2.88600
H          4.17810       -1.45170       -3.85860
H          0.86760       -2.46180       -0.98090
H         -1.26210       -1.69630        0.01070
H         -0.78120        2.13000       -1.89510
H         -4.29320        1.94740       -2.48890
H         -6.74930        2.58380        0.59290
H         -6.57780        1.91670        4.04110
H         -5.36450        1.05760        5.76160
H         -2.67200        0.13230        3.67380

