HF BASIS=def2-svp cutoff=1.0e-9 denserms=1.0e-6  zmake GRADIENT DIPOLE CHARGE=0

O          1.14120       -3.16390       -4.82700
C          1.21640       -1.90360       -5.52200
C          0.23910       -0.91670       -4.88450
C          0.81270       -0.29870       -3.63830
C          2.16270       -0.44560       -3.31800
O          3.05380       -1.13790       -4.09480
C          2.65920       -1.36030       -5.47250
C          3.00110       -0.15200       -6.34400
C          4.12520        0.63820       -6.02620
C          4.46000        1.73390       -6.81670
O          5.53270        2.53270       -6.52740
C          3.70010        2.05070       -7.93680
O          4.02980        3.12870       -8.70460
C          2.60880        1.27720       -8.29020
C          2.26570        0.17430       -7.50000
C          2.67670        0.08510       -2.13210
C          1.84310        0.79750       -1.27160
O          2.33800        1.32020       -0.11160
C          0.49570        0.99150       -1.57710
C          0.00490        0.44480       -2.76670
O         -1.36240        0.56960       -3.09540
C         -2.19670        1.46620       -2.44050
O         -3.39790        1.51090       -2.68120
C         -1.50740        2.42910       -1.51690
C         -0.45070        1.73170       -0.66370
C         -1.08430        0.88940        0.44360
C         -1.30930       -0.49450        0.32020
C         -1.91580       -1.20310        1.35640
O         -2.11810       -2.55370        1.25700
C         -2.30200       -0.55150        2.52440
O         -2.93140       -1.25600        3.51330
C         -2.03390       -1.57850        4.58160
O         -2.33780       -0.84630        5.78070
C         -3.64670       -1.08900        6.31550
C         -3.86410       -2.59090        6.56180
O         -5.19340       -2.89400        7.01780
C         -3.54240       -3.42410        5.32430
O         -3.63460       -4.81400        5.68270
C         -2.13180       -3.09590        4.84120
O         -1.84140       -3.90760        3.69650
C         -4.80000       -0.35820        5.58460
O         -6.03440       -0.87490        5.80270
O         -4.65320        0.66190        4.92040
C         -2.10770        0.81830        2.65990
C         -1.49510        1.53290        1.62850
H          1.51920       -3.02500       -3.93820
H          0.90220       -2.12330       -6.54640
H          0.00910       -0.10800       -5.58860
H         -0.69460       -1.43810       -4.63840
H          3.31760       -2.16950       -5.81570
H          4.72760        0.39030       -5.15590
H          5.95890        2.18740       -5.72430
H          4.82180        3.50370       -8.27200
H          2.02830        1.52620       -9.17420
H          1.40870       -0.41600       -7.81590
H          3.72680       -0.06410       -1.89960
H          3.26990        1.06030       -0.01260
H         -2.26330        2.91100       -0.88610
H         -1.05510        3.21010       -2.14150
H          0.12560        2.52930       -0.17230
H         -1.00600       -1.02460       -0.57620
H         -1.94030       -2.81780        0.33660
H         -0.99310       -1.35040        4.31530
H         -3.65160       -0.60670        7.30280
H         -3.19100       -2.90640        7.37170
H         -5.21980       -3.87890        7.04700
H         -4.29000       -3.27150        4.53690
H         -3.15730       -5.29230        4.97200
H         -1.41120       -3.38410        5.61800
H         -2.11760       -3.39870        2.89750
H         -6.02320       -1.67480        6.38560
H         -2.43860        1.33180        3.56050
H         -1.34910        2.60540        1.75240

