HF BASIS=def2-svp cutoff=1.0e-9 denserms=1.0e-6  zmake GRADIENT DIPOLE CHARGE=0

C          1.21180        9.36370        1.11070
C          1.68830        7.92460        0.90330
C          3.08170        7.74800        1.50830
C          0.66300        6.94260        1.50780
C          0.93940        5.46300        1.19870
N          0.89200        5.21730       -0.24130
C          1.60170        4.20480       -0.83990
O          2.46070        3.55490       -0.24470
C          1.16350        3.86140       -2.27720
C          1.10240        5.10640       -3.16880
O         -0.01120        5.91800       -2.77730
C         -0.29100        7.06950       -3.58940
C         -0.80480        6.65560       -4.97450
C          0.92230        7.99990       -3.71110
C         -1.41240        7.81380       -2.84890
N          2.09980        2.86480       -2.80550
C          1.65160        1.92490       -3.70740
O          0.52050        1.96900       -4.19020
C          2.67020        0.81970       -4.05370
C          3.37570        1.10610       -5.38990
C          2.50180        1.02660       -6.62090
C          1.82520        2.16100       -7.09360
C          0.97500        2.07230       -8.19830
C          0.80510        0.84770       -8.83510
O         -0.03150        0.71280       -9.90220
C          1.47870       -0.28380       -8.39170
C          2.32730       -0.19540       -7.28870
N          1.96370       -0.45830       -4.01890
C          1.71010       -1.03660       -2.79440
O          2.29750       -0.69020       -1.76460
C          0.66660       -2.17060       -2.78010
C         -0.63830       -1.70280       -3.43150
O         -0.51290       -1.79330       -4.85560
N          0.50790       -2.53530       -1.37350
C         -0.16090       -3.65070       -0.93910
O         -0.71870       -4.43460       -1.70960
C         -0.17080       -3.81700        0.59900
C          1.20550       -4.20930        1.15720
C          1.68310       -5.57450        0.74850
C          1.46620       -6.75480        1.43560
N          2.05690       -7.77450        0.73850
C          2.66460       -7.28730       -0.39340
C          3.37690       -7.96110       -1.39300
C          3.90750       -7.19930       -2.43720
C          3.74190       -5.81730       -2.47260
C          3.03130       -5.15970       -1.46230
C          2.46720       -5.90570       -0.40520
N         -1.22830       -4.75480        0.97610
C         -2.53770       -4.33440        0.98870
O         -2.85540       -3.16110        0.77530
C         -3.59270       -5.43040        1.23510
C         -3.76770       -6.31880       -0.00630
C         -4.23300       -5.58130       -1.21860
C         -5.49050       -5.23530       -1.65900
N         -5.41770       -4.49700       -2.81110
C         -4.14190       -4.46480       -3.12410
N         -3.37870       -5.09160       -2.18130
N         -4.82800       -4.74350        1.62720
C         -5.00150       -4.38840        2.95260
O         -4.37960       -4.92730        3.86710
C         -6.07010       -3.30890        3.19820
C         -5.80840       -2.01310        2.43860
C         -6.27940       -0.90950        3.38020
C         -6.07130       -1.52620        4.73470
O         -5.95930       -0.93100        5.79170
N         -6.06210       -2.89200        4.57930
C         -0.11810        4.54930        1.86530
O         -1.07560        4.97700        2.51170
N          0.09200        3.20190        1.64370
C         -0.64610        2.20330        2.41080
C         -0.90200        0.93640        1.59020
C         -1.78090        1.18400        0.36050
C         -2.36230       -0.13500       -0.14250
N         -3.05810        0.09440       -1.40360
C         -4.01390       -0.69390       -1.71970
N         -4.67980       -0.50410       -2.87820
N         -4.51350       -1.76630       -1.06610
C          0.21180        1.83540        3.64170
O          1.43050        2.04910        3.65830
N         -0.39690        1.18650        4.69170
C         -1.81740        1.05420        4.96730
C         -1.88140        1.05980        6.48500
C         -0.60630        0.33020        6.89580
C          0.40890        0.70980        5.81100
C          1.21990       -0.53470        5.40390
O          0.78730       -1.42230        4.66610
N          2.45370       -0.61550        6.02980
N          3.31010       -1.64990        5.61230
C          4.61250       -1.60420        6.03560
N          5.31440       -2.72410        5.72500
O          5.12060       -0.65830        6.62460
H          0.23960        9.52250        0.63210
H          1.91770       10.07490        0.66800
H          1.10960        9.60240        2.17490
H          1.75790        7.75420       -0.17850
H          3.49690        6.76300        1.27620
H          3.05830        7.86150        2.59700
H          3.77630        8.49410        1.10770
H          0.62570        7.08420        2.59690
H         -0.33690        7.20360        1.13200
H          1.91610        5.16570        1.59700
H          0.08010        5.56930       -0.75120
H          0.16900        3.40620       -2.19110
H          0.98870        4.80040       -4.21210
H          2.03110        5.67730       -3.06760
H         -1.62990        5.93960       -4.88570
H         -0.02490        6.16530       -5.56650
H         -1.15450        7.52080       -5.54800
H          1.71390        7.54820       -4.31830
H          0.65050        8.95100       -4.18140
H          1.35470        8.20850       -2.72680
H         -1.08520        8.10410       -1.84340
H         -1.72700        8.71540       -3.38570
H         -2.28730        7.16700       -2.71340
H          2.81800        2.56630       -2.14590
H          3.44270        0.80560       -3.27460
H          4.20460        0.39570       -5.51130
H          3.84220        2.10000       -5.35190
H          1.93310        3.11770       -6.58840
H          0.44980        2.96010       -8.53420
H         -0.49050        1.55780      -10.03770
H          1.33160       -1.23400       -8.89580
H          2.83870       -1.09090       -6.94320
H          1.21540       -0.56160       -4.70980
H          1.08810       -3.03130       -3.31170
H         -1.49530       -2.31020       -3.12400
H         -0.86200       -0.66100       -3.18210
H         -1.02860       -2.57380       -5.13670
H          0.97520       -1.92130       -0.70860
H         -0.43530       -2.83770        1.02020
H          1.95620       -3.46560        0.86350
H          1.15920       -4.17580        2.25400
H          0.95050       -6.95420        2.36610
H          2.06160       -8.74680        1.01670
H          3.51780       -9.03640       -1.36420
H          4.46470       -7.69290       -3.23100
H          4.17010       -5.24310       -3.29020
H          2.92390       -4.08050       -1.50000
H         -1.03450       -5.73710        0.82010
H         -3.24710       -6.05070        2.06980
H         -2.82340       -6.82730       -0.23620
H         -4.49710       -7.10600        0.21880
H         -6.44480       -5.45050       -1.19370
H         -3.71220       -3.97810       -3.98960
H         -2.36010       -5.12830       -2.17690
H         -5.16000       -4.07250        0.94390
H         -7.06090       -3.72410        2.97870
H         -4.73940       -1.88080        2.23690
H         -6.32910       -1.98230        1.47620
H         -5.68140       -0.00120        3.26360
H         -7.34180       -0.68380        3.24590
H         -5.81580       -3.50820        5.34790
H          1.04670        2.94650        1.38970
H         -1.59120        2.64170        2.73870
H          0.04820        0.49250        1.26580
H         -1.38040        0.18420        2.22750
H         -2.60630        1.86240        0.60810
H         -1.19330        1.67030       -0.42820
H         -3.02970       -0.52160        0.63570
H         -1.55650       -0.85570       -0.30620
H         -4.42190        0.38990       -3.28460
H         -5.68250       -0.58080       -2.76880
H         -3.85430       -2.18240       -0.40650
H         -4.86180       -2.48170       -1.70090
H         -2.15090        0.09360        4.56210
H         -2.40610        1.86030        4.52690
H         -1.84830        2.09040        6.85760
H         -2.78640        0.58530        6.87260
H         -0.78810       -0.75140        6.92170
H         -0.26910        0.62870        7.89440
H          1.07080        1.51730        6.14400
H          2.93510        0.24240        6.30120
H          2.86420       -2.54450        5.43920
H          6.30350       -2.64070        5.92380
H          5.09370       -3.17120        4.84450

