HF BASIS=def2-svp cutoff=1.0e-9 denserms=1.0e-6  zmake GRADIENT DIPOLE CHARGE=0

O         -2.26250        1.61930       -2.31770
C         -0.97510        1.87750       -1.93090
C         -0.32040        2.92150       -2.58300
C          0.99370        3.21320       -2.24100
O          1.64240        4.22800       -2.88300
C          1.64990        2.48410       -1.25340
O          2.94490        2.81410       -0.95200
C          0.99560        1.45360       -0.58380
C         -0.31750        1.13840       -0.93660
C         -0.96400       -0.00490       -0.26700
O         -2.12550       -0.29870       -0.53840
C         -0.11790       -0.80300        0.68280
C          0.86560        0.14720        1.35270
O          1.70980        0.78990        0.38060
C          1.75220       -0.59480        2.33370
C          1.50670       -0.50230        3.71240
C          2.30480       -1.19600        4.62410
C          3.35390       -1.99230        4.17020
C          3.60650       -2.09750        2.80450
C          2.81020       -1.40510        1.89080
H         -2.59760        0.85520       -1.79630
H         -0.82680        3.49380       -3.35450
H          2.53690        4.24950       -2.48730
H          3.22210        2.19300       -0.24870
H         -0.76690       -1.27540        1.42830
H          0.38700       -1.58440        0.10320
H          0.32900        0.93990        1.89500
H          0.69140        0.11090        4.09100
H          2.10740       -1.11590        5.69030
H          3.97430       -2.53180        4.88130
H          4.42440       -2.71990        2.45020
H          3.02330       -1.50130        0.82800

