HF BASIS=def2-svp cutoff=1.0e-9 denserms=1.0e-6  zmake GRADIENT DIPOLE CHARGE=0

C          2.97560        4.30280       -0.92540
O          2.71610        2.90960       -0.79140
C          2.81570        2.36270        0.46120
C          3.01660        3.10400        1.62940
C          3.09150        2.44690        2.85670
C          2.97930        1.06540        2.95720
C          3.07130        0.44160        4.26650
C          3.25610        1.20590        5.34750
C          3.37480        2.67230        5.26740
O          3.54060        3.34280        6.27930
O          3.28890        3.24260        4.00370
C          2.77990        0.32350        1.79330
C          2.67690        0.95930        0.53810
C          2.46710        0.11070       -0.70120
C          1.22920       -0.80010       -0.68320
C         -0.14630       -0.17180       -1.03470
C         -0.18380        0.37430       -2.47270
C         -0.52940        0.96830       -0.05880
O         -1.84440        1.46410       -0.34940
O         -1.14580       -1.19220       -0.80300
C         -1.31630       -2.20990       -1.78040
O         -2.30010       -1.80290       -2.74270
C         -3.57100       -1.51060       -2.11760
C         -4.14390       -2.72940       -1.38200
O         -5.32500       -2.41920       -0.62740
C         -3.10780       -3.28740       -0.40170
O         -3.57150       -4.53740        0.14110
C         -1.77140       -3.51820       -1.10510
O         -0.80210       -4.00440       -0.16840
C         -4.52870       -1.11570       -3.23440
O         -3.89060       -0.82070       -4.39260
O         -5.74630       -1.07030       -3.11170
H          2.21430        4.89560       -0.40770
H          2.92210        4.55220       -1.98960
H          3.98290        4.55410       -0.57530
H          3.11230        4.18390        1.62110
H          2.98630       -0.63660        4.34880
H          3.32710        0.78190        6.34190
H          2.70810       -0.76130        1.85550
H          2.46650        0.71220       -1.61510
H          3.35740       -0.52830       -0.78700
H          1.42790       -1.60380       -1.40540
H          1.14200       -1.32220        0.27830
H         -1.20510        0.62390       -2.78190
H          0.42770        1.27820       -2.57310
H          0.19530       -0.35950       -3.19470
H          0.14800        1.81970       -0.14260
H         -0.53860        0.60540        0.97520
H         -2.05600        2.10930        0.34690
H         -0.37940       -2.40960       -2.30900
H         -3.48000       -0.63470       -1.46480
H         -4.42320       -3.51650       -2.09470
H         -5.96900       -2.01560       -1.24740
H         -2.98460       -2.62120        0.46100
H         -4.47960       -4.34900        0.45850
H         -1.89420       -4.30010       -1.86470
H         -1.28300       -4.66720        0.36810
H         -2.92470       -0.96020       -4.25490

