HF BASIS=def2-svp cutoff=1.0e-9 denserms=1.0e-6  zmake GRADIENT DIPOLE CHARGE=0

C          0.63170       -2.53450       -6.73460
C          1.70550       -2.58760       -5.64010
C          2.96690       -1.85770       -6.11670
O          1.18740       -1.82170       -4.53350
C          1.04490       -2.42190       -3.31460
C          0.52490       -1.60230       -2.30910
C          0.34640       -2.10940       -1.02440
C          0.69610       -3.42660       -0.74020
C          0.50840       -3.90500        0.63510
O          0.83800       -5.04170        0.95880
C         -0.08380       -2.96690        1.59950
C         -0.40400       -1.72980        1.19230
O         -0.17790       -1.25400       -0.09040
C         -1.00430       -0.72960        2.10090
C         -0.48880        0.58080        2.08570
C         -1.04300        1.57670        2.89470
O         -0.53660        2.84820        2.94090
C         -0.50520        3.50460        1.66240
O         -1.12420        4.79690        1.77210
C         -0.49520        5.69740        2.68670
C          1.04170        5.64880        2.62870
O          1.62020        6.96290        2.73650
C          1.47490        5.05090        1.29560
O          2.90910        5.04310        1.19620
C          0.96030        3.61790        1.17320
O          1.09270        3.20450       -0.20060
C         -0.97070        5.52620        4.13310
O         -0.35990        6.37760        4.98630
O         -1.81840        4.75130        4.55190
C         -2.10030        1.26090        3.74720
O         -2.67070        2.18740        4.57140
C         -2.63250       -0.02270        3.77470
C         -2.08880       -1.00910        2.95000
O         -2.63780       -2.26480        2.96510
C          1.21210       -4.25510       -1.74780
O          1.56030       -5.55860       -1.49530
C          1.38390       -3.75480       -3.04820
C          1.90220       -4.58170       -4.13170
C          2.04640       -4.02830       -5.33970
H         -0.29520       -3.01500       -6.39640
H          0.95920       -3.02530       -7.65820
H          0.37030       -1.49550       -6.97170
H          2.75410       -0.80210       -6.31560
H          3.38260       -2.30360       -7.02770
H          3.74360       -1.87260       -5.34260
H          0.25820       -0.57070       -2.53240
H         -0.24190       -3.33080        2.60630
H          0.35870        0.80940        1.44380
H         -1.10420        2.95880        0.92220
H         -0.84350        6.69700        2.39100
H          1.47390        5.06380        3.45450
H          1.35920        7.32460        3.60540
H          1.12490        5.67290        0.46230
H          3.18540        5.93620        1.49540
H          1.60400        2.93880        1.74770
H          2.01790        3.40480       -0.44760
H         -0.78320        6.18420        5.85620
H         -2.24370        3.06020        4.40800
H         -3.46880       -0.23020        4.43460
H         -3.41790       -2.26130        3.54380
H          1.38680       -5.74860       -0.54670
H          2.15090       -5.62260       -3.94150
H          2.42870       -4.63730       -6.15650

