HF BASIS=def2-svp cutoff=1.0e-9 denserms=1.0e-6  zmake GRADIENT DIPOLE CHARGE=0

C         -5.00060        1.74210        8.17290
O         -4.47780        2.56030        7.13270
C         -3.69010        1.94420        6.19990
C         -3.31180        0.60040        6.20440
C         -2.50220        0.10140        5.18250
O         -2.17310       -1.22640        5.25610
C         -2.06540        0.93700        4.15040
C         -1.21630        0.43780        3.05670
O         -0.86850       -0.74010        3.04710
C         -0.82040        1.41390        2.00560
C         -1.27080        2.67050        2.14770
O         -2.04920        3.15560        3.17070
C         -2.43960        2.27640        4.14800
C         -3.24780        2.77940        5.16860
C         -0.00830        1.03100        0.83720
C          1.12640        1.76620        0.47090
C          1.87960        1.39970       -0.64940
C          1.52040        0.29300       -1.42130
O          2.34000        0.05330       -2.48860
C          2.07070       -1.10200       -3.29670
O          0.87060       -0.93480       -4.05700
C          0.58130       -2.08340       -4.87690
C         -0.77300       -1.83690       -5.54830
O         -1.75870       -1.58400       -4.54310
C          1.69230       -2.29880       -5.91030
O          1.45740       -3.47720       -6.68140
C          3.03950       -2.42580       -5.19610
O          4.08540       -2.49060       -6.17910
C          3.27330       -1.24850       -4.25080
O          4.50120       -1.47710       -3.54040
C          0.39700       -0.44740       -1.05950
C         -0.35930       -0.08100        0.06150
H         -5.62400        2.37380        8.81290
H         -5.63640        0.94720        7.76900
H         -4.19670        1.33050        8.79190
H         -3.62690       -0.08410        6.98510
H         -1.59860       -1.44180        4.48630
H         -1.07300        3.46830        1.44090
H         -3.53930        3.82700        5.16340
H          1.44420        2.62690        1.05500
H          2.75480        1.98570       -0.91890
H          2.01050       -1.98870       -2.65030
H          0.47790       -2.95760       -4.22010
H         -1.09670       -2.70050       -6.13630
H         -0.73940       -0.95650       -6.19870
H         -1.39260       -0.86220       -3.99610
H          1.73190       -1.45400       -6.60970
H          2.27790       -3.61800       -7.19720
H          3.09150       -3.37540       -4.64840
H          4.91870       -2.41400       -5.67040
H          3.41650       -0.32790       -4.82990
H          4.55260       -0.77810       -2.85780
H          0.06790       -1.31290       -1.62520
H         -1.23150       -0.67950        0.32000

