HF BASIS=def2-svp cutoff=1.0e-9 denserms=1.0e-6  zmake GRADIENT DIPOLE CHARGE=0

O         -4.40430        4.37890        0.60690
C         -3.38760        3.48360        0.43750
C         -2.44230        3.71560       -0.55230
C         -1.40590        2.79860       -0.72260
C         -1.32650        1.66910        0.09410
C         -2.28260        1.43830        1.09250
C         -3.31220        2.35570        1.25430
O         -4.28030        2.19540        2.20590
C         -0.21710        0.71970       -0.10670
O         -0.10480       -0.26120        0.62030
C          0.73430        1.02140       -1.21510
C          0.52230        2.15620       -1.90150
O         -0.49180        3.06280       -1.70910
C          1.88070        0.14650       -1.53680
C          2.70500       -0.35160       -0.51380
C          3.78100       -1.17600       -0.82890
O          4.60260       -1.69030        0.13660
C          4.05240       -1.50680       -2.15240
O          5.11320       -2.31190       -2.45130
C          3.25110       -1.03360       -3.17810
C          2.16330       -0.21140       -2.86990
H         -4.93730        4.01720        1.34340
H         -2.51450        4.59800       -1.18040
H         -2.20820        0.55470        1.71960
H         -4.10480        1.36810        2.68860
H          1.15570        2.50220       -2.71040
H          2.49920       -0.09540        0.52190
H          4.23160       -1.45060        1.00400
H          5.51280       -2.52120       -1.58330
H          3.46510       -1.30650       -4.20700
H          1.53230        0.13690       -3.68500

