HF BASIS=def2-svp cutoff=1.0e-9 denserms=1.0e-6  zmake GRADIENT DIPOLE CHARGE=0

C         -5.18170        0.43710        2.73060
C         -3.73720        0.56550        3.24290
C         -3.17630       -0.82860        3.53640
C         -3.63480        1.61590        4.40120
C         -2.78470        1.38620        5.64780
C         -1.34440        1.60840        5.20120
C         -1.43530        2.71350        4.14320
C         -1.36140        4.09540        4.80840
O         -0.32170        2.65270        3.23310
C         -0.32640        1.69980        2.24520
C         -1.49860        1.10520        1.75930
C         -2.89390        1.52600        2.33420
C         -2.81030        2.54660        3.48690
C         -1.35030        0.16160        0.72080
O         -2.51510       -0.41750        0.27080
C         -0.10990       -0.17570        0.14660
C          0.00430       -1.14040       -1.02280
C         -0.43190       -0.46250       -2.31630
C         -0.31800       -1.45520       -3.43690
O         -0.07770       -1.13450       -4.60000
C         -0.59260       -2.86350       -3.10080
C         -0.63710       -3.85630       -4.08680
O         -0.38310       -3.60780       -5.40800
C         -0.95520       -5.16760       -3.74800
C         -1.24230       -5.47380       -2.41860
O         -1.56010       -6.74700       -2.04420
C         -1.21150       -4.49420       -1.42740
C         -0.86300       -3.18860       -1.76680
O         -0.84510       -2.27490       -0.74250
C          1.02650        0.46900        0.65970
O          2.28070        0.16110        0.20520
C          2.69410        1.00690       -0.89070
O          3.17870        0.13990       -1.93020
C          3.77650        0.79870       -3.05620
C          4.89720        1.75220       -2.63040
O          5.44660        2.49510       -3.72260
C          4.41850        2.71190       -1.53640
O          5.54910        3.47180       -1.07580
C          3.80710        1.93610       -0.37360
O          4.87550        1.19210        0.25950
C          2.75180        1.50810       -3.94550
O          2.94430        1.29640       -5.26030
O          1.79990        2.17580       -3.56030
C          0.92330        1.38250        1.71020
H         -5.64290        1.42030        2.58560
H         -5.21620       -0.08820        1.76350
H         -5.80590       -0.11250        3.44580
H         -3.72740       -1.30620        4.35320
H         -3.26760       -1.48260        2.66210
H         -2.12030       -0.80880        3.81830
H         -4.60860        2.03770        4.67840
H         -2.93710        0.38940        6.07860
H         -3.05660        2.11850        6.41850
H         -0.69660        1.88140        6.04320
H         -0.91670        0.69190        4.78530
H         -1.40450        4.89200        4.05530
H         -2.17790        4.25860        5.51650
H         -0.41250        4.22420        5.34100
H         -3.50580        1.93740        1.51600
H         -3.30770        3.49300        3.23690
H         -2.28820       -1.29900       -0.07680
H          1.03170       -1.52220       -1.09830
H         -1.47860       -0.12980       -2.27800
H          0.19470        0.40370       -2.53920
H         -0.18750       -2.64530       -5.50660
H         -0.98670       -5.92250       -4.52720
H         -1.36630       -7.34670       -2.78720
H         -1.43980       -4.75810       -0.39860
H          1.85320        1.60030       -1.27050
H          4.21170        0.00050       -3.67270
H          5.72210        1.15050       -2.23200
H          6.00240        3.19420       -3.31590
H          3.70390        3.43290       -1.94620
H          6.02240        2.87520       -0.45780
H          3.42840        2.61820        0.39110
H          4.43810        0.47990        0.77300
H          2.19910        1.75100       -5.70440
H          1.80990        1.85010        2.12730

