HF BASIS=def2-svp cutoff=1.0e-9 denserms=1.0e-6  zmake GRADIENT DIPOLE CHARGE=0

C         -2.76190       -3.44470       -1.34720
C         -1.57540       -2.75600       -1.96360
C         -1.45490       -2.95720       -3.45310
C         -0.65900       -2.02290       -1.29980
C         -0.59920       -1.70080        0.17120
C         -0.52850       -0.21020        0.43120
C         -1.66770        0.60530        0.35150
O         -2.89620        0.12800       -0.01230
C         -1.61000        1.96670        0.64110
C         -0.39600        2.55560        0.98810
C          0.76900        1.78400        1.04780
C          2.02290        2.46700        1.38450
C          2.94180        2.74210        0.44660
C          4.20170        3.44370        0.72490
O          4.38020        3.74280        2.02000
O          5.03120        3.72910       -0.11910
C          0.69060        0.40440        0.77490
O          1.80660       -0.39280        0.84270
H         -3.68920       -3.04240       -1.76850
H         -2.81810       -3.33190       -0.26300
H         -2.72480       -4.51860       -1.55910
H         -0.58320       -2.44500       -3.87390
H         -1.35820       -4.02290       -3.68530
H         -2.34430       -2.56900       -3.96020
H          0.17090       -1.59820       -1.86750
H         -1.45180       -2.10260        0.72710
H          0.27180       -2.21330        0.59610
H         -2.76800       -0.69690       -0.51010
H         -2.51190        2.57050        0.58240
H         -0.36740        3.62250        1.19770
H          2.14480        2.76230        2.42350
H          2.79850        2.46700       -0.59360
H          5.24620        4.20140        2.03690
H          2.54180        0.12460        1.21070

