HF BASIS=def2-svp cutoff=1.0e-9 denserms=1.0e-6  zmake GRADIENT DIPOLE CHARGE=0

C          1.62370        2.50530        1.67300
C          0.49490        2.90780        2.60280
S         -0.84760        1.76830        2.21180
C         -0.43800        1.70070        0.43200
C         -0.88560        0.35300       -0.15040
C         -0.81870        0.32830       -1.68110
C         -0.96640       -1.06930       -2.30300
C         -0.06730       -2.16910       -1.72780
C          1.39960       -1.79740       -1.67060
N          2.14850       -2.55920       -0.82240
O          1.91060       -0.88430       -2.31030
C          1.06880        2.06100        0.30230
N          1.94620        0.95900       -0.02870
C          2.65970        0.51200        1.05980
O          3.42050       -0.43790        1.07740
N          2.37530        1.34620        2.12190
H          2.35150        3.31790        1.56290
H          0.15830        3.92680        2.38860
H          0.77040        2.83840        3.65880
H         -1.02350        2.50430       -0.03100
H         -0.27840       -0.44560        0.28760
H         -1.92420        0.14240        0.13770
H          0.10940        0.78430       -2.03670
H         -1.61870        0.96670       -2.07800
H         -2.00960       -1.39290       -2.19990
H         -0.77740       -0.98110       -3.38040
H         -0.15740       -3.06720       -2.35010
H         -0.41140       -2.44050       -0.72350
H          3.06810       -2.17630       -0.61210
H          1.70730       -3.01680       -0.03580
H          1.20180        2.83760       -0.45890
H          2.05270        0.51540       -0.94080
H          2.96860        1.30690        2.94000

