HF BASIS=def2-svp cutoff=1.0e-9 denserms=1.0e-6  zmake GRADIENT DIPOLE CHARGE=0

C         -1.74270       -2.75850       -4.06470
C         -2.38520       -1.40910       -3.78450
C         -2.50120       -1.14520       -2.28260
C         -3.12200        0.22660       -2.00800
C         -3.36560        0.50230       -0.52130
C         -2.07960        0.55640        0.30720
C         -2.36880        0.98200        1.74970
C         -1.10480        1.09800        2.60650
C         -0.47310       -0.25770        2.93600
C          0.78540       -0.08410        3.78940
C          1.41850       -1.40710        4.24310
C          1.76000       -2.40090        3.13010
C          2.64130       -1.81910        2.10920
C          3.31860       -1.30880        1.25840
C          4.10160       -0.64800        0.20550
C          3.33940        0.52270       -0.41600
C          2.10890        0.07630       -1.20900
C          1.42950        1.24320       -1.87080
O          0.46250        0.84520       -2.72060
O          1.65800        2.42930       -1.70460
H         -1.67430       -2.92890       -5.14370
H         -2.33170       -3.57190       -3.62880
H         -0.73110       -2.80510       -3.64860
H         -3.37970       -1.38140       -4.24520
H         -1.78670       -0.62120       -4.25670
H         -3.11480       -1.92700       -1.81860
H         -1.50420       -1.20410       -1.83210
H         -2.48110        1.01300       -2.42530
H         -4.08470        0.29600       -2.52980
H         -3.89110        1.46160       -0.43490
H         -4.03620       -0.26270       -0.11120
H         -1.60150       -0.42780        0.30160
H         -1.37720        1.26440       -0.14870
H         -3.06960        0.27850        2.21530
H         -2.86400        1.96100        1.73700
H         -0.37340        1.73890        2.09910
H         -1.36980        1.60160        3.54450
H         -0.21630       -0.77730        2.00840
H         -1.19880       -0.88140        3.47110
H          1.52370        0.50760        3.23450
H          0.53830        0.49820        4.68600
H          2.33050       -1.17070        4.80650
H          0.73900       -1.90030        4.94950
H          0.84150       -2.77110        2.66100
H          2.25010       -3.27420        3.57670
H          5.03650       -0.27190        0.63780
H          4.37770       -1.37210       -0.56970
H          3.03850        1.23260        0.36560
H          4.01970        1.06650       -1.08410
H          1.37680       -0.40780       -0.55320
H          2.41330       -0.63070       -1.98920
H          0.09170        1.68380       -3.06720

