HF BASIS=def2-svp cutoff=1.0e-9 denserms=1.0e-6  zmake GRADIENT DIPOLE CHARGE=0

C         -1.92460       -1.98270       -0.54640
C         -1.07300       -1.59500        0.66210
C         -1.97570       -1.30460        1.86650
O         -0.25950       -2.72650        1.00420
C         -0.15530       -0.38950        0.35870
C          0.79300       -0.56810       -0.81680
C          1.86190        0.45020       -0.49890
C          1.97140        0.36400        1.02590
C          3.04290       -0.63910        1.46250
O          0.70360       -0.14160        1.49590
C          2.26130        1.71830        1.63130
C          1.48810        2.38180        2.50290
H         -2.55000       -1.14900       -0.88130
H         -2.57740       -2.83000       -0.30630
H         -1.30090       -2.31180       -1.38460
H         -2.60220       -2.17310        2.10080
H         -2.62950       -0.44650        1.68010
H         -1.38620       -1.10330        2.76790
H          0.36020       -2.40110        1.68640
H         -0.76190        0.51350        0.20920
H          0.31160       -0.38980       -1.78240
H          1.23200       -1.57210       -0.83210
H          2.80510        0.25170       -1.01800
H          1.51510        1.44220       -0.81720
H          2.83010       -1.64090        1.07230
H          4.04100       -0.34240        1.12220
H          3.06590       -0.73580        2.55460
H          3.19400        2.18570        1.31940
H          0.54910        1.96840        2.85890
H          1.78450        3.35320        2.88500

