HF BASIS=def2-svp cutoff=1.0e-9 denserms=1.0e-6  zmake GRADIENT DIPOLE CHARGE=0

C          1.83460        5.68130       -3.62100
C          2.08470        5.13690       -2.21300
C          3.51410        5.47530       -1.77430
O          1.19150        5.82060       -1.32390
C          1.82530        3.61270       -2.14130
C          0.39130        3.19390       -2.51940
C          0.21010        2.07210       -1.57060
C         -0.77990        1.10910       -1.49870
O         -1.74360        1.15300       -2.52030
C         -2.78600        0.25400       -2.55970
O         -3.64100        0.27020       -3.43640
C         -2.82550       -0.74120       -1.48610
C         -1.92250       -0.82590       -0.49360
C         -2.10980       -1.90870        0.54330
C         -1.25310       -3.11420        0.26260
C         -1.72320       -4.36280        0.14280
C         -0.80760        0.16040       -0.45700
C          0.22670        0.23700        0.52580
O          0.20130       -0.67240        1.55470
C          1.37640       -0.85590        2.34620
O          1.57380        0.18040        3.31540
C          0.48340        0.32830        4.23340
C          0.28140       -0.95330        5.04400
O         -0.91480       -0.85210        5.84120
C          0.15710       -2.16390        4.11450
O          0.16070       -3.34640        4.92980
C          1.29480       -2.20400        3.09190
O          2.51490       -2.49600        3.80290
C          0.75060        1.50110        5.18820
O         -0.16180        1.61350        6.18690
O          1.66950        2.29990        5.06700
C          1.21140        1.24050        0.45080
C          1.18450        2.12620       -0.60430
O          2.08190        3.14360       -0.78050
H          2.02000        6.76100       -3.65870
H          0.79100        5.54460       -3.92350
H          2.47870        5.19440       -4.36020
H          3.69340        5.18260       -0.73390
H          3.68830        6.55670       -1.81880
H          4.25630        4.97940       -2.40820
H          1.30910        5.41550       -0.44320
H          2.54310        3.08970       -2.79040
H          0.32790        2.88950       -3.56780
H         -0.34770        3.97460       -2.31350
H         -3.65840       -1.43300       -1.56040
H         -3.16520       -2.21690        0.56410
H         -1.93480       -1.52990        1.55350
H         -0.18460       -2.95200        0.14410
H         -1.05280       -5.19170       -0.06580
H         -2.77940       -4.59160        0.24720
H          2.26940       -0.88870        1.70900
H         -0.42410        0.60060        3.67950
H          1.11280       -1.10270        5.74450
H         -1.09130       -1.76980        6.14900
H         -0.81500       -2.14190        3.60990
H          1.09480       -3.64310        4.97040
H          1.12860       -3.03170        2.39490
H          2.99190       -1.65370        3.94480
H         -0.79340        0.85250        6.21340
H          1.99010        1.36590        1.19500

