HF BASIS=def2-svp cutoff=1.0e-9 denserms=1.0e-6  zmake GRADIENT DIPOLE CHARGE=0

C          0.60560        7.91360       -1.44600
C         -0.18880        9.20230       -1.22820
O         -0.31560        9.49370        0.16400
C          1.98490        7.97750       -0.78070
O          2.73840        6.79770       -1.13300
C          3.40950        6.85910       -2.31610
O          3.47930        7.84500       -3.03510
C          4.00460        5.51480       -2.64950
C          5.09800        5.11980       -1.66210
C          5.63240        3.70260       -1.88480
C          4.59670        2.57830       -1.76130
C          3.88650        2.54820       -0.40610
C          2.87860        1.40030       -0.32850
C          2.18740        1.37170        1.03530
C          1.09770        0.29900        1.09360
C          0.48800        0.24530        2.44950
C          0.73780       -0.51000        3.58060
C          1.76670       -1.56650        3.74790
C         -0.18800       -0.04880        4.57230
C         -0.31410       -0.54610        5.96560
C         -0.92790        0.94950        3.96570
C         -2.02600        1.84050        4.42990
C         -3.38960        1.14730        4.39810
C         -3.92990        0.96390        2.97730
C         -5.26280        0.21800        2.98310
C         -5.79590        0.02450        1.57270
O         -0.52300        1.12370        2.67960
O         -0.11290        6.81280       -0.82940
C         -0.95390        6.11600       -1.64140
O         -1.20640        6.40750       -2.80160
C         -1.55050        4.95280       -0.88460
C         -1.89060        3.77160       -1.79490
C         -0.63670        3.07620       -2.33560
C         -1.00340        1.87550       -3.20810
C          0.24430        1.18000       -3.75450
C         -0.12370       -0.03320       -4.61050
C          1.09650       -0.74750       -5.20630
C          1.99250       -1.48150       -4.19880
C          1.65700       -2.96520       -3.99750
C          0.27720       -3.21130       -3.39220
C          0.04270       -4.69310       -3.08170
C         -1.37230       -4.96170       -2.55630
C         -1.56690       -4.46910       -1.16740
C         -2.04460       -3.29300       -0.61710
C         -2.54990       -2.09730       -1.33810
C         -1.93760       -3.45280        0.80310
C         -2.30220       -2.45390        1.84020
C         -1.44070       -4.72620        1.00350
C         -1.13060       -5.52710        2.21520
C          0.25010       -5.21600        2.79360
C          1.39540       -5.76890        1.93800
C          2.78270       -5.45950        2.50570
C          3.05940       -6.13230        3.84010
O         -1.21180       -5.33880       -0.18580
H          0.72900        7.72760       -2.51950
H         -1.19950        9.11590       -1.64070
H          0.30830       10.05320       -1.70640
H         -0.81030        8.75420        0.56460
H          2.53380        8.88640       -1.05410
H          1.89070        7.95900        0.31020
H          4.41320        5.55920       -3.66700
H          3.18070        4.79460       -2.66610
H          4.74760        5.22580       -0.62940
H          5.93090        5.82850       -1.75750
H          6.09180        3.64570       -2.87900
H          6.43970        3.52090       -1.16390
H          5.11180        1.62170       -1.91620
H          3.85690        2.66040       -2.56650
H          4.62840        2.44410        0.39400
H          3.35310        3.49080       -0.23770
H          2.12670        1.52470       -1.11470
H          3.38130        0.44220       -0.50730
H          1.74470        2.35430        1.24900
H          2.93490        1.18780        1.81820
H          0.32090        0.51480        0.34900
H          1.51660       -0.68070        0.83430
H          2.63370       -1.17240        4.28640
H          1.36310       -2.40870        4.31750
H          2.10750       -1.95200        2.78250
H         -1.02320        0.04850        6.54830
H         -0.66220       -1.58280        5.96840
H          0.65290       -0.50440        6.47740
H         -1.81050        2.15130        5.46000
H         -2.05260        2.75660        3.82650
H         -3.33310        0.17520        4.90190
H         -4.10180        1.75950        4.96440
H         -4.06010        1.94610        2.50670
H         -3.21140        0.41390        2.36460
H         -5.13910       -0.76240        3.45750
H         -5.99920        0.77530        3.57380
H         -5.09130       -0.55090        0.96250
H         -6.74500       -0.52040        1.59790
H         -5.97130        0.98820        1.08390
H         -0.85060        4.62430       -0.10690
H         -2.46030        5.31510       -0.39340
H         -2.51550        4.10690       -2.63120
H         -2.48030        3.04580       -1.22230
H         -0.03830        3.78300       -2.92360
H         -0.01490        2.74230       -1.49710
H         -1.59200        1.16290       -2.61940
H         -1.63620        2.20510       -4.04080
H          0.86880        0.86760       -2.91520
H          0.82910        1.89020       -4.35070
H         -0.73390       -0.72440       -4.02280
H         -0.75650        0.30290       -5.44100
H          0.75840       -1.44980       -5.97530
H          1.70610        0.00260       -5.72540
H          3.02080       -1.44020       -4.58030
H          2.01030       -0.97150       -3.23090
H          2.42010       -3.40040       -3.34150
H          1.73690       -3.49050       -4.95640
H         -0.49590       -2.88510       -4.09510
H          0.17730       -2.61420       -2.47990
H          0.79070       -5.05140       -2.36330
H          0.18270       -5.27170       -4.00320
H         -2.11640       -4.51440       -3.22300
H         -1.55580       -6.04280       -2.57590
H         -3.44580       -1.70180       -0.85070
H         -2.81440       -2.33510       -2.37220
H         -1.78510       -1.31390       -1.34980
H         -1.85400       -2.69410        2.80820
H         -3.38890       -2.41970        1.96740
H         -1.95510       -1.45820        1.54820
H         -1.21370       -6.59840        1.99150
H         -1.89200       -5.30950        2.97480
H          0.37290       -4.13450        2.91930
H          0.30010       -5.66460        3.79260
H          1.28030       -6.85280        1.82480
H          1.34210       -5.33800        0.93070
H          3.53470       -5.80030        1.78260
H          2.90990       -4.37510        2.61140
H          2.42200       -5.72920        4.63360
H          4.10020       -5.96380        4.13630
H          2.89930       -7.21280        3.77910

