HF BASIS=def2-svp cutoff=1.0e-9 denserms=1.0e-6  zmake GRADIENT DIPOLE CHARGE=0

O         -2.20150        7.36520       -2.55690
C         -2.38200        6.06740       -2.00090
C         -2.14330        6.05720       -0.48460
O         -2.12280        4.70100       -0.02320
C         -1.79320        4.59910        1.36680
O         -1.80990        3.22990        1.79640
C         -0.79740        2.41340        1.37440
C          0.25150        2.77100        0.52440
C          1.21970        1.82730        0.17830
O          2.22180        2.25440       -0.65240
C          1.14320        0.51950        0.66570
C          0.09830        0.16000        1.50690
O         -0.04750       -1.10310        2.01670
C          0.85270       -2.08040        1.62670
C          0.52380       -3.41360        2.16050
C          1.40760       -4.09340        3.01150
C          1.08570       -5.36270        3.50090
C         -0.12190       -5.94950        3.13700
O         -0.47650       -7.18750        3.58630
C         -1.01310       -5.28870        2.29880
C         -0.69240       -4.01940        1.81230
C          1.89290       -1.88320        0.79580
O          2.74660       -2.90500        0.41620
C          2.59300       -3.23530       -0.97670
O          3.76430       -2.80080       -1.67660
C          3.88420       -3.29360       -3.00670
C          3.95730       -4.83350       -3.03040
O          5.26360       -5.30440       -3.41560
C          3.65490       -5.41610       -1.64370
O          3.44310       -6.83460       -1.77370
C          2.39850       -4.76740       -1.07120
O          1.30190       -5.07080       -1.95950
C          2.86030       -2.80010       -4.03840
O          2.12430       -1.75100       -3.62850
O          2.71790       -3.24470       -5.16920
C          2.13250       -0.50010        0.29940
O          3.08960       -0.18840       -0.39950
C         -0.86600        1.10450        1.86520
C         -2.85230        5.33090        2.22200
O         -4.15610        4.71870        2.09100
C         -2.98180        6.78210        1.76440
O         -4.07430        7.42180        2.44250
C         -3.23200        6.85530        0.25240
O         -3.24520        8.22530       -0.16560
H         -2.68620        7.99120       -1.98250
H         -3.39180        5.71840       -2.24310
H         -1.68490        5.38430       -2.49760
H         -1.16320        6.51840       -0.30090
H         -0.80930        5.04750        1.56180
H          0.34240        3.76490        0.09800
H          2.83540        1.49890       -0.80660
H          2.35630       -3.64060        3.29670
H          1.78550       -5.87360        4.15540
H          0.22470       -7.51980        4.17200
H         -1.95110       -5.76170        2.02080
H         -1.39200       -3.51290        1.15070
H          1.71320       -2.73380       -1.39800
H          4.83660       -2.88810       -3.37070
H          3.27330       -5.26720       -3.77000
H          5.39540       -5.04760       -4.34830
H          4.50710       -5.28300       -0.96630
H          4.24550       -7.16430       -2.22870
H          2.13220       -5.20630       -0.10340
H          1.30810       -6.04850       -2.02960
H          1.56400       -1.51580       -4.39870
H         -1.68400        0.81570        2.52380
H         -2.60050        5.27480        3.28740
H         -4.00080        3.75110        2.09820
H         -2.07770        7.34770        2.01840
H         -4.78530        6.74680        2.47610
H         -4.22390        6.44630        0.02230
H         -3.81220        8.68530        0.48910

