HF BASIS=def2-svp cutoff=1.0e-9 denserms=1.0e-6  zmake GRADIENT DIPOLE CHARGE=0

C         -1.14190       -3.50850        3.76690
C         -2.09270       -2.34230        3.47370
C         -3.52240       -2.72850        3.87050
O         -2.10740       -2.17030        2.04100
C         -1.61390       -1.01480        1.50580
C         -1.17540        0.07390        2.25520
C         -1.23660        0.00190        3.70970
C         -1.66490       -1.13260        4.26980
C         -0.69590        1.20870        1.57350
C         -0.63620        1.28830        0.17290
C         -1.10130        0.17100       -0.54510
O         -1.10740        0.14260       -1.91890
C         -1.58130       -0.96650        0.11290
C         -0.11700        2.53680       -0.43670
C          0.26460        3.54000        0.37030
C          0.19010        3.47790        1.83150
O          0.53110        4.43080        2.52130
O         -0.27630        2.29910        2.37390
C          0.07620        2.79360       -1.87700
C          1.07800        2.10100       -2.56290
C          1.17010        2.21260       -3.94850
O          2.01560        1.42220       -4.67910
S          1.92370       -0.20700       -4.52830
O          0.35600       -0.51060       -4.25800
O          2.61810       -0.59800       -3.31930
O          2.25850       -0.79610       -5.80630
C          0.36590        3.11400       -4.64230
C         -0.59200        3.85620       -3.95310
C         -0.75220        3.68160       -2.57690
H         -0.12010       -3.26940        3.44830
H         -1.11900       -3.76170        4.83260
H         -1.43720       -4.40340        3.20640
H         -4.22580       -1.92250        3.62870
H         -3.85890       -3.60880        3.31020
H         -3.60680       -2.94910        4.94040
H         -0.93090        0.85140        4.31070
H         -1.70370       -1.20420        5.35410
H         -1.86500       -0.41370       -2.18750
H         -1.92290       -1.83410       -0.44590
H          0.66940        4.47240       -0.01100
H          1.73940        1.43420       -2.01340
H          0.12570       -0.20440       -3.35040
H          0.46100        3.21860       -5.72040
H         -1.23390        4.54930       -4.49180
H         -1.53420        4.23250       -2.05840

