HF BASIS=def2-svp cutoff=1.0e-9 denserms=1.0e-6  zmake GRADIENT DIPOLE CHARGE=0

O          1.62750       -3.08320       -3.11460
C          1.24090       -2.06570       -2.29420
C          0.95640       -0.79920       -2.79530
C          0.56420        0.21270       -1.91610
C          0.44880       -0.04950       -0.54410
C          0.75840       -1.32380       -0.05120
C          1.14780       -2.33410       -0.93270
C          0.03080        1.06000        0.37360
N          0.49260        2.23360        0.10490
C          0.14760        3.35700        0.96680
C          0.78960        3.20110        2.33420
O          1.60720        4.00750        2.78030
N          0.34940        2.18250        3.13900
C         -0.60880        1.20890        2.82340
C         -1.34210        0.68790        3.89900
C         -2.37500       -0.22620        3.67990
C         -2.67260       -0.63310        2.38360
Cl         -3.95530       -1.74510        2.11070
C         -1.92330       -0.16310        1.30830
C         -0.86410        0.73470        1.52590
H          1.68660       -2.74520       -4.02350
H          1.03790       -0.57880       -3.85500
H          0.35100        1.20760       -2.30140
H          0.72000       -1.54170        1.01230
H          1.38890       -3.32540       -0.55840
H          0.53950        4.27410        0.51330
H         -0.93560        3.49280        1.06390
H          0.65410        2.28800        4.09910
H         -1.14470        1.01660        4.91740
H         -2.94980       -0.60380        4.52230
H         -2.15420       -0.51350        0.30460

