HF BASIS=def2-svp cutoff=1.0e-9 denserms=1.0e-6  zmake GRADIENT DIPOLE CHARGE=0

C          1.71980       -2.56870       -1.70950
C          2.08560       -2.34310       -0.24450
O          2.79510       -1.09370       -0.17590
C          0.86050       -2.28440        0.70190
N          0.00690       -1.14010        0.33700
C         -0.95090       -0.62380        1.17410
O         -1.43570       -1.30550        2.07480
C         -1.42090        0.79770        0.81770
C         -1.53370        1.68540        2.05490
C         -0.44350        2.72760        1.87470
C         -0.32380        2.84080        0.37060
N         -0.43280        1.45300       -0.07910
C          0.20270       -3.67760        0.77170
O         -1.09510       -3.69540        1.14400
O          0.82130       -4.72270        0.60490
H          1.10620       -1.75040       -2.10130
H          1.18510       -3.51080       -1.85800
H          2.62770       -2.59050       -2.32280
H          2.78060       -3.13030        0.07070
H          3.25970       -1.06720        0.67940
H          1.21780       -2.06870        1.71790
H          0.49890       -0.38660       -0.15160
H         -2.38990        0.71050        0.31260
H         -2.51100        2.18340        2.06080
H         -1.41770        1.15580        3.00540
H          0.49710        2.36700        2.30910
H         -0.69800        3.67970        2.34900
H          0.62540        3.28810        0.06360
H         -1.14460        3.43970       -0.04120
H         -0.76670        1.42520       -1.04370
H         -1.40610       -2.81740        1.47010

