HF BASIS=def2-svp cutoff=1.0e-9 denserms=1.0e-6  zmake GRADIENT DIPOLE CHARGE=0

N          2.10070       -6.06960       -4.52200
C          1.43200       -5.37250       -3.52800
C          2.02150       -5.02050       -2.30260
N          3.28500       -5.22800       -1.79440
C          3.24470       -4.72060       -0.58150
N          2.01180       -4.19840       -0.27790
C          1.63550       -3.72680        1.04210
O          0.38610       -4.32960        1.43130
C         -0.42450       -3.32590        2.09150
C         -1.68610       -3.07840        1.25040
O         -1.51530       -1.97990        0.36600
P         -2.76840       -1.60580       -0.56750
O         -3.76120       -0.87250        0.45820
O         -3.37570       -2.73760       -1.32100
O         -2.25400       -0.38820       -1.43800
P         -1.17380       -0.46320       -2.58920
O          0.11860       -1.08350       -1.88430
O         -1.53750       -1.14480       -3.86320
O         -0.71140        1.04370       -2.76490
P         -1.52880        2.11760       -3.59650
O         -0.88620        1.99770       -5.06120
O         -3.01200        1.97540       -3.55860
O         -0.95340        3.47910       -3.02690
P         -0.76160        4.81160       -3.86130
O          0.63890        4.56860       -4.60650
O         -1.85680        5.17920       -4.80450
O         -0.38420        5.92910       -2.77160
C          0.64450        5.65480       -1.83070
C          0.11110        5.88290       -0.41740
O         -0.88840        4.87620       -0.09990
C         -0.63560        4.44240        1.25230
C          0.88970        4.47180        1.37270
O          1.40700        4.54050        2.70210
C          1.20650        5.77310        0.64690
O          1.07670        6.86300        1.57290
N         -1.23840        3.13870        1.46620
C         -2.13530        2.49230        0.65290
N         -2.57470        1.36470        1.18700
C         -1.96460        1.31010        2.42720
C         -2.05160        0.39330        3.49000
N         -2.85620       -0.74170        3.47060
N         -1.29840        0.60570        4.59240
C         -0.50990        1.70120        4.63140
N         -0.35350        2.65150        3.68450
C         -1.11800        2.38990        2.60740
C          0.47030       -2.10140        2.29060
O          1.19340       -2.18580        3.53790
C          1.48320       -2.21720        1.16410
O          2.70660       -1.55700        1.49890
C          1.23190       -4.31870       -1.40190
N         -0.02610       -3.87940       -1.60890
C         -0.50490       -4.33120       -2.79900
N          0.14970       -5.01810       -3.75520
H          3.10960       -6.02990       -4.44260
H          1.68110       -5.93980       -5.43340
H          4.06670       -4.72220        0.12340
H          2.39850       -4.09470        1.74340
H         -0.71960       -3.77310        3.04830
H         -1.94210       -3.97190        0.66820
H         -2.52540       -2.85550        1.91580
H         -3.41300        0.02830        0.66760
H          0.08960       -2.06160       -1.82520
H         -1.32390        1.28200       -5.57330
H          0.49120        4.07970       -5.44110
H          1.00660        4.63100       -1.93710
H          1.47130        6.33710       -2.04500
H         -0.40130        6.85080       -0.36720
H         -1.12420        5.13340        1.95250
H          1.34300        3.62130        0.84840
H          0.98500        3.81800        3.21660
H          2.22730        5.80400        0.25220
H          1.51670        6.55460        2.39490
H         -2.43910        2.89290       -0.30950
H         -3.63250       -0.69080        2.81010
H         -3.11150       -1.02680        4.40950
H          0.07580        1.82950        5.53760
H         -0.04880       -1.14160        2.28950
H          0.54200       -2.02540        4.24580
H          1.10040       -1.77260        0.24610
H          2.76230       -1.60290        2.47730
H         -1.54330       -4.08900       -3.01900

