HF BASIS=def2-svp cutoff=1.0e-9 denserms=1.0e-6  zmake GRADIENT DIPOLE CHARGE=0

C          4.25370        2.90460        0.64270
O          3.86990        1.82130       -0.19400
C          2.60630        1.32080       -0.02410
C          2.25970        0.23180       -0.83440
O          3.17730       -0.27000       -1.76250
C          4.07740       -1.15700       -1.18720
C          5.10310       -1.53090       -2.21610
O          4.05400       -1.60720       -0.04880
C          0.98720       -0.33590       -0.80040
C          0.04320        0.16620        0.09210
C          0.36720        1.23310        0.94870
C          1.65130        1.81100        0.87020
C         -0.65590        1.79650        1.92440
O         -1.71290        2.41220        1.17240
C         -1.51970        3.72030        0.86110
C         -2.67200        4.22250        0.04590
O         -0.56080        4.40460        1.18970
C         -1.22280        0.72250        2.83220
C         -2.51010        0.36880        2.96350
H          5.28660        3.16770        0.39520
H          4.22810        2.61720        1.69910
H          3.63230        3.78660        0.45590
H          4.62520       -2.07420       -3.03490
H          5.60060       -0.63150       -2.58810
H          5.85730       -2.17660       -1.75730
H          0.73560       -1.16280       -1.45690
H         -0.95020       -0.27740        0.12100
H          1.87280        2.65810        1.51330
H         -0.18290        2.52850        2.59270
H         -3.59640        4.14500        0.62370
H         -2.50600        5.27340       -0.20780
H         -2.74780        3.64880       -0.88130
H         -0.48460        0.20040        3.43960
H         -3.29920        0.84730        2.39210
H         -2.80030       -0.41870        3.65240

