HF BASIS=def2-svp cutoff=1.0e-9 denserms=1.0e-6  zmake GRADIENT DIPOLE CHARGE=0

C          3.18680       -3.10920       -1.37980
O          2.53810       -2.43330       -0.29580
C          2.03270       -1.20580       -0.62440
C          2.16970       -0.15510        0.30370
O          2.83610       -0.30740        1.50090
C          2.26070       -1.31480        2.33110
C          1.69250        1.14530        0.00220
C          1.87390        2.25620        0.94230
C          0.94040        2.80470        1.73500
C         -0.47680        2.43500        1.91600
O         -1.28930        3.22390        2.37280
O         -0.72800        1.14860        1.59150
C         -2.05880        0.71140        1.89100
O         -2.06640       -0.72810        2.01870
C         -1.79690       -1.40950        0.78270
C         -2.77990       -1.04060       -0.33080
O         -2.39570       -1.59220       -1.60230
C         -2.83020        0.48130       -0.49510
O         -3.88520        0.81980       -1.41310
C         -3.08870        1.17610        0.83940
O         -4.42380        0.85270        1.26860
C         -1.92780       -2.90230        1.06170
O         -2.03540       -3.18320        2.38320
O         -1.93960       -3.76220        0.19050
C          1.03880        1.38920       -1.21160
C          0.87580        0.33180       -2.07980
C          1.35300       -0.93000       -1.80200
O          1.05690       -1.80670       -2.80410
C          0.33030       -0.96390       -3.72010
O          0.23870        0.40380       -3.27910
H          3.72290       -2.41540       -2.05110
H          3.93460       -3.78530       -0.94780
H          2.46220       -3.71880       -1.94270
H          1.19150       -1.46310        2.14290
H          2.37240       -0.99120        3.37070
H          2.80600       -2.25630        2.21520
H          2.88940        2.64950        0.97340
H          1.22430        3.65810        2.34700
H         -2.35640        1.07280        2.88340
H         -0.75800       -1.23460        0.49060
H         -3.78760       -1.41940       -0.11300
H         -2.32800       -2.56590       -1.48370
H         -1.89840        0.84820       -0.93880
H         -3.72910        0.25340       -2.19700
H         -3.05650        2.26200        0.69830
H         -4.98940        1.04580        0.49270
H         -2.06750       -2.33090        2.87800
H          0.67650        2.37580       -1.47790
H         -0.68050       -1.37080       -3.84390
H          0.83720       -0.98700       -4.69110

