HF BASIS=def2-svp cutoff=1.0e-9 denserms=1.0e-6  zmake GRADIENT DIPOLE CHARGE=0

C         -4.06340       -1.79890       -2.52420
O         -2.71180       -1.39210       -2.69500
C         -1.91080       -1.38080       -1.58260
C         -2.32210       -1.77170       -0.30490
C         -1.43920       -1.70470        0.77480
C         -0.12190       -1.28140        0.59880
C          0.29120       -0.88890       -0.68080
C         -0.58910       -0.93810       -1.77770
C         -0.09100       -0.48090       -3.13300
C         -0.28640        0.99730       -3.34030
C          0.64880        1.96590       -3.40750
C          0.24780        3.39920       -3.64210
C          2.12920        1.75760       -3.25160
C          0.85080       -1.29480        1.74630
O          1.42350        0.02940        1.93970
C          1.62630        0.10400        3.29390
C          2.36680        1.09050        3.91300
C          2.46500        1.03470        5.30170
O          3.18210        1.96660        5.99620
C          1.83210        0.02730        6.04230
C          1.08020       -0.94280        5.38320
O          0.42860       -1.92820        6.05610
C          0.98570       -0.89720        4.00820
C          0.22360       -1.75730        3.07080
C         -1.26860       -1.46690        3.08670
O         -1.93350       -2.10410        1.98990
H         -4.55730       -1.73220       -3.49840
H         -4.12290       -2.84070       -2.19260
H         -4.59370       -1.13160       -1.83680
H         -3.32940       -2.12270       -0.10970
H          1.31230       -0.53950       -0.82810
H          0.95550       -0.78120       -3.24920
H         -0.61360       -1.02010       -3.93280
H         -1.33320        1.27880       -3.45990
H         -0.83540        3.51630       -3.75220
H          0.56560        4.02440       -2.80130
H          0.71730        3.77870       -4.55560
H          2.64620        2.02780       -4.17810
H          2.40240        0.72920       -3.00740
H          2.51430        2.39090       -2.44510
H          1.68410       -1.96460        1.48570
H          2.84390        1.86440        3.32500
H          3.55380        2.60530        5.36460
H          1.93290        0.02680        7.12300
H          0.60680       -1.82270        7.00630
H          0.41230       -2.82720        3.21580
H         -1.49290       -0.39090        3.06600
H         -1.71650       -1.85570        4.00850

