HF BASIS=def2-svp cutoff=1.0e-9 denserms=1.0e-6  zmake GRADIENT DIPOLE CHARGE=0

C         -1.14280       -4.14940       -2.95760
O         -2.08690       -3.09380       -3.10500
C         -1.84590       -1.94960       -2.38950
C         -2.78110       -0.92690       -2.57820
O         -3.83940       -1.10840       -3.42560
C         -2.66990        0.29300       -1.92380
C         -1.60150        0.50910       -1.05300
C         -0.65390       -0.50210       -0.84280
C         -0.77980       -1.73100       -1.51730
C          0.50790       -0.32100        0.08080
O          1.37980       -1.18910        0.12900
C          0.58910        0.93960        0.91860
C          1.72840        0.84680        1.93790
O          2.98610        0.84120        1.25930
C          1.67980        2.02010        2.89560
C          2.25670        3.25670        2.56800
C          2.17270        4.33780        3.44700
C          1.50690        4.19830        4.66280
C          0.92620        2.97780        5.00130
C          1.00990        1.89540        4.12300
H         -0.14830       -3.83940       -3.29510
H         -1.11660       -4.51300       -1.92510
H         -1.46730       -4.97810       -3.59430
H         -3.73050       -2.01300       -3.77950
H         -3.41060        1.06940       -2.09480
H         -1.53180        1.47450       -0.56020
H         -0.03210       -2.49900       -1.34220
H         -0.36370        1.07170        1.44380
H          0.75700        1.78380        0.23930
H          1.67170       -0.08640        2.51230
H          3.01760       -0.01190        0.78060
H          2.78620        3.37650        1.62460
H          2.63210        5.28670        3.18310
H          1.44520        5.03940        5.34810
H          0.41010        2.86790        5.95140
H          0.55100        0.95070        4.40590

