HF BASIS=def2-svp cutoff=1.0e-9 denserms=1.0e-6  zmake GRADIENT DIPOLE CHARGE=0

O          4.00280       -2.11900       -0.36160
C          4.06580       -0.72970        0.01380
C          3.63250        0.13790       -1.15880
C          2.13580        0.14280       -1.30920
C          1.55130        0.52000       -2.52310
O          2.36400        0.87750       -3.56260
C          0.17080        0.52590       -2.68660
C         -0.64850        0.17140       -1.61870
O         -1.98830        0.16690       -1.88210
C         -2.89590       -0.27220       -0.84210
O         -3.46260        0.86460       -0.14630
C         -2.71550        1.41800        0.85520
C         -3.19850        2.62170        1.37250
C         -2.52760        3.22970        2.42630
O         -2.96160        4.40740        2.95980
C         -1.39670        2.64490        2.98020
C         -0.93200        1.43660        2.46400
O          0.15000        0.83390        3.03520
C         -1.57130        0.81150        1.38770
C         -1.04750       -0.46910        0.76570
C         -2.22120       -1.24940        0.16150
O         -3.09270       -1.74790        1.19520
C         -0.09770       -0.16870       -0.37800
C          1.30200       -0.18800       -0.23260
O          1.77940       -0.56360        0.99150
C          3.18980       -0.47670        1.25070
C          3.57370        0.78130        2.02060
C          4.64570        0.72440        2.93580
C          5.03560        1.85050        3.66840
C          4.35040        3.04320        3.48800
O          4.67430        4.17660        4.17990
C          3.29550        3.11460        2.58430
O          2.61740        4.28850        2.42190
C          2.90850        2.00380        1.84570
C         -4.07680       -0.87470       -1.62560
C         -4.46100       -2.22860       -1.54540
C         -5.53910       -2.72750       -2.29030
C         -6.24180       -1.87420       -3.12840
O         -7.30170       -2.30410       -3.87700
C         -5.87740       -0.53740       -3.22790
O         -6.57000        0.29850       -4.05620
C         -4.81190       -0.03580       -2.49280
H          3.07010       -2.31770       -0.56500
H          5.12120       -0.53670        0.23650
H          4.09860       -0.24660       -2.07400
H          3.96580        1.17160       -1.00880
H          1.81230        1.14280       -4.31730
H         -0.28380        0.79890       -3.63420
H         -4.09210        3.06420        0.94350
H         -3.73060        4.71430        2.45160
H         -0.89920        3.13130        3.81320
H          0.65000        1.50280        3.53500
H         -0.58500       -1.10120        1.53270
H         -1.83050       -2.13110       -0.36440
H         -3.55780       -0.98200        1.58180
H          3.36220       -1.31570        1.93900
H          5.18380       -0.21100        3.08610
H          5.86350        1.77210        4.36570
H          5.40990        3.96610        4.78000
H          3.07980        4.92400        3.00410
H          2.07990        2.10230        1.15020
H         -3.93630       -2.92720       -0.89720
H         -5.80610       -3.77540       -2.19640
H         -7.43890       -3.24840       -3.68910
H         -7.25710       -0.27050       -4.45670
H         -4.54800        1.01500       -2.59500

