HF BASIS=def2-svp cutoff=1.0e-9 denserms=1.0e-6  zmake GRADIENT DIPOLE CHARGE=0

C         -2.12960        1.50130       -4.00840
C         -2.16640        0.51320       -2.87080
C         -1.03960       -0.48340       -2.88500
C         -3.14910        0.57110       -1.95110
C         -3.36580       -0.32860       -0.76240
C         -3.22210        0.44320        0.55870
C         -3.38120       -0.33530        1.85970
C         -3.16120        0.52470        3.07970
C         -3.67950       -1.64950        1.90760
C         -3.78690       -2.53830        3.12130
C         -3.09300       -3.89950        2.91790
C         -1.57960       -3.94360        2.75650
C         -1.07500       -5.26130        2.22270
C         -0.75170       -2.92370        3.06310
C          0.71200       -2.90170        2.93610
C          1.31900       -2.65870        1.57540
C          2.46850       -3.47480        1.08810
O          3.23410       -2.66970        0.21340
P          4.67650       -3.22550       -0.19530
O          5.56310       -2.87200        1.09660
O          4.76100       -4.67580       -0.53220
O          5.22670       -2.20010       -1.27300
P          4.74230       -2.22680       -2.77760
O          5.33870       -0.87480       -3.39130
O          5.65180       -3.31660       -3.50320
O          3.28710       -2.37020       -3.04900
C          1.47330       -1.60430        2.66230
C          2.78990       -1.45290        3.39480
C          0.73690       -0.28860        2.42270
C          1.58580        0.72300        1.63720
C          0.82680        1.98840        1.33570
C          0.84740        2.70320        0.19250
C          1.69180        2.36800       -1.00780
C          0.02330        3.97330        0.06560
C         -1.13280        3.82990       -0.92890
C         -1.93680        5.09720       -1.04060
C         -3.11230        5.37110       -0.44310
C         -3.81550        4.45690        0.52200
C         -3.82460        6.67160       -0.70140
H         -2.95710        2.21780       -3.96560
H         -1.19520        2.07200       -3.98570
H         -2.19360        0.97750       -4.96780
H         -1.10290       -1.10520       -3.78420
H         -1.03340       -1.15230       -2.02270
H         -0.07760        0.03730       -2.89690
H         -3.90620        1.34890       -2.05520
H         -4.37910       -0.74280       -0.84040
H         -2.68020       -1.17980       -0.77290
H         -2.22890        0.91110        0.57530
H         -3.95700        1.25840        0.56480
H         -3.37460        0.01450        4.02060
H         -3.81570        1.40230        3.04180
H         -2.12450        0.87230        3.11500
H         -3.85580       -2.18290        0.97520
H         -4.85320       -2.72610        3.29720
H         -3.40130       -2.06840        4.02920
H         -3.54370       -4.37480        2.03560
H         -3.35090       -4.54010        3.77200
H         -1.40730       -6.08130        2.86800
H          0.01480       -5.31580        2.16500
H         -1.46620       -5.43210        1.21500
H         -1.18210       -2.01580        3.47620
H          1.20030       -3.62620        3.58360
H          0.64390       -2.43690        0.75220
H          2.09510       -4.34310        0.53490
H          3.09470       -3.84040        1.90900
H          6.39780       -3.37490        1.08480
H          4.72750       -0.12840       -3.25780
H          5.33480       -3.50130       -4.40500
H          2.67120       -0.79100        4.25880
H          3.55400       -1.03030        2.73550
H          3.17140       -2.40770        3.77030
H          0.45370        0.13710        3.39320
H         -0.19380       -0.46590        1.87080
H          2.46840        0.99890        2.22690
H          1.94400        0.23840        0.72310
H          0.20840        2.34890        2.15690
H          2.44240        1.59980       -0.80930
H          2.23850        3.25620       -1.34410
H          1.06300        2.01890       -1.83080
H         -0.38080        4.26260        1.04450
H          0.68340        4.79650       -0.23730
H         -0.74570        3.59610       -1.92750
H         -1.76740        2.98410       -0.65090
H         -1.50450        5.84240       -1.70640
H         -4.71210        4.03600        0.05560
H         -3.18690        3.63150        0.86630
H         -4.11800        5.01170        1.41760
H         -3.93270        7.23710        0.23000
H         -3.28780        7.30470       -1.41560
H         -4.82190        6.48110       -1.11190

