HF BASIS=def2-svp cutoff=1.0e-9 denserms=1.0e-6  zmake GRADIENT DIPOLE CHARGE=0

C         -1.93290       -2.44250        3.70340
C         -2.19140       -2.72470        5.16770
C         -3.47980       -2.11040        5.73670
C         -0.98240       -2.29700        6.01350
O         -1.05830       -2.85990        7.31940
C         -2.64420       -1.63970        2.89180
C         -2.29210       -1.44620        1.47410
C         -3.16790       -1.87110        0.46110
O         -4.34710       -2.51410        0.72270
C         -2.87470       -1.66300       -0.88650
C         -1.69970       -1.00570       -1.25510
C         -0.82060       -0.55530       -0.26780
C          0.40360        0.20970       -0.62640
O          1.41450       -0.00180        0.04720
C          0.36750        1.23920       -1.76650
C         -0.01860        2.63880       -1.22730
C          0.05440        3.71500       -2.33580
C          1.25380        3.59860       -3.24590
C          1.52430        4.78470       -4.13110
C          2.03420        2.50660       -3.26450
C          1.77320        1.27030       -2.42860
C          2.01730       -0.02360       -3.20650
C          2.89320       -1.00310       -2.70050
O          3.53100       -0.86770       -1.49500
C          3.15210       -2.19170       -3.38870
C          2.50390       -2.45460       -4.58880
C          1.60160       -1.52730       -5.09530
C          1.36570       -0.32870       -4.41600
O          0.44090        0.49050       -5.00540
C         -1.38660        2.63270       -0.54630
C         -1.49330        2.67200        0.85270
O         -0.35280        2.74630        1.60580
C         -2.72600        2.56480        1.49260
C         -3.87320        2.39680        0.72920
O         -5.05090        2.23850        1.39020
C         -3.80840        2.35470       -0.65610
C         -2.56960        2.47700       -1.29030
C         -1.10190       -0.80300        1.09050
O         -0.23550       -0.38910        2.07990
H         -1.07810       -2.97370        3.28010
H         -2.30700       -3.81110        5.26190
H         -4.35770       -2.41410        5.15530
H         -3.42810       -1.01760        5.73660
H         -3.64200       -2.44000        6.76880
H         -0.94450       -1.20740        6.12200
H         -0.03450       -2.62040        5.56680
H         -0.91580       -3.81750        7.22650
H         -3.50680       -1.07440        3.23330
H         -4.35650       -2.76090        1.66270
H         -3.56510       -2.01510       -1.64820
H         -1.49290       -0.87100       -2.31520
H         -0.37440        0.93760       -2.51210
H          0.73770        2.92520       -0.48220
H         -0.83530        3.70110       -2.97530
H          0.06770        4.69750       -1.84500
H          1.76370        5.66900       -3.53040
H          0.64640        5.00210       -4.74270
H          2.36380        4.60700       -4.81280
H          2.92220        2.47810       -3.89980
H          2.53380        1.35320       -1.64120
H          2.88310       -0.53200       -0.83870
H          3.85000       -2.91590       -2.97410
H          2.69690       -3.38320       -5.12060
H          1.09010       -1.72650       -6.03200
H          0.64200        1.41330       -4.77650
H         -0.57610        2.50590        2.52370
H         -2.80580        2.58090        2.57350
H         -5.73560        1.97950        0.75250
H         -4.70250        2.21550       -1.25700
H         -2.54150        2.41330       -2.37470
H          0.62830       -0.18990        1.66260

