HF BASIS=def2-svp cutoff=1.0e-9 denserms=1.0e-6  zmake GRADIENT DIPOLE CHARGE=0

C         -1.10310       -4.27470       -2.82530
O         -1.48310       -2.94050       -3.13650
C         -0.52240       -1.97020       -3.02230
C          0.73410       -2.15070       -2.43780
C          1.64620       -1.08610       -2.35390
C          2.95280       -1.32940       -1.72530
C          3.50820       -0.60040       -0.74370
C          2.89620        0.61860       -0.16620
O          3.25370        1.71100       -0.60310
N          1.97880        0.45220        0.85840
C          1.55030       -0.83770        1.41090
C          2.46480       -1.29820        2.54740
C          1.97300       -2.61860        3.13530
N          2.83650       -3.07430        4.21780
C          1.35120        1.65140        1.41700
C          0.04210        1.98080        0.69790
C         -0.55910        3.32550        1.12160
C         -0.88390        3.45590        2.61300
N         -1.81540        2.41190        3.03800
C         -2.17960        2.56300        4.44750
C         -3.22600        1.50940        4.82280
C         -3.61630        1.62610        6.29690
N         -4.63740        0.64320        6.65160
C          1.30740        0.16530       -2.88870
C          0.05050        0.37010       -3.45630
O         -0.41050        1.55080       -3.98570
C          0.44020        2.68560       -3.83960
C         -0.85120       -0.70280       -3.51760
O         -2.08470       -0.49520       -4.08840
H         -1.94530       -4.93060       -3.07060
H         -0.24530       -4.59650       -3.42790
H         -0.89900       -4.38370       -1.75500
H          1.02130       -3.11210       -2.02390
H          3.48800       -2.20290       -2.09450
H          4.48610       -0.84680       -0.34830
H          1.53340       -1.59640        0.62480
H          0.51890       -0.73890        1.76740
H          2.49900       -0.53010        3.32980
H          3.49050       -1.41200        2.17600
H          1.93720       -3.39050        2.36060
H          0.95710       -2.50260        3.52530
H          2.86900       -2.36790        4.95270
H          3.79740       -3.17020        3.88700
H          2.03920        2.49790        1.32180
H          1.19270        1.49000        2.48730
H         -0.68410        1.17460        0.85500
H          0.21910        2.01500       -0.38340
H         -1.47400        3.49280        0.53760
H          0.13390        4.12990        0.84340
H         -1.32600        4.44550        2.78200
H          0.03860        3.40540        3.20260
H         -2.65620        2.45660        2.46100
H         -1.29090        2.43750        5.07680
H         -2.58960        3.56340        4.63030
H         -2.82770        0.50560        4.62570
H         -4.11780        1.63280        4.19340
H         -2.73860        1.47150        6.93540
H         -4.00300        2.62920        6.50930
H         -4.29890       -0.29450        6.43230
H         -5.46160        0.78180        6.06600
H          2.04040        0.96530       -2.84900
H          1.36270        2.55700       -4.41560
H         -0.08640        3.55490       -4.24420
H          0.65590        2.88620       -2.78360
H         -2.08830        0.44490       -4.35190

