HF BASIS=def2-svp cutoff=1.0e-9 denserms=1.0e-6  zmake GRADIENT DIPOLE CHARGE=0

C         -0.18410        2.69370        0.98520
O         -0.03820        2.51600       -0.41820
C         -0.19130        1.22990       -0.90030
C         -0.80260        0.15330       -0.23150
O         -1.39000        0.20000        1.00240
C         -1.86390       -1.04020        1.28620
C         -2.52940       -1.39990        2.45500
C         -2.93330       -2.73090        2.54500
O         -3.58910       -3.10650        3.68350
C         -2.68640       -3.64970        1.52580
C         -2.01220       -3.25110        0.36230
C         -1.59110       -1.91180        0.24160
C         -0.90130       -1.14070       -0.74600
C         -0.34380       -1.41980       -2.01070
O         -0.45340       -2.69680       -2.50150
C          0.77930       -3.22970       -2.98130
C          0.23110       -0.35420       -2.71940
O          0.73870       -0.56250       -3.98130
C          0.28640        0.94860       -2.19430
O          0.89280        1.86190       -3.03410
C          0.25250        3.13540       -3.09520
H          0.17910        3.69670        1.23010
H          0.42270        1.97890        1.55100
H         -1.23840        2.64980        1.27430
H         -2.72120       -0.68540        3.24490
H         -3.82190       -4.04710        3.61510
H         -3.01000       -4.68300        1.61290
H         -1.82050       -3.96270       -0.43620
H          0.87430       -3.05510       -4.05680
H          0.75390       -4.31280       -2.82490
H          1.65000       -2.83740       -2.44320
H          1.08640        0.30610       -4.26490
H         -0.83370        3.06920       -2.96610
H          0.44050        3.54990       -4.09070
H          0.69810        3.81950       -2.36750

