HF BASIS=def2-svp cutoff=1.0e-9 denserms=1.0e-6  zmake GRADIENT DIPOLE CHARGE=0

C          0.18810        0.29000       -1.45780
C          0.59970       -0.82070       -2.43870
O         -0.50840       -1.71720       -2.61020
C         -0.60970        1.37100       -2.23160
C         -1.23750        2.42610       -1.35060
C         -0.82320        3.76180       -1.43430
C         -1.39960        4.72520       -0.61220
O         -0.95270        6.00850       -0.73080
C         -2.39510        4.38660        0.29790
C         -2.82030        3.06140        0.38230
C         -2.24720        2.08680       -0.43790
C          1.37370        0.87260       -0.61500
C          2.43750        1.60180       -1.45010
O          3.04720        0.72170       -2.38240
C          2.06190       -0.18730        0.29220
C          1.08600       -0.94750        1.16090
C          0.65700       -2.22500        0.77480
C         -0.38010       -2.85250        1.45990
O         -0.89980       -4.05050        1.05190
S         -1.47460       -4.22190       -0.47150
O         -2.13150       -2.79250       -0.84130
O         -2.55290       -5.18690       -0.43290
O         -0.35850       -4.40050       -1.37950
C         -0.91850       -2.27090        2.60520
C         -0.46120       -1.02320        3.02800
C          0.52410       -0.35500        2.29880
H         -0.52630       -0.14980       -0.75100
H          1.43350       -1.42210       -2.07310
H          0.86800       -0.41810       -3.42100
H         -0.20270       -2.37620       -3.26860
H          0.02840        1.84360       -2.98830
H         -1.42230        0.89360       -2.79630
H         -0.05230        4.06190       -2.13870
H         -1.47050        6.57010       -0.13090
H         -2.84950        5.13240        0.94170
H         -3.60090        2.78310        1.08570
H         -2.59510        1.05820       -0.36060
H          0.94800        1.62320        0.06490
H          3.22020        2.00340       -0.79700
H          2.00550        2.44180       -2.00050
H          3.74060        1.23030       -2.84000
H          2.78670        0.31300        0.94870
H          2.65500       -0.89270       -0.30190
H          1.10980       -2.70510       -0.08870
H         -1.50820       -2.31390       -1.44830
H         -1.70740       -2.77490        3.15710
H         -0.89070       -0.55880        3.91210
H          0.83900        0.63750        2.61410

