HF BASIS=def2-svp cutoff=1.0e-9 denserms=1.0e-6  zmake GRADIENT DIPOLE CHARGE=0

C         -0.30110        5.30520       -1.06760
C         -0.00190        4.06180       -1.91910
C          0.69330        4.49660       -3.22400
O          0.97510        3.26730       -1.23790
C         -1.29890        3.26150       -2.13370
C         -2.09020        3.53680       -3.27440
C         -3.30080        2.88430       -3.51800
C         -3.76370        1.93120       -2.62620
C         -3.02020        1.64130       -1.48800
C         -1.80340        2.30400       -1.21310
C         -1.12960        1.93890        0.09540
C         -0.21850        0.70700       -0.02200
C          0.67950        0.53240        1.22010
S         -0.24210        0.29170        2.80360
C         -1.13460       -1.25450        2.45970
C         -2.01300       -1.61450        3.64700
C         -1.28150       -2.15700        4.87050
C         -0.58780       -3.47790        4.64340
O          0.14380       -3.85580        5.71300
O         -0.64300       -4.19340        3.65610
C         -3.38600       -2.19640        3.35160
C         -3.27430       -0.79740        3.87840
C          1.79340       -0.49400        1.07570
C          1.61160       -1.72550        0.42340
C          2.64920       -2.66890        0.30380
C          3.89200       -2.34250        0.86980
C          4.09500       -1.13230        1.52980
C          3.05120       -0.21800        1.63550
C          2.44580       -4.00110       -0.37450
O          3.36670       -4.31500       -1.43920
C          1.98880       -4.16210       -1.81180
C          1.55990       -2.97780       -2.64330
N          0.23410       -2.88260       -2.93580
C         -0.21570       -1.84970       -3.66800
C          0.63540       -0.83090       -4.13780
C          0.12010        0.23360       -4.89590
C         -1.23570        0.27220       -5.21100
C         -2.07010       -0.74320       -4.75790
Cl         -3.74180       -0.72370       -5.17040
C         -1.56250       -1.78700       -3.98690
C          1.99390       -0.92860       -3.83380
C          2.45790       -2.01280       -3.09540
H         -0.68730        5.03450       -0.07940
H          0.61100        5.88610       -0.89150
H         -1.03510        5.96040       -1.54950
H          0.86150        3.63570       -3.88280
H          1.68260        4.92210       -3.01450
H          0.12610        5.25330       -3.77560
H          1.71050        3.85080       -0.98900
H         -1.78680        4.28570       -4.00050
H         -3.87870        3.12190       -4.40730
H         -4.70200        1.41530       -2.81280
H         -3.40330        0.89630       -0.79250
H         -1.91470        1.74280        0.83910
H         -0.58970        2.79920        0.50250
H         -0.82630       -0.18480       -0.21540
H          0.42480        0.80950       -0.90550
H          1.18020        1.50110        1.35320
H         -1.75270       -1.11950        1.56770
H         -0.42570       -2.05970        2.26330
H         -0.53270       -1.43030        5.20270
H         -1.98970       -2.30370        5.69530
H          0.53350       -4.71160        5.43800
H         -3.68630       -2.32950        2.31810
H         -3.78550       -2.95810        4.01320
H         -3.49730        0.02040        3.20100
H         -3.59180       -0.60870        4.89810
H          0.64130       -1.97170       -0.00450
H          4.71430       -3.05200        0.79650
H          5.06410       -0.90530        1.96530
H          3.22230        0.71730        2.16510
H          2.18480       -4.81970        0.29170
H          1.45820       -5.08360       -2.03800
H          0.77130        1.03000       -5.24780
H         -1.63210        1.09350       -5.80060
H         -2.22240       -2.57430       -3.63340
H          2.69810       -0.17240       -4.16920
H          3.51430       -2.09400       -2.85710

