HF BASIS=def2-svp cutoff=1.0e-9 denserms=1.0e-6  zmake GRADIENT DIPOLE CHARGE=0

C          2.52450       -1.72730       -3.75770
C          3.57620       -0.85500       -3.08990
C          3.14410       -0.31270       -1.72590
C          1.96790        0.66300       -1.80630
C          1.64430        1.25470       -0.43240
C          0.46540        2.22750       -0.50910
C          0.13910        2.81090        0.86730
C         -0.97080        3.86850        0.83400
C         -2.33680        3.37410        0.34640
C         -2.91130        2.28900        1.21000
C         -3.20130        1.05640        0.76500
C         -3.76300        0.03660        1.67660
O         -4.01270        0.20760        2.85780
O         -3.93840       -1.10410        0.96400
C         -4.48090       -2.21200        1.69660
C         -3.36630       -2.98870        2.37210
H          2.92720       -2.16230       -4.67810
H          2.21930       -2.54790       -3.10080
H          1.63560       -1.14950       -4.02690
H          3.83800       -0.02470       -3.75600
H          4.48670       -1.45080       -2.95360
H          2.88770       -1.14790       -1.06270
H          4.00300        0.19790       -1.27300
H          1.08040        0.14990       -2.19330
H          2.20810        1.47190       -2.50670
H          2.52580        1.77600       -0.03990
H          1.40750        0.44540        0.26910
H         -0.40640        1.70000       -0.91140
H          0.70430        3.04010       -1.20560
H          1.04140        3.28070        1.27870
H         -0.13030        2.00360        1.55850
H         -0.65180        4.69930        0.19210
H         -1.07990        4.28520        1.84360
H         -2.26920        3.05170       -0.69900
H         -3.03640        4.21910        0.35750
H         -3.09920        2.54420        2.25270
H         -3.03230        0.76110       -0.26340
H         -4.99110       -2.85540        0.97230
H         -5.23490       -1.88140        2.42030
H         -2.84050       -2.36610        3.10290
H         -3.76290       -3.86950        2.88480
H         -2.62290       -3.31280        1.63630

