HF BASIS=def2-svp cutoff=1.0e-9 denserms=1.0e-6  zmake GRADIENT DIPOLE CHARGE=0

O          1.63170       -3.49460       -0.29670
C          1.03450       -3.36490        0.99700
C          0.25020       -2.05130        1.05720
O         -0.75730       -2.11280        0.02140
C         -1.53610       -0.91620       -0.08290
O         -0.72610        0.19740       -0.44360
C         -0.20230        0.09010       -1.77990
C         -1.13570        0.67670       -2.76860
N         -1.89240        1.12080       -3.53040
C          1.14850        0.78630       -1.75880
C          1.25300        2.17810       -1.57850
C          2.50220        2.80300       -1.54280
C          3.65420        2.03670       -1.67510
O          4.89280        2.60510       -1.64580
C          3.57740        0.65950       -1.83660
C          2.33000        0.03360       -1.87630
C         -2.26120       -0.61800        1.24330
O         -3.25330       -1.62160        1.53180
C         -1.26210       -0.56750        2.40960
O         -1.97280       -0.48680        3.65800
C         -0.37950       -1.82160        2.43630
O         -1.19850       -2.94680        2.80300
H          0.88190       -3.52920       -0.92010
H          0.38730       -4.23540        1.14410
H          1.83300       -3.38380        1.74450
H          0.93510       -1.23020        0.81260
H         -2.29190       -1.09520       -0.85720
H         -0.04290       -0.96340       -2.04230
H          0.35860        2.78790       -1.46040
H          2.55420        3.87870       -1.40550
H          4.79030        3.57000       -1.60850
H          4.48710        0.07230       -1.92920
H          2.29550       -1.04880       -1.99200
H         -2.79350        0.33770        1.18250
H         -2.77150       -2.47520        1.60250
H         -0.62990        0.32310        2.32370
H         -2.89440       -0.75770        3.46360
H          0.39450       -1.73060        3.20660
H         -1.54390       -2.72620        3.69270

