HF BASIS=def2-svp cutoff=1.0e-9 denserms=1.0e-6  zmake GRADIENT DIPOLE CHARGE=0

C         -1.28870       -3.47040       -2.14810
O         -0.13450       -2.76870       -1.69620
C         -0.25140       -1.40700       -1.55510
C          0.94030       -0.72250       -1.25580
O          2.11390       -1.43380       -1.18780
C          2.49460       -1.68040        0.17940
O          3.56270       -0.80170        0.53520
C          4.13040       -1.03090        1.82940
C          4.59120       -2.48400        2.01570
O          5.73950       -2.74100        1.18590
C          3.48320       -3.46290        1.63040
O          4.01090       -4.80180        1.65230
C          2.93390       -3.15460        0.24050
O          1.83880       -4.05800       -0.00530
C          3.23260       -0.59810        2.99130
O          3.85260       -0.64270        4.18800
O          2.07110       -0.22740        2.92170
C          0.99300        0.66550       -1.08690
C         -0.21800        1.33620       -1.20670
O         -0.39030        2.68750       -1.07510
C         -1.70880        2.90670       -1.26990
C         -2.39630        1.74870       -1.52300
C         -1.43400        0.70830       -1.48710
C         -1.45260       -0.69150       -1.66530
C         -3.81960        1.78860       -1.76180
O         -4.49140        0.78840       -1.98890
O         -4.40590        3.08210       -1.71770
C         -3.66070        4.27510       -1.45950
C         -2.27790        4.22190       -1.22090
C         -1.57380        5.39720       -0.97050
C         -2.25660        6.61870       -0.96750
C         -3.63300        6.64840       -1.21310
O         -4.32050        7.82660       -1.22410
C         -4.35000        5.48130       -1.45670
H         -1.62510       -3.09550       -3.12070
H         -1.01050       -4.52120       -2.27430
H         -2.09140       -3.42580       -1.40400
H          1.63720       -1.53200        0.85110
H          5.00620       -0.37060        1.86610
H          4.91860       -2.67930        3.04280
H          5.84820       -3.71490        1.19290
H          2.67360       -3.43160        2.37130
H          3.32910       -5.35020        1.20950
H          3.68660       -3.37030       -0.52830
H          1.35870       -3.69310       -0.78070
H          3.19280       -0.28950        4.82510
H          1.91890        1.18780       -0.88010
H         -2.39970       -1.17370       -1.88240
H         -0.50310        5.37170       -0.78060
H         -1.70220        7.53300       -0.77280
H         -3.68870        8.55990       -1.12650
H         -5.41810        5.51700       -1.64720

