HF BASIS=def2-svp cutoff=1.0e-9 denserms=1.0e-6  zmake GRADIENT DIPOLE CHARGE=0

C          5.80980       -3.30050       -3.05150
C          4.37880       -3.76800       -2.81790
C          3.67700       -2.99600       -1.68240
O          2.26880       -2.89740       -1.99560
C          1.86180       -1.73280       -2.57290
O          2.60730       -0.86630       -3.00500
C          0.34910       -1.65380       -2.55330
C         -0.15130       -1.37900       -3.96890
C         -0.05030       -0.61830       -1.45560
O         -0.43310        0.59000       -2.12020
C         -0.25740        1.79020       -1.37910
C          0.77770        2.71620       -2.01660
C          0.30520        3.39830       -3.31150
C          1.23310        4.57590       -3.66050
O          0.22390        2.48890       -4.43050
C          1.44760        1.97380       -4.92720
C         -1.13060        3.94650       -3.11380
O         -1.65860        4.37180       -4.38010
C         -2.04860        2.89910       -2.47360
C         -3.43960        3.47650       -2.19400
O         -1.50090        2.46930       -1.22180
C         -1.18030       -1.20970       -0.53720
C         -2.50010       -1.32260       -1.33610
C         -1.44560       -0.48260        0.83070
O         -2.64410       -1.07260        1.39610
C         -3.55030       -0.14340        2.00210
O         -3.80700       -0.55040        3.35440
C         -4.91210       -1.42670        3.54330
C         -4.65920       -2.80320        2.92580
C         -6.23110       -0.78490        3.08610
C         -6.00420        0.37700        2.10490
C         -4.83750        0.01250        1.15900
O         -4.66420        1.02030        0.15440
N         -7.19680        0.88370        1.38370
C         -8.18940        1.45080        2.29970
C         -7.82430       -0.09620        0.49610
C         -0.27440       -0.56750        1.91030
C         -0.61060        0.35220        3.09090
O          0.94540       -0.09130        1.33330
C         -0.04260       -2.03520        2.38000
C          0.95690       -2.25080        3.54370
C          0.73400       -3.62560        4.18690
C          2.43870       -2.08640        3.14870
N          3.19880       -1.10660        3.54680
O          2.55180       -0.22810        4.41900
C          3.07460        1.08280        4.21330
O          2.45140        1.67160        3.07490
C          3.19380        2.78800        2.58760
C          2.31700        3.55660        1.60240
O          1.36570        4.33840        2.34010
C          0.41640        4.95380        1.47790
C          3.09800       -3.14550        2.24380
C          4.35930       -3.66170        2.93980
C          3.33030       -2.60940        0.81090
O          4.30870       -1.56080        0.82630
C          3.78500       -3.66230       -0.26520
C          2.94650       -4.95010       -0.19080
O          5.17010       -3.97180       -0.01240
H          6.30880       -3.95910       -3.77250
H          6.40610       -3.29360       -2.13300
H          5.80840       -2.28920       -3.47330
H          4.39300       -4.84080       -2.61130
H          3.82470       -3.65230       -3.75480
H          4.12720       -1.99620       -1.62410
H         -0.01110       -2.65130       -2.26780
H          0.39690       -0.56520       -4.44330
H         -1.21230       -1.11690       -3.98690
H         -0.01690       -2.26370       -4.59740
H          0.84320       -0.42470       -0.86170
H          0.09520        1.57190       -0.36730
H          1.70560        2.15910       -2.17830
H          0.99520        3.50870       -1.29280
H          1.16050        5.38520       -2.92800
H          1.00250        4.98420       -4.65140
H          2.28250        4.26510       -3.68480
H          1.21620        1.26850       -5.72900
H          2.00110        1.43590       -4.15910
H          2.06590        2.75760       -5.36290
H         -1.10040        4.82410       -2.45680
H         -1.38530        3.66770       -5.00150
H         -2.18290        2.03750       -3.14100
H         -3.90600        3.86430       -3.10640
H         -4.09070        2.70630       -1.77210
H         -3.38790        4.28080       -1.45320
H         -0.89620       -2.23580       -0.28110
H         -2.36610       -1.90090       -2.25470
H         -3.27010       -1.85180       -0.77010
H         -2.88470       -0.33210       -1.59850
H         -1.63340        0.56890        0.59690
H         -3.07980        0.84420        2.08320
H         -4.97940       -1.59320        4.62430
H         -5.42410       -3.51850        3.23770
H         -4.65550       -2.77720        1.83480
H         -3.68230       -3.18640        3.23930
H         -6.74900       -0.39200        3.96900
H         -6.89380       -1.55730        2.67390
H         -5.64490        1.23280        2.69640
H         -5.05100       -0.91200        0.61560
H         -5.37880        1.67360        0.30140
H         -7.73490        2.21310        2.93910
H         -8.64810        0.68690        2.93690
H         -8.98590        1.95210        1.73620
H         -7.11440       -0.48920       -0.23850
H         -8.62270        0.37900       -0.08380
H         -8.26320       -0.93390        1.04230
H          0.23470        0.51830        3.76190
H         -0.88670        1.35230        2.73680
H         -1.42170       -0.03900        3.71030
H          1.52440        0.25110        2.05300
H         -1.00530       -2.45420        2.68980
H          0.29810       -2.63680        1.52990
H          0.71650       -1.54130        4.33940
H          1.51460       -3.85720        4.91410
H         -0.22980       -3.65300        4.70240
H          0.71820       -4.42950        3.44650
H          4.16600        1.04520        4.10690
H          2.83150        1.67700        5.10140
H          4.08370        2.40840        2.07440
H          3.48900        3.43780        3.41900
H          1.79570        2.85830        0.94220
H          2.93940        4.23950        1.00660
H         -0.23450        5.58660        2.08250
H          0.92100        5.57540        0.72510
H         -0.19780        4.19560        0.98720
H          2.39360       -3.98010        2.18440
H          5.20050       -2.97590        2.83220
H          4.18930       -3.80920        4.00570
H          4.66340       -4.62780        2.53460
H          2.39780       -2.14880        0.47560
H          5.18310       -1.99770        0.77870
H          3.14910       -5.51140        0.72980
H          1.87560       -4.74200       -0.24200
H          3.19790       -5.64650       -1.00100
H          5.22100       -4.82680        0.44910

