HF BASIS=def2-svp cutoff=1.0e-9 denserms=1.0e-6  zmake GRADIENT DIPOLE CHARGE=0

C          5.84780        3.01480        5.39900
C          4.83510        3.59860        4.40540
C          3.61270        4.13430        5.16020
N          4.55610        2.62410        3.33380
C          3.70630        1.48320        3.73750
C          3.52720        0.45300        2.59600
N          2.95630        1.10060        1.39700
C          3.75700        2.27170        0.96480
C          3.95930        3.26150        2.13820
C          2.52350        0.28550        0.34290
C          1.67640        0.82030       -0.64070
C          1.17860        0.04650       -1.69880
C          1.52450       -1.29460       -1.80460
O          1.12320       -2.17060       -2.77090
C          0.13550       -1.76070       -3.71990
C         -1.28620       -2.03630       -3.23530
C         -1.49590       -3.40540       -2.65000
O         -2.72060       -3.26060       -1.93030
C         -2.77220       -1.86410       -1.50310
C         -2.54580       -1.86920        0.02100
N         -2.76780       -0.60650        0.67880
C         -1.85670        0.35850        0.97180
N         -2.44040        1.32320        1.64610
C         -3.72590        0.88140        1.76220
N         -3.97290       -0.30720        1.20530
O         -1.67930       -1.18780       -2.15240
C         -4.14290       -1.31660       -1.91810
C         -4.39310        0.02100       -2.28780
Cl         -3.17200        1.24530       -2.34720
C         -5.68730        0.44650       -2.62230
C         -6.75110       -0.44680       -2.58460
Cl         -8.33350        0.08550       -2.99740
C         -6.54150       -1.76640       -2.21050
C         -5.25400       -2.19300       -1.87630
C          2.36740       -1.84450       -0.84010
C          2.85080       -1.06940        0.22260
H          6.73700        2.64070        4.87870
H          5.42480        2.19440        5.98810
H          6.18090        3.78690        6.10200
H          5.33890        4.46040        3.94650
H          3.91720        4.91460        5.86720
H          3.11180        3.35100        5.73890
H          2.88160        4.58270        4.48100
H          4.15310        0.95840        4.58840
H          2.71230        1.83040        4.04610
H          2.85560       -0.33580        2.95630
H          4.49990        0.00130        2.36210
H          3.26970        2.82010        0.15080
H          4.73440        1.93270        0.59660
H          2.98890        3.70970        2.38500
H          4.61400        4.06730        1.78570
H          1.35380        1.85710       -0.56780
H          0.51080        0.53410       -2.39990
H          0.31400       -2.37120       -4.61290
H          0.26990       -0.72200       -4.03690
H         -1.99010       -1.85280       -4.05710
H         -0.72470       -3.69240       -1.92820
H         -1.59020       -4.18950       -3.40570
H         -3.19710       -2.60770        0.50610
H         -1.51540       -2.17250        0.24620
H         -0.81690        0.31060        0.68450
H         -4.50140        1.43780        2.27220
H         -5.86470        1.48200       -2.90140
H         -7.37110       -2.46770       -2.16640
H         -5.12210       -3.23190       -1.57490
H          2.65460       -2.89100       -0.90820
H          3.50470       -1.55450        0.94020

