HF BASIS=def2-svp cutoff=1.0e-9 denserms=1.0e-6  zmake GRADIENT DIPOLE CHARGE=0

C          3.32280       -1.04880        1.38670
C          1.83520       -0.75720        1.53300
C          1.18360       -0.20530        0.26400
C          0.12420        0.72500        0.84400
O          0.70000        1.24660        2.04290
C          1.62670        0.36980        2.51230
O          2.19520        0.49860        3.58440
C         -0.25990        1.79720       -0.12050
C         -0.13630        3.17040       -0.00850
C          0.37760        4.07170        1.04610
O         -0.59510        3.77540       -1.13690
C         -1.01730        2.79970       -1.97440
C         -0.84230        1.55300       -1.40950
C         -1.17820        0.19690       -1.96890
C         -1.79710        0.27770       -3.37420
O         -2.14630       -0.43540       -1.12640
C          0.06490       -0.71720       -2.02380
C          0.58630       -1.26800       -0.67750
O          1.63750       -2.20070       -1.04170
C          1.51850       -3.48110       -0.59260
C          2.62590       -4.32300       -1.14880
O          0.65170       -3.89290        0.16340
H          3.73980       -1.40190        2.33640
H          3.88060       -0.14830        1.10540
H          3.51970       -1.81600        0.63560
H          1.29640       -1.63330        1.91070
H          1.94220        0.37170       -0.28610
H         -0.77820        0.17670        1.14430
H         -0.18510        3.93520        1.97450
H          0.28870        5.12180        0.75000
H          1.43400        3.86600        1.24400
H         -1.41290        3.14820       -2.91890
H         -1.10360        0.71460       -4.10100
H         -2.71520        0.87770       -3.36960
H         -2.08920       -0.71720       -3.73060
H         -2.91350        0.16320       -1.07470
H          0.88460       -0.21720       -2.55870
H         -0.17880       -1.59800       -2.63630
H         -0.23110       -1.79200       -0.16890
H          2.49280       -5.35820       -0.82190
H          2.59640       -4.29940       -2.24120
H          3.58910       -3.96080       -0.78200

