HF BASIS=def2-svp cutoff=1.0e-9 denserms=1.0e-6  zmake GRADIENT DIPOLE CHARGE=0

C          2.67800       -0.56720       -0.34070
C          2.34500        0.39620       -1.46940
C          0.88220        0.35460       -1.80610
C          0.04960        1.39600       -1.65420
C         -1.41650        1.34790       -1.98210
C         -2.29390        1.38780       -0.73180
C         -2.28320        0.06920       -0.00870
O         -2.98040       -0.88100       -0.65060
N         -1.72880       -0.27770        1.09770
C         -0.97290        0.77930        1.81130
C         -0.27870        0.13910        3.00610
O         -0.51600       -1.19500        3.07860
O          0.41460        0.74170        3.81080
H          2.42180       -1.59760       -0.60940
H          3.74930       -0.53280       -0.11820
H          2.13380       -0.30830        0.57390
H          2.65400        1.40820       -1.18290
H          2.92030        0.12710       -2.36250
H          0.50310       -0.58950       -2.19410
H          0.43310        2.34120       -1.27330
H         -1.64830        2.21740       -2.60900
H         -1.64840        0.46100       -2.58460
H         -2.00250        2.20710       -0.06830
H         -3.33160        1.58770       -1.02710
H         -2.93400       -1.70030       -0.13130
H         -0.19490        1.21010        1.17650
H         -1.65840        1.54290        2.19130
H         -1.10020       -1.40470        2.31090

