HF BASIS=def2-svp cutoff=1.0e-9 denserms=1.0e-6  zmake GRADIENT DIPOLE CHARGE=+1

C          0.19740        4.98930       -2.85010
C         -0.75470        3.83070       -2.53760
C         -1.56830        4.09850       -1.26770
C         -0.13310        2.41670       -2.58490
O          0.50910        2.19000       -3.84540
C          0.88140        1.97190       -1.55440
N          1.32330        0.71820       -1.39810
C          0.84820       -0.39430       -2.25150
C          0.14750       -1.46790       -1.47580
C         -1.00640       -1.27420       -0.74190
N         -1.57020       -0.00720       -0.58530
N         -1.64860       -2.26580       -0.10030
C         -1.13610       -3.50860       -0.21860
C         -1.88210       -4.64250        0.41910
N         -0.03230       -3.79760       -0.91910
C          0.57450       -2.77680       -1.54630
C          2.30580        0.56730       -0.41190
C          2.92360       -0.75760       -0.14360
C          2.53390        1.74250        0.27710
C          3.34580        1.97830        1.52010
C          2.47500        1.90360        2.77840
O          1.84060        0.62970        2.86720
P          0.22990        0.60780        2.84220
O         -0.14890        1.37740        4.18680
O         -0.35010        1.15870        1.57520
O         -0.10360       -0.91130        3.14550
P         -1.56610       -1.44540        3.41410
O         -2.13270       -0.49800        4.57400
O         -2.45550       -1.01530        2.16730
O         -1.69100       -2.88660        3.75710
S          1.68920        3.02330       -0.46590
H          0.88300        5.20960       -2.02930
H         -0.37940        5.90330       -3.03330
H          0.78840        4.79010       -3.75020
H         -1.48260        3.84810       -3.36420
H         -0.93960        4.23480       -0.38530
H         -2.16130        5.01160       -1.38500
H         -2.26540        3.27680       -1.07030
H         -0.97820        1.71820       -2.54070
H         -0.05150        2.58110       -4.54360
H          1.72220       -0.79110       -2.77900
H          0.16850       -0.06180       -3.03590
H         -2.47030       -0.12850       -0.11110
H         -1.02080        0.55820        0.08140
H         -2.65160       -5.00540       -0.26710
H         -2.36380       -4.31240        1.34280
H         -1.20510       -5.46500        0.65870
H          1.44680       -3.07180       -2.12500
H          3.17640       -1.28520       -1.06240
H          2.25930       -1.37390        0.46550
H          3.86020       -0.65040        0.41140
H          3.84770        2.95310        1.47220
H          4.13660        1.22180        1.58710
H          3.10340        2.02320        3.66580
H          1.73390        2.71030        2.78750
H         -1.10180        1.29740        4.42820
H         -2.56450       -1.05560        5.25810
H         -2.45250       -1.71660        1.47160

