HF BASIS=def2-svp cutoff=1.0e-9 denserms=1.0e-6  zmake GRADIENT DIPOLE CHARGE=0

C          6.63980       -4.34750        0.60880
C          5.45880       -4.75600        1.51110
C          5.84520       -4.43610        2.96690
C          5.19340       -6.27540        1.37660
C          4.17000       -6.57350        0.27910
C          2.75710       -5.99390        0.61410
C          2.00540       -5.77620       -0.71550
C          0.68320       -5.03460       -0.52800
C          0.81560       -3.63190        0.13900
C          1.56130       -2.70720       -0.87000
C          1.70230       -3.71340        1.38820
C          1.44580       -2.96110        2.47770
C          0.33250       -1.96660        2.62500
C         -0.46510       -1.68970        1.32910
C         -1.72660       -0.74320        1.52380
C         -2.73520       -1.28400        2.58330
C         -1.29070        0.64010        2.10850
C         -0.66620        1.59200        1.10720
C         -1.66920        1.89180       -0.00140
O         -1.16840        2.86720       -0.92160
C         -1.06040        4.19590       -0.40730
O          0.27410        4.44190        0.04260
C          1.24550        4.33960       -1.00160
C          0.96250        5.34770       -2.13630
O          1.01720        6.70660       -1.65820
C         -0.45370        5.07490       -2.68310
O         -0.76120        6.03130       -3.71350
C         -1.52030        5.48350       -4.80490
O         -2.72500        4.90110       -4.29960
C         -3.21690        3.79930       -5.05420
C         -4.66770        4.04360       -5.47720
O         -5.28010        2.93500       -5.95550
O         -5.23020        5.12600       -5.41230
C         -1.86340        6.65510       -5.75570
O         -2.95480        7.45930       -5.25370
C         -2.25490        6.10970       -7.11470
O         -3.37250        6.70370       -7.59790
O         -1.66520        5.21550       -7.70600
C         -1.47620        5.17480       -1.52950
O         -1.57820        6.51120       -1.01350
C          2.62700        4.57390       -0.41530
O          2.99110        3.63010        0.47890
O          3.37580        5.50410       -0.67340
C         -2.02300        0.60000       -0.80720
C         -0.84330        0.21820       -1.72770
C         -3.19240        0.97640       -1.76280
C         -2.51140       -0.55050        0.17130
C         -2.76220       -1.91810       -0.51380
C         -1.52730       -2.79130       -0.72700
C         -0.66310       -3.03920        0.53340
C         -1.42200       -4.10040        1.39100
C          2.89380       -4.67410        1.43840
C          4.20860       -3.93340        1.09950
C          2.00240       -7.07950        1.39980
O          1.17530       -6.62230        2.35870
O          2.04510       -8.28230        1.18320
H          7.55880       -4.87820        0.88780
H          6.43310       -4.57230       -0.44500
H          6.84060       -3.27090        0.68930
H          6.08710       -3.37190        3.08060
H          6.72580       -5.00960        3.27830
H          5.03450       -4.66710        3.66200
H          6.12870       -6.80580        1.15660
H          4.82450       -6.68780        2.32310
H          4.54480       -6.15720       -0.66600
H          4.12880       -7.65850        0.12080
H          2.63320       -5.23270       -1.43010
H          1.79820       -6.74380       -1.18950
H          0.03700       -5.69610        0.05150
H          0.20400       -4.93440       -1.50940
H          1.72690       -1.70070       -0.47840
H          1.03970       -2.62570       -1.82760
H          2.55550       -3.08700       -1.12040
H          2.08530       -3.05690        3.35590
H          0.78200       -1.03850        2.98930
H         -0.32190       -2.33700        3.41950
H          0.21020       -1.08440        0.71990
H         -3.48660       -0.52250        2.82370
H         -2.25350       -1.54540        3.52930
H         -3.31720       -2.13670        2.23970
H         -2.17110        1.15330        2.52470
H         -0.61630        0.51640        2.96010
H          0.27240        1.20230        0.70070
H         -0.39440        2.51440        1.63220
H         -2.59380        2.28660        0.44170
H         -1.72460        4.34700        0.45100
H          1.24960        3.32230       -1.41410
H          1.69860        5.25880       -2.94380
H          1.93730        6.86440       -1.35860
H         -0.46280        4.06460       -3.11170
H         -0.87890        4.73860       -5.29410
H         -2.61990        3.59090       -5.95180
H         -3.19110        2.92340       -4.39370
H         -4.71690        2.13590       -5.98660
H         -1.00490        7.32300       -5.89430
H         -3.40090        6.91620       -4.56420
H         -3.71040        7.33510       -6.91280
H         -2.47610        4.91260       -1.88750
H         -0.75990        6.98340       -1.29440
H          3.83690        3.94080        0.85820
H         -1.13290       -0.54200       -2.45640
H          0.02340       -0.13550       -1.17150
H         -0.50060        1.06730       -2.32980
H         -4.08800        1.26450       -1.20180
H         -3.46470        0.15140       -2.42800
H         -2.92490        1.82440       -2.40140
H         -3.51240       -0.20840        0.47570
H         -3.48990       -2.48450        0.07860
H         -3.25110       -1.77510       -1.47930
H         -0.93210       -2.34890       -1.51990
H         -1.86350       -3.75170       -1.14330
H         -1.69810       -4.97940        0.80000
H         -2.36730       -3.73840        1.78240
H         -0.83970       -4.45750        2.24450
H          2.99470       -4.96900        2.49320
H          4.24540       -3.73700        0.02140
H          4.24270       -2.94730        1.58140
H          0.75340       -7.42990        2.71830

