HF BASIS=def2-svp cutoff=1.0e-9 denserms=1.0e-6  zmake GRADIENT DIPOLE CHARGE=0

C          7.02430       -0.96680        5.49490
C          6.02490       -0.93360        6.64090
C          4.78030       -0.12600        6.26620
C          3.75350       -0.03670        7.40160
C          3.15580       -1.37020        7.86390
C          2.49300       -2.21550        6.76920
C          1.38010       -1.51540        5.97930
C          0.19860       -1.08650        6.85300
C         -0.95930       -0.49100        6.04730
C         -0.59390        0.83640        5.38450
C         -1.79420        1.45800        4.67450
C         -1.40910        2.79380        4.04040
C         -2.54530        3.36650        3.19690
C         -2.15810        4.73100        2.62280
C         -3.17980        5.24460        1.61390
C         -3.08860        4.54490        0.26670
O         -2.30660        3.63420        0.00850
N         -3.98340        5.06300       -0.65000
C         -3.92410        4.68670       -2.06960
C         -5.27570        4.98630       -2.75370
O         -6.40890        4.37600       -2.11830
C         -6.39090        2.94040       -2.12360
O         -6.16860        2.44590       -3.44070
C         -6.50000        1.05930       -3.65520
C         -7.61930        0.97780       -4.70090
O         -7.80170       -0.36750       -5.12710
C         -6.82310        0.25520       -2.37450
O         -5.59990        0.14610       -1.60860
C         -4.88600       -1.06680       -1.87670
O         -5.57520       -2.15040       -1.26350
C         -4.78770       -3.28420       -0.89120
C         -4.62640       -3.32900        0.64350
O         -4.05040       -4.54910        1.11050
C         -3.45960       -3.38200       -1.66510
O         -2.73490       -4.55360       -1.27370
C         -2.59600       -2.10030       -1.54400
O         -1.65300       -2.33870       -0.48640
C         -0.55670       -1.43730       -0.28640
C          0.30070       -1.26130       -1.55630
C          1.78100       -1.12640       -1.20370
O          2.52570       -0.96750       -2.41260
C          2.30090       -2.36510       -0.41450
N          3.32230       -1.95290        0.55590
C          4.54860       -1.47110        0.16340
C          5.50120       -1.19530        1.29580
O          4.83220       -1.23190       -1.00470
C          1.09900       -3.09580        0.23400
O          0.22590       -2.08650        0.76260
C          1.45940       -4.13130        1.32440
O          2.56650       -4.93690        0.87260
C          0.31920       -5.10730        1.67530
O         -0.01300       -5.86660        0.48990
C         -0.95600       -4.47740        2.23090
O         -1.88790       -5.54010        2.46360
C         -0.98180       -0.07870        0.37880
O         -0.40600        1.02300       -0.14770
O         -1.78350        0.03910        1.29660
C         -3.47530       -0.86780       -1.30140
O         -2.83450        0.26910       -1.89010
C         -7.83950        0.97550       -1.47760
O         -9.18150        0.55720       -1.78580
C         -7.76650        2.50000       -1.60450
O         -8.08130        3.10700       -0.34000
C         -2.73910        5.41070       -2.77490
O         -3.09880        6.74750       -3.12850
C         -2.27930        4.70410       -4.02150
C         -1.00470        4.32290       -4.19750
C         -0.49060        3.53090       -5.36440
C          0.25520        2.29740       -4.85390
C          0.93350        1.51760       -5.97870
C          1.84420        0.44080       -5.38820
C          2.62490       -0.31850       -6.46080
C          3.61870       -1.32610       -5.87180
C          4.79440       -0.65240       -5.15830
C          5.77830       -1.67560       -4.59040
C          6.92970       -0.97480       -3.86550
C          7.91490       -1.97630       -3.26270
C          9.05940       -1.25570       -2.54870
C         10.08150       -2.24420       -1.98750
C         11.22950       -1.52330       -1.29790
H          6.60700       -1.48840        4.62960
H          7.30820        0.04180        5.18390
H          7.93150       -1.49630        5.80120
H          6.50000       -0.49070        7.52300
H          5.75250       -1.96220        6.89570
H          5.08350        0.89650        6.00570
H          4.31450       -0.54650        5.36880
H          4.22150        0.44860        8.26620
H          2.94250        0.63230        7.08620
H          3.93910       -1.97430        8.33810
H          2.42560       -1.16600        8.65520
H          3.25610       -2.56150        6.06260
H          2.08000       -3.12070        7.23420
H          1.02070       -2.20720        5.20720
H          1.79870       -0.65320        5.44920
H         -0.17390       -1.95960        7.40320
H          0.52440       -0.35470        7.60110
H         -1.29250       -1.20940        5.28800
H         -1.80460       -0.33200        6.72840
H         -0.21270        1.53290        6.13970
H          0.20550        0.68230        4.65140
H         -2.16070        0.76870        3.90330
H         -2.61470        1.61300        5.38370
H         -1.13540        3.50650        4.82890
H         -0.52260        2.65990        3.40510
H         -3.44910        3.47370        3.80970
H         -2.78650        2.66300        2.39360
H         -2.08520        5.45070        3.44700
H         -1.16550        4.68090        2.15750
H         -4.19800        5.13570        2.00620
H         -2.99760        6.31260        1.44250
H         -4.42560        5.94990       -0.43950
H         -3.72760        3.60820       -2.08920
H         -5.26110        4.70470       -3.81060
H         -5.47780        6.06120       -2.71810
H         -5.60100        2.61070       -1.43990
H         -5.59730        0.62130       -4.10300
H         -7.36080        1.58370       -5.57600
H         -8.56470        1.36320       -4.30710
H         -8.60560       -0.38240       -5.67560
H         -7.19800       -0.74430       -2.62410
H         -4.82920       -1.23120       -2.96210
H         -5.37630       -4.17210       -1.15490
H         -5.60640       -3.21450        1.12400
H         -4.00580       -2.50610        1.00690
H         -3.61330       -4.97600        0.33810
H         -3.71610       -3.50150       -2.72580
H         -1.85760       -4.24680       -0.95760
H         -2.03380       -1.99830       -2.47900
H          0.18720       -2.12350       -2.22660
H         -0.03200       -0.40880       -2.16090
H          1.93190       -0.21210       -0.61750
H          3.47620       -1.05780       -2.16360
H          2.80570       -3.05720       -1.10340
H          3.07950       -1.92250        1.54020
H          5.56170       -0.11530        1.45990
H          6.49110       -1.58430        1.03280
H          5.17870       -1.67710        2.22330
H          0.57890       -3.64520       -0.56370
H          1.77030       -3.61720        2.24290
H          2.16820       -5.65990        0.34370
H          0.69590       -5.85240        2.38910
H         -0.79580       -6.39230        0.76200
H         -0.77340       -3.94870        3.17080
H         -1.42200       -3.80840        1.51300
H         -2.78440       -5.13610        2.43310
H         -0.89370        1.79460        0.23500
H         -3.56350       -0.66640       -0.23120
H         -3.34740        1.05230       -1.57910
H         -7.66280        0.67760       -0.43430
H         -9.72720        0.90090       -1.05620
H         -8.54130        2.85060       -2.29940
H         -7.81430        4.04290       -0.43920
H         -1.90030        5.49660       -2.07370
H         -2.37820        7.08710       -3.69240
H         -3.02550        4.47100       -4.77660
H         -0.26570        4.56730       -3.43230
H         -1.30560        3.22810       -6.03100
H          0.18970        4.16700       -5.94300
H          1.01730        2.61220       -4.12760
H         -0.43660        1.63660       -4.31540
H          1.52690        2.19890       -6.60010
H          0.17690        1.06100       -6.62930
H          1.24250       -0.26660       -4.80460
H          2.53980        0.92480       -4.69270
H          3.16100        0.38910       -7.10650
H          1.91430       -0.85570       -7.10100
H          3.09490       -2.00070       -5.18350
H          4.00700       -1.94590       -6.68710
H          4.43390       -0.02450       -4.33660
H          5.31610        0.00700       -5.86240
H          5.25690       -2.34420       -3.89360
H          6.17730       -2.29770       -5.40080
H          7.45830       -0.32070       -4.56840
H          6.52810       -0.33230       -3.07080
H          7.39170       -2.63170       -2.55500
H          8.31920       -2.61430       -4.05750
H          9.55890       -0.57450       -3.24820
H          8.65550       -0.64250       -1.73160
H          9.59660       -2.91720       -1.27050
H         10.47990       -2.86730       -2.79700
H         11.96180       -2.24630       -0.92310
H         11.74260       -0.85100       -1.99460
H         10.86850       -0.93140       -0.45130

