HF BASIS=def2-svp cutoff=1.0e-9 denserms=1.0e-6  zmake GRADIENT DIPOLE CHARGE=0

C         -1.39260       -0.03500        0.12420
C         -2.15510        0.77790       -0.93920
C         -1.77780        2.23370       -0.81830
C         -0.90360        2.64230        0.12020
C         -0.47210        4.05470        0.33300
C         -0.32390        1.56500        0.99890
C          0.14710        0.31110        0.14020
C          0.99600       -0.75380        0.85760
C          0.67980       -0.70620        2.35830
C         -0.80920       -0.47700        2.60480
C         -1.39480        0.54740        1.59960
C         -2.71350        1.09030        2.14470
C          2.51430       -0.61220        0.57640
C          2.86410       -1.06740       -0.84590
C          3.07860        0.79090        0.81800
H         -1.63460       -1.10100        0.04280
H         -1.90110        0.41600       -1.94150
H         -3.23540        0.66150       -0.80300
H         -2.24150        2.93900       -1.50140
H         -0.72540        4.37980        1.34710
H         -0.95680        4.73870       -0.37120
H          0.61060        4.14510        0.19990
H          0.40380        1.96330        1.71250
H          0.54240        0.54070       -0.85620
H          0.68640       -1.74170        0.48890
H          1.00900       -1.62820        2.85130
H          1.23190        0.10690        2.84280
H         -0.93730       -0.12390        3.63540
H         -1.35470       -1.42530        2.52340
H         -3.21190        1.78430        1.46380
H         -2.54890        1.62650        3.08570
H         -3.41530        0.27220        2.34110
H          3.03740       -1.29650        1.25850
H          3.95040       -1.08250       -0.98740
H          2.49360       -2.08050       -1.03400
H          2.44130       -0.40290       -1.60530
H          2.90520        1.12720        1.84370
H          2.64120        1.52790        0.13700
H          4.16230        0.79850        0.65560

