HF BASIS=def2-svp cutoff=1.0e-9 denserms=1.0e-6  zmake GRADIENT DIPOLE CHARGE=0

C         -3.91060        1.60320        0.07120
C         -3.43890        0.95030       -1.23530
C         -1.96700        0.43610       -1.13850
C         -1.48060       -0.22680       -2.43260
C         -0.14950       -0.84780       -2.05260
C         -0.28090       -1.28320       -0.58320
C          0.96980       -0.90690        0.25590
C          2.25700       -1.53950       -0.30420
O          2.11720       -2.95740       -0.35020
C          3.46660       -1.17280        0.54970
C          3.30230       -1.56560        2.03700
C          4.59710       -1.18660        2.80470
O          4.93820       -2.26270        3.68210
C          4.50820        0.09830        3.63270
C          3.55440        1.11300        3.03830
C          2.16430        0.55580        2.81670
O          1.21640        1.34170        2.75390
C          1.99470       -0.97370        2.65840
C          1.74130       -1.57160        4.06570
C          0.76720       -1.33540        1.73400
C         -0.61550       -0.91760        2.28780
C         -1.42700       -0.03630        1.34040
C         -1.61620       -0.65160       -0.06010
C         -2.69190       -1.76240        0.00740
C         -3.70760        1.94770       -2.40340
C         -2.73770        3.13250       -2.46750
C         -3.26650        4.08810       -3.49890
C         -3.64220        5.45620       -3.03120
O         -2.59350        4.05960       -4.75990
C         -3.88910        3.42840       -4.72880
C         -4.93390        4.14960       -5.53000
C         -3.83950        1.92970       -4.82930
O         -3.96170        1.36500       -5.91240
O         -3.69370        1.23230       -3.65990
H         -4.85130        2.14740       -0.07140
H         -3.17090        2.30860        0.46780
H         -4.11910        0.84940        0.83240
H         -4.08550        0.08060       -1.42280
H         -1.31460        1.30320       -0.95190
H         -1.33950        0.48340       -3.24980
H         -2.17470       -1.00140       -2.77570
H          0.64750       -0.10030       -2.18840
H          0.08450       -1.70360       -2.70280
H         -0.37490       -2.37890       -0.56530
H          1.09210        0.18430        0.21550
H          2.43810       -1.19770       -1.32910
H          2.93650       -3.32930       -0.71590
H          3.65990       -0.09920        0.45070
H          4.34810       -1.68980        0.14830
H          3.20940       -2.66270        2.06310
H          5.43160       -1.09700        2.09600
H          5.79720       -2.05700        4.09190
H          4.22470       -0.12360        4.66970
H          5.51010        0.54610        3.70640
H          3.93810        1.49380        2.08860
H          3.46990        1.96350        3.72380
H          1.34750       -2.59270        3.99950
H          2.64350       -1.62390        4.68210
H          1.02860       -0.96730        4.63850
H          0.73400       -2.43870        1.72570
H         -1.19030       -1.82980        2.50530
H         -0.54050       -0.39870        3.24920
H         -0.93780        0.94170        1.25920
H         -2.39310        0.15290        1.81870
H         -2.37550       -2.58400        0.66010
H         -2.89330       -2.19630       -0.97850
H         -3.63860       -1.38840        0.40690
H         -4.73550        2.32080       -2.29070
H         -1.72810        2.80530       -2.74710
H         -2.66840        3.62850       -1.49260
H         -3.87680        6.14660       -3.84410
H         -2.82020        5.89670       -2.45700
H         -4.51500        5.39240       -2.37460
H         -4.73780        5.22310       -5.61680
H         -5.91880        4.01390       -5.07370
H         -4.97510        3.75310       -6.55080

