HF BASIS=def2-svp cutoff=1.0e-9 denserms=1.0e-6  zmake GRADIENT DIPOLE CHARGE=+1

O         -1.94010        2.38310        5.29110
C         -2.11950        1.86800        4.04180
C         -0.97160        1.49590        3.33920
C         -1.05920        0.95600        2.04490
C         -2.35050        0.79150        1.50670
C         -3.48680        1.16980        2.22070
O         -4.69280        0.98020        1.61590
C         -3.38520        1.71400        3.49270
C          0.10680        0.52920        1.25240
C          1.43280        1.00360        1.35780
O          1.75910        2.00700        2.23570
C          2.44740        0.47240        0.56980
C          2.17870       -0.56220       -0.33530
C          3.17190       -1.18150       -1.12130
O          4.46280       -0.74430       -0.99980
C          2.86680       -2.21930       -2.00250
C          1.54830       -2.64550       -2.10330
O          1.18190       -3.65140       -2.94250
C          0.54570       -2.05300       -1.34760
C          0.85950       -1.02010       -0.47120
O         -0.21390       -0.43240        0.24120
H         -2.80270        2.61190        5.67900
H         -0.01530        1.63030        3.84070
H         -2.48470        0.36150        0.51370
H         -5.40680        1.27720        2.20630
H         -4.27120        2.00580        4.04560
H          2.69980        2.26010        2.16930
H          3.46910        0.84070        0.66650
H          5.05550       -1.24190       -1.59400
H          3.64400       -2.68860       -2.60010
H          1.94810       -4.00010       -3.43310
H         -0.48530       -2.37990       -1.43490

