HF BASIS=def2-svp cutoff=1.0e-9 denserms=1.0e-6  zmake GRADIENT DIPOLE CHARGE=0

N          0.06990       -3.31250        4.82770
C         -0.65420       -2.11810        4.64630
C         -1.22410       -1.51350        5.77650
C         -1.84520       -0.26520        5.69310
C         -1.87610        0.41810        4.48190
C         -1.27200       -0.14070        3.35610
C         -0.64000       -1.39560        3.43440
C         -0.01080       -1.99000        2.22160
O          0.19240       -3.18620        2.07230
O          0.29080       -1.01820        1.32530
C          0.87080       -1.45950        0.08570
C         -0.19310       -1.98740       -0.88020
C         -1.16200       -0.91300       -1.31770
C         -2.40550       -0.77860       -0.68480
C         -3.29350        0.22460       -1.07550
C         -2.94690        1.10300       -2.10020
C         -1.71220        0.97960       -2.73470
C         -0.82230       -0.02280       -2.34530
H          0.22540       -3.81090        3.94480
H         -0.30320       -3.92160        5.54790
H         -1.18140       -2.01490        6.74060
H         -2.29250        0.17720        6.57990
H         -2.35730        1.39070        4.41550
H         -1.29860        0.41190        2.41920
H          1.63140       -2.22550        0.27920
H          1.39330       -0.59830       -0.34540
H         -0.75440       -2.81070       -0.42290
H          0.29590       -2.40520       -1.76880
H         -2.68920       -1.45570        0.11790
H         -4.25640        0.31960       -0.58050
H         -3.63910        1.88340       -2.40480
H         -1.44180        1.66480       -3.53380
H          0.13760       -0.10490       -2.84980

