HF BASIS=def2-svp cutoff=1.0e-9 denserms=1.0e-6  zmake GRADIENT DIPOLE CHARGE=0

C          0.69840       -2.02090        7.60920
C         -0.34790       -3.03610        7.23940
C         -0.30000       -4.28640        8.07820
C         -1.24260       -2.90370        6.23940
C         -1.43750       -1.72840        5.31600
C         -0.86580       -2.01410        3.91740
C         -1.02250       -0.83150        2.91850
C         -0.29090        0.40490        3.48040
O         -2.45040       -0.56670        2.89500
C         -2.89230        0.58130        2.17660
O         -3.61110        0.16390        1.01680
C         -4.01140        1.27590        0.20930
C         -4.75390        0.73160       -1.02080
O         -5.24750        1.78960       -1.83350
C         -4.87950        2.30400        0.97200
O         -4.90010        3.53130        0.21810
C         -4.32980        2.60410        2.37780
O         -5.33550        3.24260        3.18540
C         -3.85630        1.34410        3.09660
O         -5.00960        0.53580        3.42740
C         -0.54070       -1.19740        1.47790
C         -1.42040       -2.24980        0.77970
C         -0.70000       -2.47450       -0.54250
C          0.81800       -2.41340       -0.21200
C          1.29200       -3.90710       -0.14170
C          0.86190       -1.83880        1.25690
C          2.07480       -0.96030        1.53920
O          2.37150       -1.02550        2.93700
C          3.29350       -1.48610        0.78250
C          3.17920       -1.33000       -0.74970
C          3.94390        0.00740       -1.26260
C          3.78080        1.21030       -0.29640
C          5.46390       -0.34120       -1.30460
C          6.30790        0.63090       -2.12010
C          5.79610        0.71230       -3.55030
O          6.67900        1.52930       -4.31460
C          4.33550        1.24420       -3.63370
C          3.86320        1.06550       -5.10470
C          4.31320        2.76480       -3.38350
C          3.41790        0.35010       -2.69900
C          1.89080        0.67960       -2.65830
C          1.09600       -0.17720       -1.63540
C          1.69630       -1.57030       -1.29060
C          1.68880       -2.42060       -2.60870
O          1.68360        2.07030       -2.37290
C          0.35320        2.55820       -2.62450
O         -0.51510        2.29820       -1.50700
C         -0.73800        3.43650       -0.67480
C         -1.45540        4.56340       -1.43170
O         -2.88080        4.35510       -1.51060
C         -0.94010        4.68950       -2.88780
O         -1.84880        4.05940       -3.80610
C          0.44370        4.06450       -3.01890
O          1.33970        4.80410       -2.17190
H          0.61450       -1.07890        7.05770
H          0.63300       -1.77770        8.67490
H          1.69720       -2.42220        7.40570
H         -1.01040       -5.04540        7.73440
H          0.69690       -4.73640        8.04530
H         -0.54200       -4.05760        9.12090
H         -1.94420       -3.72080        6.06360
H         -2.51310       -1.52610        5.25000
H         -0.99040       -0.82110        5.73510
H         -1.38080       -2.89940        3.53210
H          0.19500       -2.28030        4.02480
H          0.63630        0.14980        3.99190
H         -0.03030        1.12240        2.69200
H         -0.91730        0.94480        4.19870
H         -2.05970        1.22940        1.88200
H         -3.11650        1.78480       -0.16410
H         -4.06490        0.11860       -1.61200
H         -5.59320        0.08980       -0.72320
H         -5.39570        1.41110       -2.71810
H         -5.92030        1.95330        1.05550
H         -5.27500        3.29550       -0.66160
H         -3.49950        3.32080        2.29770
H         -5.93220        2.51450        3.46640
H         -3.38030        1.59840        4.05270
H         -4.67220       -0.38370        3.44870
H         -0.60000       -0.28400        0.86860
H         -2.45320       -1.93650        0.60790
H         -1.44760       -3.19060        1.34460
H         -1.01310       -3.42450       -0.99380
H         -1.01570       -1.69490       -1.23320
H          0.94860       -4.47490       -1.01100
H          2.37600       -4.00240       -0.09250
H          0.87940       -4.42130        0.73440
H          0.91270       -2.68450        1.95950
H          1.85900        0.08270        1.29810
H          3.14590       -0.45220        3.08900
H          4.21400       -1.04020        1.17440
H          3.43650       -2.54430        1.04100
H          3.75160       -2.17360       -1.16070
H          2.74460        1.50960       -0.15940
H          4.19320        1.00240        0.69280
H          4.31860        2.09260       -0.63820
H          5.60690       -1.33820       -1.74850
H          5.87850       -0.40620       -0.28940
H          6.34000        1.62040       -1.65090
H          7.34900        0.29450       -2.11640
H          5.84000       -0.29060       -3.99080
H          7.57270        1.16020       -4.23570
H          4.48760        1.63750       -5.79500
H          2.83290        1.40230       -5.24150
H          3.91590        0.01480       -5.41050
H          4.62400        3.03980       -2.37910
H          4.98350        3.29530       -4.06660
H          3.32450        3.19380       -3.57380
H          3.50330       -0.61340       -3.21100
H          1.48620        0.46430       -3.65730
H          0.09060       -0.28530       -2.05500
H          0.95490        0.38590       -0.70980
H          2.20330       -3.37060       -2.48640
H          2.17240       -1.93310       -3.44770
H          0.66270       -2.61880       -2.93150
H         -0.07220        2.02070       -3.47800
H         -1.33720        3.11130        0.17570
H          0.21550        3.76610       -0.26420
H         -1.29310        5.50350       -0.88610
H         -3.22610        4.18830       -0.61360
H         -0.89930        5.75470       -3.15190
H         -2.70470        4.05410       -3.31770
H          0.81900        4.13750       -4.04870
H          2.22040        4.78880       -2.60310

