HF BASIS=def2-svp cutoff=1.0e-9 denserms=1.0e-6  zmake GRADIENT DIPOLE CHARGE=0

O          0.49220       -0.79030        5.23820
C          0.68940       -1.73930        4.27720
C          0.54580       -3.07330        4.62990
C          0.74220       -4.06000        3.66380
C          1.08070       -3.70450        2.35210
C          1.22700       -2.35840        1.99050
C          1.02690       -1.39190        2.96930
O          1.15570       -0.02450        2.67630
C          1.49020        0.40220        1.40390
O          1.58750        1.60010        1.14170
C          1.71930       -0.61930        0.35280
C          2.18470       -0.06360       -0.97120
C          1.05000        0.35840       -1.87230
C          0.58630        1.61380       -1.99810
O          1.02750        2.68470       -1.24960
C         -0.44550        1.93060       -2.98550
C         -0.95730        3.22020       -3.17370
C         -1.94530        3.46120       -4.13470
C         -2.43230        2.41500       -4.91840
C         -1.93220        1.12730       -4.74230
C         -0.94740        0.90480       -3.77980
O         -0.47960       -0.41170       -3.64210
C          0.49630       -0.73000       -2.71590
O          0.89520       -1.88580       -2.57820
C          1.57800       -1.92520        0.63810
O          1.75570       -2.94400       -0.27340
H          0.63140        0.07770        4.81710
H          0.28310       -3.34430        5.64850
H          0.63270       -5.10880        3.92930
H          1.23040       -4.49130        1.61480
H          2.82380       -0.79320       -1.48660
H          2.87220        0.77690       -0.80570
H          1.37100        2.38130       -0.38110
H         -0.59020        4.05070       -2.57390
H         -2.33290        4.46820       -4.26970
H         -3.19990        2.60500       -5.66440
H         -2.30530        0.30630       -5.34760
H          1.57040       -2.62910       -1.18560

