HF BASIS=def2-svp cutoff=1.0e-9 denserms=1.0e-6  zmake GRADIENT DIPOLE CHARGE=0

C         -1.02670       -5.63930       -1.44080
C         -0.64030       -5.48080        0.03340
O         -0.51700       -6.74980        0.66270
C         -2.37930       -6.34330       -1.62340
O         -3.43920       -5.66270       -0.92450
C         -4.14910       -4.74280       -1.63260
O         -3.97980       -4.46710       -2.81340
C         -5.24470       -4.13370       -0.78800
C         -4.84970       -3.85980        0.66130
C         -3.77620       -2.77460        0.78730
C         -3.38190       -2.57210        2.25270
C         -2.38750       -1.42840        2.45580
C         -0.98470       -1.73060        1.92180
C         -0.04680       -0.55360        2.20090
C          1.32680       -0.69070        1.54300
C          2.17160       -1.82910        2.12100
C          3.59790       -1.84400        1.55580
C          3.65290       -2.29370        0.09340
C          5.06890       -2.28380       -0.49480
C          5.73790       -0.90610       -0.57670
C          4.93900        0.11600       -1.39040
C          5.70060        1.42090       -1.64070
C          6.11590        2.19960       -0.39050
C          4.94140        2.63940        0.47220
O         -1.10270       -4.34300       -2.07170
C          0.06500       -3.84190       -2.54690
O          1.16560       -4.35140       -2.39030
C         -0.16600       -2.54360       -3.27490
C          0.15400       -1.36170       -2.36880
C          0.21760       -0.05280       -3.15320
C          0.57180        1.12640       -2.24300
C          0.77490        2.40920       -3.05590
C          1.19450        3.60150       -2.19040
C          0.07680        4.11060       -1.32530
C         -0.04080        4.01180        0.00870
C          0.89060        3.32900        0.96740
C          1.42030        4.29890        1.98310
C          1.07860        4.39150        3.28070
C          0.09150        3.54180        4.02990
C         -1.19340        4.28430        4.26420
C         -2.40890        4.00950        3.75870
C         -2.78760        2.90750        2.81230
C         -3.73280        1.94180        3.46800
C         -4.98540        1.62870        3.09620
C         -5.77100        2.19730        1.95010
C         -5.93050        1.17660        0.83320
H         -0.28130       -6.26340       -1.94900
H          0.31560       -4.95440        0.12450
H         -1.38020       -4.88610        0.57810
H         -0.18210       -6.58860        1.56300
H         -2.33830       -7.36040       -1.21640
H         -2.62310       -6.43740       -2.68940
H         -5.55610       -3.19740       -1.26340
H         -6.09710       -4.81950       -0.81660
H         -5.74440       -3.53860        1.20740
H         -4.50470       -4.78100        1.14380
H         -4.15800       -1.83330        0.37450
H         -2.89560       -3.05120        0.19990
H         -4.28420       -2.34550        2.83450
H         -2.96400       -3.50010        2.66050
H         -2.77730       -0.52270        1.97750
H         -2.31960       -1.21730        3.52990
H         -1.02260       -1.91630        0.84320
H         -0.59930       -2.63920        2.39730
H         -0.51170        0.36250        1.81850
H          0.07000       -0.41600        3.28270
H          1.86500        0.25580        1.67850
H          1.19300       -0.82430        0.46410
H          1.69340       -2.79850        1.93540
H          2.23560       -1.70530        3.20820
H          4.03950       -0.84910        1.67480
H          4.20400       -2.53200        2.15750
H          3.00010       -1.67560       -0.52730
H          3.26110       -3.31650        0.02310
H          5.71090       -2.95120        0.09430
H          5.02460       -2.71080       -1.50330
H          5.91870       -0.52800        0.43470
H          6.72510       -1.03590       -1.03560
H          4.68630       -0.32230       -2.36410
H          3.98900        0.33880       -0.89390
H          6.60140        1.20120       -2.22910
H          5.07740        2.06790       -2.27020
H          6.66580        3.09440       -0.70970
H          6.81510        1.60940        0.21140
H          4.41190        1.78070        0.89630
H          5.29900        3.25700        1.30330
H          4.23200        3.23430       -0.11180
H          0.47650       -2.54930       -4.16260
H         -1.19900       -2.49460       -3.63670
H          1.11640       -1.53160       -1.87290
H         -0.60120       -1.29210       -1.57710
H         -0.74650        0.13570       -3.64140
H          0.97300       -0.14060       -3.94550
H         -0.22710        1.26460       -1.50540
H          1.49350        0.90110       -1.68960
H         -0.14120        2.64880       -3.61060
H          1.55970        2.23540       -3.80290
H          1.49930        4.42230       -2.85090
H          2.08330        3.34210       -1.60780
H         -0.71800        4.62980       -1.86160
H         -0.92670        4.45270        0.46800
H          0.34430        2.51040        1.44050
H          1.73920        2.85920        0.46130
H          2.15410        5.00840        1.59990
H          1.55810        5.17250        3.87220
H          0.52570        3.29060        5.00570
H         -0.07140        2.58010        3.53830
H         -1.11700        5.13770        4.93730
H         -3.23250        4.66080        4.04730
H         -1.91510        2.34600        2.47000
H         -3.21910        3.35800        1.91410
H         -3.32230        1.42240        4.33470
H         -5.51390        0.88320        3.69050
H         -5.31490        3.10670        1.54960
H         -6.76080        2.48990        2.32060
H         -6.41800        0.26180        1.19280
H         -6.54640        1.59240        0.02800
H         -4.95790        0.90110        0.41080

