HF BASIS=def2-svp cutoff=1.0e-9 denserms=1.0e-6  zmake GRADIENT DIPOLE CHARGE=0

C         -0.63190        1.34980        3.45740
C         -0.27490        0.63380        2.15710
O         -1.01670        1.26560        1.10980
C         -0.74860        0.71370       -0.19030
O          0.62790        0.82530       -0.56810
C          1.09860        2.05480       -0.93330
C          2.37560        2.04390       -1.49810
C          2.98500        3.23140       -1.90960
C          2.32100        4.45530       -1.76020
C          2.98060        5.74430       -2.18790
C          3.80430        6.33990       -1.12590
N          4.46170        6.82700       -0.30210
C          1.04540        4.46370       -1.17980
C          0.43820        3.27110       -0.77030
C         -1.14360       -0.77800       -0.21520
O         -2.55870       -0.94580        0.06100
C         -3.40070       -0.65600       -0.96410
C         -4.82270       -0.87110       -0.54630
O         -3.05580       -0.24260       -2.06090
C         -0.35830       -1.52760        0.87500
O         -0.79050       -2.90810        0.95730
C         -0.31730       -3.74680        0.00120
C         -0.84750       -5.12940        0.22060
O          0.42800       -3.42390       -0.91150
C         -0.58200       -0.87090        2.24850
O          0.32260       -1.45950        3.21320
C         -0.17220       -2.46670        3.98130
C          0.90040       -2.98950        4.88730
O         -1.31280       -2.90200        3.94500
H         -0.06500        0.95650        4.30660
H         -0.42330        2.42150        3.36920
H         -1.70180        1.25570        3.67460
H          0.79810        0.79080        1.98730
H         -1.37630        1.25650       -0.90490
H          2.90070        1.09990       -1.62300
H          3.98140        3.18730       -2.34370
H          3.59650        5.55720       -3.07580
H          2.21130        6.45850       -2.50690
H          0.50870        5.40010       -1.03550
H         -0.54510        3.33110       -0.31380
H         -0.91490       -1.22370       -1.19070
H         -5.45140       -0.96260       -1.43640
H         -5.16070       -0.02400        0.05570
H         -4.91030       -1.80050        0.02300
H          0.71880       -1.51840        0.65980
H         -1.93460       -5.12910        0.11440
H         -0.42210       -5.80430       -0.52690
H         -0.55710       -5.48360        1.21270
H         -1.62480       -1.01170        2.56140
H          1.67380       -3.48720        4.29570
H          1.33010       -2.16820        5.46890
H          0.46510       -3.71180        5.58420

