HF BASIS=def2-svp cutoff=1.0e-9 denserms=1.0e-6  zmake GRADIENT DIPOLE CHARGE=0

C         -2.79650       -5.70580        1.37700
O         -2.98590       -5.00890        2.60360
C         -2.51760       -3.72060        2.65470
C         -2.79740       -3.03780        3.84290
O         -3.49140       -3.65740        4.84630
C         -2.38560       -1.72790        4.04310
C         -1.67770       -1.07500        3.03460
C         -1.38590       -1.72900        1.82580
C         -1.80250       -3.06260        1.65220
C         -0.61080       -1.01950        0.78330
C         -0.99000       -0.96750       -0.50770
O         -2.14260       -1.60250       -0.94940
C         -2.94560       -0.80560       -1.81660
C         -0.08680       -0.26000       -1.46670
O         -0.24790       -0.35800       -2.67720
C          1.02250        0.52950       -0.88620
C          1.82510        1.39220       -1.65030
O          1.56220        1.60270       -2.98050
C          2.42690        0.81050       -3.79730
C          2.84880        2.13550       -1.03560
O          3.62720        2.98500       -1.78640
C          2.97140        4.24300       -1.96010
C          3.12490        1.96470        0.32570
Cl          4.40910        2.85150        1.07670
C          2.34320        1.07950        1.07650
O          2.55440        0.95200        2.42940
C          3.36790       -0.19010        2.70590
C          1.27800        0.38900        0.47670
O          0.52080       -0.41160        1.29210
H         -1.73180       -5.85720        1.17150
H         -3.25900       -6.69220        1.47930
H         -3.29190       -5.19010        0.54760
H         -3.67950       -4.55340        4.50520
H         -2.61300       -1.22110        4.97610
H         -1.35560       -0.04850        3.19930
H         -1.55330       -3.56780        0.72430
H         -2.61950       -0.91710       -2.85420
H         -3.97270       -1.17780       -1.75290
H         -2.95110        0.24910       -1.51960
H          3.44640        1.20910       -3.78750
H          2.43050       -0.24070       -3.48790
H          2.05420        0.86070       -4.82470
H          2.66900        4.67570       -0.99990
H          3.68390        4.92770       -2.42970
H          2.10560        4.15090       -2.62320
H          3.59130       -0.18930        3.77680
H          4.31730       -0.14860        2.16090
H          2.83820       -1.11920        2.47140

