HF BASIS=def2-svp cutoff=1.0e-9 denserms=1.0e-6  zmake GRADIENT DIPOLE CHARGE=0

C          1.30380        1.79990       -0.48450
O          0.23560        1.61590       -1.40380
C         -0.08180        2.66410       -2.22620
C          0.54280        3.91360       -2.21270
C          0.12690        4.92350       -3.09130
C         -0.92090        4.69800       -3.98400
C         -1.55220        3.45810       -4.00660
C         -1.11880        2.44360       -3.14680
O         -1.77600        1.23690       -3.17770
C         -1.23180        0.40650       -4.21710
C         -1.98150       -0.93900       -4.23280
N         -1.42410       -1.99950       -3.37050
C         -1.39160       -1.58910       -1.95060
C         -0.87680       -2.75760       -1.08560
O          0.33580       -3.26740       -1.65810
C         -0.61660       -2.31180        0.35460
O         -1.85210       -1.88830        0.94980
C         -1.60460       -0.89780        1.87880
C         -1.68280        0.43390        1.45120
C         -1.43050        1.47320        2.34240
C         -1.10100        1.21280        3.67580
C         -1.05880       -0.12620        4.09040
C         -1.31940       -1.19530        3.23100
C         -1.22480       -2.39810        4.00780
C         -1.40970       -3.76950        3.72820
C         -1.22860       -4.71520        4.74440
C         -0.86780       -4.31440        6.02860
C         -0.68520       -2.96310        6.33550
C         -0.87540       -2.03110        5.30730
N         -0.78030       -0.66020        5.32680
H          2.24780        1.97850       -1.00990
H          1.08310        2.60870        0.22290
H          1.41300        0.87580        0.09250
H          1.35520        4.13810       -1.52810
H          0.61810        5.89330       -3.07070
H         -1.24750        5.48860       -4.65640
H         -2.38030        3.28110       -4.68760
H         -0.15520        0.25080       -4.07510
H         -1.38590        0.89460       -5.18760
H         -3.03930       -0.78650       -3.98340
H         -1.94190       -1.33110       -5.25540
H         -2.03030       -2.81900       -3.45310
H         -0.69190       -0.75710       -1.84070
H         -2.38380       -1.27170       -1.61110
H         -1.61680       -3.56650       -1.09720
H          0.25200       -3.07940       -2.61620
H         -0.21080       -3.15350        0.93030
H          0.15220       -1.52430        0.35980
H         -1.92930        0.65780        0.41520
H         -1.48750        2.50150        1.99200
H         -0.89780        2.02640        4.36520
H         -1.69880       -4.09110        2.73130
H         -1.37360       -5.77080        4.52660
H         -0.73030       -5.06340        6.80550
H         -0.40830       -2.65410        7.33850
H         -0.55520       -0.11690        6.14690

