HF BASIS=def2-svp cutoff=1.0e-9 denserms=1.0e-6  zmake GRADIENT DIPOLE CHARGE=0

C         -2.02480        3.25930       -1.66410
C         -1.56470        2.09850       -0.78450
C         -0.03110        1.92850       -0.84510
C          0.42520        1.13310       -2.07220
C          1.88920        0.67590       -2.00370
C          2.28960       -0.13950       -0.76250
C          1.32270       -1.28040       -0.43610
C          1.74380       -2.14910        0.75230
C          2.01060       -1.42920        2.07890
C          0.92750       -0.47350        2.59190
C         -0.47250       -1.08500        2.68190
C         -1.47320       -0.16480        3.38700
C         -1.68630        1.18310        2.73260
O         -1.79050        2.22800        3.36200
O         -1.80780        1.07070        1.38440
C         -2.02050        2.30420        0.67010
H         -1.73950        3.09900       -2.70870
H         -3.11470        3.36210       -1.63020
H         -1.58690        4.20720       -1.33350
H         -2.03420        1.17500       -1.14810
H          0.29950        1.41660        0.05940
H          0.46520        2.90700       -0.83400
H          0.29210        1.74530       -2.97220
H         -0.21320        0.25200       -2.20750
H          2.09750        0.07450       -2.89770
H          2.54290        1.55470       -2.06580
H          2.37850        0.53950        0.09180
H          3.29330       -0.55030       -0.92810
H          0.32160       -0.88630       -0.24090
H          1.22800       -1.92840       -1.31650
H          0.96890       -2.90940        0.91140
H          2.65170       -2.70160        0.47810
H          2.18830       -2.19480        2.84530
H          2.95030       -0.86890        1.99770
H          1.23200       -0.12840        3.58820
H          0.90320        0.41870        1.96090
H         -0.84500       -1.33140        1.68250
H         -0.41930       -2.02800        3.23920
H         -2.44970       -0.65830        3.44890
H         -1.13220        0.01430        4.41370
H         -3.09220        2.52850        0.70730
H         -1.46320        3.13120        1.12660

