HF BASIS=def2-svp cutoff=1.0e-9 denserms=1.0e-6  zmake GRADIENT DIPOLE CHARGE=0

C         -3.29790        1.76740        1.26190
C         -2.50400        2.97750        0.78660
C         -0.99060        2.80680        0.98620
C         -0.25660        4.11600        0.70850
C         -0.42180        1.73570        0.06840
O         -0.87060        1.44570       -1.03250
O          0.68910        1.16570        0.68470
C          1.31530        0.18220       -0.09290
C          0.82220       -1.13420       -0.10210
C          1.53200       -2.07370       -0.87570
C          2.68590       -1.72050       -1.58440
O          3.44390       -2.55920       -2.35510
C          3.00610       -3.90850       -2.45850
C          3.15090       -0.40500       -1.52790
C          2.47250        0.55180       -0.77820
C         -0.41770       -1.53400        0.65530
O         -0.39500       -2.79030        1.36610
C         -0.38050       -1.60770        2.16630
C         -1.60710       -1.39510        2.97730
H         -3.03220        0.86560        0.70250
H         -4.36950        1.94360        1.12450
H         -3.12150        1.57820        2.32540
H         -2.73530        3.16470       -0.26910
H         -2.84920        3.85470        1.34750
H         -0.81120        2.50540        2.02610
H          0.82240        4.00000        0.85840
H         -0.60600        4.90950        1.37710
H         -0.41080        4.44640       -0.32480
H          1.15210       -3.09140       -0.89640
H          2.01460       -3.96810       -2.91930
H          3.70780       -4.43810       -3.11010
H          3.02040       -4.40380       -1.48210
H          4.04930       -0.12750       -2.07360
H          2.84060        1.57180       -0.73460
H         -1.36210       -1.27400        0.18550
H          0.53100       -1.36540        2.69610
H         -1.67410       -0.34780        3.28620
H         -1.57560       -2.01450        3.87890
H         -2.51700       -1.64600        2.42240

