HF BASIS=def2-svp cutoff=1.0e-9 denserms=1.0e-6  zmake GRADIENT DIPOLE CHARGE=0

C          0.63780        0.79320       -1.99650
C          0.65120        1.28440       -3.44060
C          2.11750        1.12090       -3.88630
C          2.82910        0.32750       -2.77030
O          3.54790        1.23710       -1.94200
C          1.67960       -0.34470       -1.98990
C          1.24420       -1.61290       -2.76760
C          1.96780       -0.70880       -0.52590
C          0.68440       -1.10770        0.22580
C         -0.44610       -0.05150        0.11110
C         -0.69900        0.37520       -1.37150
C         -1.73630        1.50410       -1.45810
C         -3.03190        1.16410       -0.72510
C         -2.75380        0.77330        0.73040
C         -4.05630        0.57350        1.51530
C         -3.77110        0.29470        2.98950
O         -5.00180        0.00260        3.64340
C         -2.80070       -0.86740        3.17950
C         -1.52060       -0.69920        2.35810
C         -1.78140       -0.44500        0.84580
C         -2.38850       -1.73290        0.23220
H          1.02390        1.62690       -1.38710
H         -0.01080        0.68560       -4.07630
H          0.32810        2.32750       -3.51990
H          2.14530        0.56780       -4.83180
H          2.58150        2.09870       -4.05410
H          3.54740       -0.39370       -3.17380
H          4.23470        1.65120       -2.49190
H          1.02930       -1.40890       -3.82120
H          0.35170       -2.08480       -2.34900
H          2.04500       -2.36150       -2.74520
H          2.69600       -1.52690       -0.47050
H          2.41770        0.14120        0.00220
H          0.95090       -1.25440        1.27850
H          0.34110       -2.07930       -0.14130
H         -0.06090        0.84190        0.62830
H         -1.09890       -0.47400       -1.93540
H         -1.31700        2.42530       -1.03340
H         -1.97110        1.72060       -2.50680
H         -3.56070        0.36080       -1.25070
H         -3.69170        2.03990       -0.75530
H         -2.25100        1.63770        1.19220
H         -4.68220        1.47250        1.44160
H         -4.66440       -0.23070        1.08420
H         -3.35660        1.19830        3.45280
H         -4.80310       -0.16010        4.58130
H         -3.29650       -1.81320        2.92910
H         -2.54370       -0.95600        4.24260
H         -0.94840        0.13990        2.77560
H         -0.90580       -1.59580        2.49890
H         -3.36230       -1.98100        0.66340
H         -2.53830       -1.65670       -0.84740
H         -1.74330       -2.59940        0.41090

