HF BASIS=def2-svp cutoff=1.0e-9 denserms=1.0e-6  zmake GRADIENT DIPOLE CHARGE=0

C         -0.69720       -4.14900       -1.45560
C         -1.67780       -3.79150       -0.37350
C         -3.11590       -4.05170       -0.82480
C         -4.11400       -3.74620        0.29340
C         -5.55220       -3.98680       -0.16480
C         -6.54840       -3.68350        0.94340
C          0.02900       -3.32460       -2.22700
C         -0.00140       -1.88050       -2.20120
C          0.77330       -1.12370       -2.99630
C          0.80180        0.38810       -3.04660
C          2.19850        0.93080       -2.68860
C          2.55470        0.77750       -1.20440
C          3.88970        1.45230       -0.87740
C          4.18670        1.53030        0.62580
C          3.12640        2.24630        1.47300
C          2.89320        3.70670        1.06740
C          1.65270        4.29680        1.73920
C          0.37770        3.81060        1.09590
O         -0.66830        3.86210        1.94250
O          0.22890        3.43510       -0.05680
O         -0.20030        0.93290       -2.17670
O         -0.32270        2.34940       -2.50760
H         -0.56620       -5.21930       -1.61370
H         -1.57080       -2.74970       -0.05450
H         -1.44890       -4.40280        0.50880
H         -3.22590       -5.09700       -1.13830
H         -3.34510       -3.42970       -1.69910
H         -4.00040       -2.70340        0.61310
H         -3.89460       -4.37640        1.16370
H         -5.67300       -5.02890       -0.48240
H         -5.77670       -3.35500       -1.03180
H         -7.57070       -3.85460        0.59170
H         -6.37620       -4.32620        1.81240
H         -6.47030       -2.63980        1.26550
H          0.69920       -3.78020       -2.95540
H         -0.68790       -1.39640       -1.51260
H          1.45300       -1.60940       -3.69310
H          0.55520        0.68090       -4.07480
H          2.22520        1.99960       -2.93650
H          2.96380        0.44670       -3.30810
H          2.60830       -0.28250       -0.93110
H          1.75430        1.22210       -0.60830
H          3.91920        2.45850       -1.30990
H          4.69870        0.89300       -1.36370
H          4.30870        0.51160        1.01470
H          5.15190        2.03260        0.76360
H          3.45170        2.22380        2.52100
H          2.18820        1.68210        1.44500
H          2.79370        3.80610       -0.01780
H          3.77220        4.29380        1.36000
H          1.66530        5.38780        1.64470
H          1.64770        4.04280        2.80470
H         -1.43370        3.54160        1.41910
H         -0.06520        2.69560       -1.62290

