HF BASIS=def2-svp cutoff=1.0e-9 denserms=1.0e-6  zmake GRADIENT DIPOLE CHARGE=0

O          4.09590       -1.89610        1.92430
C          2.88810       -1.58050        1.23800
C          1.94010       -0.77690        2.13990
O          0.72800       -0.53690        1.40820
C         -0.21010        0.27430        2.15410
C         -0.64920       -0.46670        3.43270
O         -1.25010       -1.71630        3.08300
S         -2.61460       -2.16790        3.83700
O         -2.30490       -1.87530        5.39220
O         -2.72930       -3.60180        3.69350
O         -3.67030       -1.27110        3.42450
C          0.59160       -0.78050        4.27270
O          0.23160       -1.59360        5.41200
C          1.65590       -1.52450        3.45530
O          2.81750       -1.64100        4.28580
C         -1.39700        0.66160        1.28550
C         -2.18000        1.75840        1.68380
O         -1.83310        2.42940        2.82650
C         -3.29610        2.16340        0.95990
C         -3.64170        1.47420       -0.19670
O         -4.74850        1.94300       -0.86010
C         -2.87950        0.38390       -0.65070
C         -3.25980       -0.22300       -1.96110
O         -4.45130       -0.17640       -2.28950
C         -2.21650       -0.73270       -2.93870
C         -1.60380        0.40510       -3.75610
C         -0.63430        1.25750       -2.97170
C         -1.00510        2.53720       -2.53370
C         -0.12360        3.28750       -1.75910
O         -0.46560        4.52360       -1.29480
C          1.13170        2.79470       -1.42610
C          1.51510        1.53100       -1.87060
C          0.63610        0.76480       -2.63880
C         -1.77980       -0.03260        0.11700
O         -1.09190       -1.15340       -0.26470
H          4.67730       -2.33910        1.27620
H          3.12860       -1.00330        0.33820
H          2.41310       -2.51260        0.91200
H          2.42830        0.18070        2.36550
H          0.32220        1.19880        2.41720
H         -1.34980        0.13800        4.02040
H         -1.33930       -2.01220        5.56200
H          1.01240        0.14920        4.67590
H          1.10010       -1.84420        5.80370
H          1.30810       -2.54400        3.24840
H          3.56170       -1.88410        3.68860
H         -2.49270        3.12920        2.98510
H         -3.90730        3.00280        1.27620
H         -5.02600        1.24410       -1.49780
H         -2.74620       -1.40810       -3.62440
H         -1.45980       -1.35710       -2.46630
H         -2.39710        1.03710       -4.17600
H         -1.06930       -0.01660       -4.61720
H         -1.98780        2.92910       -2.78200
H         -1.36560        4.72590       -1.60050
H          1.80790        3.39470       -0.82460
H          2.49710        1.14310       -1.61710
H          0.94270       -0.22510       -2.96980
H         -0.26170       -1.17840        0.25380

