HF BASIS=def2-svp cutoff=1.0e-9 denserms=1.0e-6  zmake GRADIENT DIPOLE CHARGE=0

C         -0.32510       -1.47410        1.04210
C         -0.24520       -2.99760        1.09820
C         -1.09750       -3.39230        2.32280
C         -1.78130       -2.09620        2.81260
O         -0.94440       -1.55680        3.85120
C         -3.17730       -2.23580        3.44560
C         -3.95960       -3.50780        3.26430
O         -3.64240       -1.30100        4.10870
C         -1.74700       -1.16820        1.56150
C         -2.86900       -1.56490        0.56560
C         -1.80660        0.34160        1.82650
C         -1.46690        1.17720        0.57420
O         -1.42980        2.54050        0.98940
C         -0.11130        0.77940       -0.09480
C         -0.00630       -0.77210       -0.28340
C          1.39020       -1.15600       -0.78690
C          1.69300       -0.47990       -2.11420
C          1.55700        1.01960       -2.02130
C          2.56310        1.79210       -2.46950
C          2.45210        3.26540       -2.52860
O          3.41100        3.92930       -2.91450
C          1.12110        3.88160       -2.20350
C          0.41520        3.08610       -1.11450
C          0.24480        1.56880       -1.42970
C         -0.86410        1.40920       -2.49490
H          0.40950       -1.10150        1.77450
H          0.78650       -3.34760        1.20820
H         -0.65270       -3.45400        0.18890
H         -0.45740       -3.82470        3.10060
H         -1.80350       -4.16780        2.01280
H         -1.47410       -0.87020        4.30580
H         -3.43700       -4.33610        3.74840
H         -4.94210       -3.39890        3.73330
H         -4.11080       -3.71380        2.20300
H         -3.85410       -1.31140        0.97350
H         -2.87380       -2.63660        0.34440
H         -2.78990       -1.04870       -0.39450
H         -1.11010        0.62920        2.62500
H         -2.79880        0.62750        2.19860
H         -2.28030        1.08790       -0.15140
H         -2.27540        2.74670        1.42480
H          0.67180        1.05810        0.62940
H         -0.72700       -1.09880       -1.04080
H          2.15040       -0.88070       -0.04450
H          1.45970       -2.24100       -0.92630
H          1.00780       -0.85380       -2.88500
H          2.70140       -0.77050       -2.43400
H          3.48660        1.38540       -2.86710
H          0.52430        3.93190       -3.11970
H          1.28870        4.90480       -1.84920
H          0.98870        3.20220       -0.18450
H         -0.55900        3.55930       -0.95170
H         -1.11300        0.36030       -2.68240
H         -0.56260        1.83960       -3.45710
H         -1.78660        1.91670       -2.19400

