HF BASIS=def2-svp cutoff=1.0e-9 denserms=1.0e-6  zmake GRADIENT DIPOLE CHARGE=+1

C         -3.03060       -7.59420       -3.74640
O         -3.72890       -6.45080       -4.23130
C         -2.93950       -5.33560       -4.34570
C         -2.12060       -4.89330       -3.30630
C         -1.35380       -3.72630       -3.45770
C         -1.40820       -3.00930       -4.66960
C         -2.25010       -3.42760       -5.70230
O         -2.42330       -2.79620       -6.90800
C         -1.66800       -1.60550       -7.12050
C         -3.01730       -4.58930       -5.52430
O         -3.85260       -5.00300       -6.53310
C         -0.50590       -3.26170       -2.34490
C         -0.62500       -2.03020       -1.79720
O         -1.56650       -1.10670       -2.21510
C         -2.66750       -0.98520       -1.29370
O         -2.67640        0.32400       -0.69480
C         -3.49680        1.27640       -1.38870
C         -3.23640        2.67140       -0.80610
O         -1.91040        3.12980       -1.12770
C         -4.98280        0.86710       -1.30190
O         -5.62660        1.41760       -0.14300
C         -5.13340       -0.66560       -1.24040
O         -6.40760       -1.02200       -1.79440
C         -4.00040       -1.35230       -1.99910
O         -4.06370       -0.88670       -3.36240
C          0.30630       -1.64280       -0.74290
C          0.41880       -0.42220       -0.19300
C          1.33750       -0.09050        0.89930
O          2.15160       -1.13140        1.38270
C          2.11010       -2.36890        0.79130
C          1.23190       -2.65280       -0.24600
C          1.24060       -3.91200       -0.84960
O          0.40650       -4.22450       -1.90400
C          2.12020       -4.89900       -0.40510
C          2.98460       -4.60630        0.65080
O          3.86220       -5.53650        1.12700
C          2.98460       -3.35000        1.25660
C          1.46000        1.14220        1.46250
C          2.42280        1.36340        2.54790
C          2.67080        2.58480        3.04630
C          1.97170        3.79580        2.51350
C          0.88070        3.51820        1.54030
C          0.64220        2.28860        1.06750
O          2.19060        5.04590        2.78200
C          3.18920        5.36960        3.72670
O          2.73840        4.95440        5.00420
C          3.56640        5.38250        6.10240
C          3.78170        6.89680        6.09640
O          2.50980        7.52240        6.30070
C          4.31190        7.36520        4.74120
O          4.37340        8.79950        4.75340
C          3.38750        6.90340        3.61660
O          3.97730        7.30720        2.35990
C          4.89970        4.65210        6.12280
O          5.59130        4.80220        7.26230
O          5.33190        4.01590        5.17340
H         -3.00300       -7.58840       -2.65050
H         -2.01470       -7.65730       -4.15520
H         -3.57720       -8.48910       -4.06450
H         -2.09050       -5.44170       -2.36700
H         -0.78910       -2.12150       -4.77030
H         -0.59360       -1.82290       -7.13940
H         -1.90400       -0.84940       -6.36670
H         -1.94150       -1.20700       -8.10230
H         -3.72060       -4.37010       -7.26040
H         -2.55890       -1.67830       -0.44620
H         -3.16680        1.27720       -2.43330
H         -3.94710        3.40780       -1.20180
H         -3.30000        2.65740        0.28720
H         -1.82820        3.09790       -2.09790
H         -5.51710        1.28670       -2.16540
H         -6.54020        1.06200       -0.14350
H         -5.14830       -1.00660       -0.19770
H         -6.31090       -0.96250       -2.76630
H         -4.14380       -2.43900       -2.03360
H         -3.59000       -1.55020       -3.90600
H         -0.21000        0.36700       -0.58540
H          2.11240       -5.87740       -0.87750
H          3.91460       -6.28010        0.50060
H          3.66710       -3.13720        2.07380
H          2.94940        0.50300        2.95980
H          3.38770        2.69010        3.84700
H          0.28350        4.37130        1.23790
H         -0.19500        2.16400        0.38680
H          4.11960        4.87650        3.42380
H          3.01830        5.08670        7.00540
H          4.44160        7.22840        6.90560
H          2.68170        8.49020        6.30330
H          5.33490        7.00490        4.57200
H          4.64410        9.08280        3.85690
H          2.42130        7.41810        3.69040
H          3.27960        7.22710        1.67770
H          6.41260        4.26410        7.20340

