HF BASIS=def2-svp cutoff=1.0e-9 denserms=1.0e-6  zmake GRADIENT DIPOLE CHARGE=0

C          2.37630        4.50500        0.60900
C          1.27370        3.42010        0.82280
C          1.95660        2.05150        0.72150
C          3.43860        2.38780        0.67710
C          4.41650        1.30180        0.19110
C          4.25290       -0.00560        0.98140
O          4.33280        0.24020        2.38130
C          5.29510       -1.03930        0.58180
C          6.75160       -0.54340        0.63230
C          7.31990       -0.49580        2.06140
C          8.84770       -0.32940        2.04330
O          9.25780        0.44710        3.17000
C          9.36260        0.35140        0.77090
C          8.37520        1.41280        0.28710
C          6.97560        0.82630       -0.09590
C          6.96690        0.55740       -1.62140
C          5.86200        1.86740        0.30970
C          5.99280        3.23200       -0.41760
C          4.92940        4.25770        0.01220
C          3.49860        3.70780       -0.13600
C          3.15050        3.53030       -1.63390
C          1.79900        5.79630       -0.03710
C          2.87010        6.85630       -0.31680
C          0.69640        6.42530        0.86270
C         -0.42080        7.13220        0.07780
C         -1.13920        6.17250       -0.83690
C         -2.10310        5.29200       -0.49840
C         -2.71160        5.19890        0.87880
C         -2.63980        4.23920       -1.43950
O         -3.46480        3.41480       -1.06360
S         -1.98400        4.18120       -3.07040
C         -2.62070        2.57180       -3.63590
C         -1.83390        1.37460       -3.09640
N         -1.95950        1.16360       -1.66430
C         -1.28060        0.15230       -1.01910
O         -0.42730       -0.54280       -1.57290
C         -1.72100       -0.04850        0.41170
C         -1.01980       -1.22370        1.08200
N         -1.41140       -2.51330        0.53340
C         -1.25510       -3.67470        1.25940
O         -1.01180       -3.67760        2.46420
C         -1.51160       -4.98810        0.48040
O         -1.81910       -6.03140        1.41810
C         -0.33230       -5.45560       -0.42040
C         -0.75560       -6.76100       -1.13720
C          0.92020       -5.76930        0.42500
C          0.05870       -4.42160       -1.49670
O         -1.08850       -4.01560       -2.22640
P         -0.87190       -3.44190       -3.71100
O         -1.22120       -1.89810       -3.53300
O          0.47270       -3.66380       -4.30980
O         -2.12650       -3.99520       -4.51940
P         -3.63370       -3.60230       -4.23740
O         -4.43970       -4.71700       -5.07420
O         -4.08630       -2.23460       -4.62680
O         -3.94330       -4.03930       -2.72490
C         -5.26780       -3.82830       -2.24490
C         -5.26440       -3.94320       -0.72460
O         -4.60940       -2.80540       -0.13090
C         -5.04320       -2.78380        1.24640
C         -6.36740       -3.55490        1.34360
O         -6.22450       -4.73360        2.15080
C         -6.65350       -3.92890       -0.11410
O         -7.27700       -5.18780       -0.26140
P         -8.85130       -5.25380       -0.01380
O         -9.46010       -5.24940       -1.48820
O         -9.10740       -6.77080        0.39680
O         -9.45010       -4.27070        0.93070
N         -5.12590       -1.41530        1.70320
C         -5.63130       -0.33710        1.02750
N         -5.50270        0.77890        1.71770
C         -4.90000        0.39590        2.89940
C         -4.67990       -0.97160        2.91510
N         -4.12160       -1.69870        3.89550
C         -3.72160       -0.90590        4.91110
N         -3.84430        0.43600        5.02220
C         -4.46010        1.11280        4.02550
N         -4.59460        2.48670        4.15520
H          2.76250        4.77960        1.60300
H          0.48270        3.48740        0.06830
H          0.80300        3.53770        1.80500
H          1.63610        1.52730       -0.18550
H          1.70080        1.41730        1.57680
H          3.72650        2.62740        1.71570
H          4.20690        1.07310       -0.85970
H          3.25740       -0.42250        0.78720
H          4.07920       -0.57900        2.84080
H          5.07520       -1.36860       -0.44350
H          5.19690       -1.92870        1.21580
H          7.32990       -1.31930        0.10800
H          6.86110        0.31300        2.64020
H          7.07940       -1.42160        2.60050
H          9.33180       -1.30750        2.14320
H          8.74530        0.16570        3.94390
H          9.50780       -0.39260       -0.02350
H         10.33630        0.82000        0.95430
H          8.27080        2.15320        1.09280
H          8.80960        1.95550       -0.56160
H          5.99780        0.19590       -1.97600
H          7.21500        1.45490       -2.19930
H          7.71560       -0.19760       -1.88750
H          6.02130        2.08940        1.37430
H          5.93000        3.09630       -1.50280
H          6.97860        3.67060       -0.22490
H          5.06740        5.16570       -0.58450
H          5.11600        4.54170        1.05630
H          2.12180        3.19060       -1.78750
H          3.25830        4.47610       -2.17330
H          3.80050        2.80810       -2.13500
H          1.36230        5.51680       -1.00190
H          3.51240        7.00900        0.56000
H          2.41920        7.82180       -0.57970
H          3.49750        6.56790       -1.16450
H          1.15040        7.14880        1.55450
H          0.22820        5.67100        1.50040
H         -0.00310        7.94820       -0.52520
H         -1.12260        7.60660        0.77200
H         -0.74160        6.18990       -1.85060
H         -2.51990        4.21270        1.31500
H         -2.31890        5.94260        1.57890
H         -3.79570        5.35360        0.82500
H         -3.68590        2.48650       -3.40150
H         -2.53820        2.57110       -4.72810
H         -0.76970        1.44960       -3.34820
H         -2.21810        0.47120       -3.58050
H         -2.75290        1.60180       -1.19310
H         -2.80140       -0.20290        0.41390
H         -1.49660        0.87110        0.96350
H          0.06660       -1.14590        0.98070
H         -1.25170       -1.21700        2.15310
H         -1.51530       -2.59360       -0.47420
H         -2.41240       -4.84240       -0.12480
H         -2.30500       -5.61370        2.15650
H          0.04110       -7.12770       -1.79400
H         -0.98100       -7.56240       -0.42540
H         -1.64760       -6.60380       -1.75500
H          0.71590       -6.52810        1.19200
H          1.29550       -4.87400        0.93350
H          1.73100       -6.15650       -0.20420
H          0.79350       -4.86970       -2.17420
H          0.52540       -3.53430       -1.05790
H         -0.63390       -1.41690       -2.90570
H         -4.55070       -4.42970       -5.99850
H         -5.60320       -2.83220       -2.54680
H         -5.92010       -4.58360       -2.69600
H         -4.70950       -4.84450       -0.43140
H         -4.25830       -3.27690        1.83030
H         -7.18450       -2.96670        1.77570
H         -6.05960       -4.44410        3.06880
H         -7.25030       -3.13930       -0.58710
H         -9.34230       -6.12520       -1.89720
H         -8.97140       -6.89450        1.35590
H         -6.05940       -0.41070        0.03510
H         -3.24320       -1.40780        5.74620
H         -3.89800        2.88620        4.76970
H         -4.80970        2.96550        3.28570

