HF BASIS=def2-svp cutoff=1.0e-9 denserms=1.0e-6  zmake GRADIENT DIPOLE CHARGE=0

C         -4.52090       -0.32970       -1.61320
C         -5.58620       -1.40680       -1.86290
O         -5.15280       -2.71890       -1.50730
C         -5.13610        1.07050       -1.70980
O         -4.14530        2.04950       -1.41070
P         -4.06180        2.55580        0.10990
O         -5.06610        3.80320        0.12090
O         -4.32190        1.53360        1.16640
O         -2.60840        3.23800        0.19290
C         -2.40760        4.22870        1.19090
C         -2.34550        5.60490        0.51320
N         -3.35280        5.74720       -0.56220
O         -3.50010       -0.39380       -2.64330
C         -2.50060       -1.29220       -2.45490
O         -2.46890       -2.12200       -1.55480
C         -1.43930       -1.13940       -3.51340
C         -0.72630        0.20960       -3.43540
C          0.02950        0.46010       -2.12450
C          1.18510       -0.51830       -1.90030
C          2.06840       -0.15250       -0.70310
C          1.35940       -0.09280        0.65360
C          0.69610       -1.41490        1.05090
C          0.12070       -1.33030        2.43630
C          0.42260       -2.09310        3.50020
C          1.38920       -3.24100        3.57150
C          2.56940       -2.90530        4.43820
C          3.86060       -2.81010        4.07950
C          4.45300       -3.01310        2.71330
C          5.04350       -1.70930        2.17040
C          5.65280       -1.91240        0.78130
C          6.14830       -0.61320        0.14160
C          7.31160        0.02620        0.88390
H         -4.04540       -0.46180       -0.63390
H         -6.48650       -1.20200       -1.27560
H         -5.86300       -1.43560       -2.92160
H         -4.19130       -2.69710       -1.31150
H         -5.47700        1.26840       -2.73270
H         -5.99380        1.18350       -1.03820
H         -4.63440        4.60980       -0.25390
H         -3.20890        4.19520        1.93710
H         -1.46380        4.01870        1.70280
H         -1.35500        5.74230        0.06310
H         -2.48090        6.39230        1.26210
H         -3.33520        6.72670       -0.86910
H         -2.98020        5.23360       -1.37400
H         -1.92030       -1.25680       -4.49140
H         -0.73010       -1.96780       -3.42000
H         -1.45770        1.01710       -3.56670
H         -0.02460        0.28770       -4.27530
H         -0.67160        0.42170       -1.28250
H          0.42720        1.48270       -2.15090
H          1.81920       -0.53530       -2.79580
H          0.80340       -1.53660       -1.77350
H          2.88420       -0.88350       -0.64340
H          2.54020        0.82050       -0.89210
H          2.10420        0.18200        1.41160
H          0.61690        0.71460        0.65120
H          1.42460       -2.22560        0.95950
H         -0.12460       -1.64480        0.36260
H         -0.63520       -0.55660        2.57360
H         -0.10370       -1.88050        4.43030
H          0.86980       -4.09690        4.02050
H          1.69050       -3.57720        2.57840
H          2.32910       -2.72740        5.48630
H          4.57890       -2.55850        4.86020
H          3.71890       -3.40700        2.00550
H          5.24200       -3.77010        2.79280
H          5.80970       -1.34250        2.86380
H          4.26130       -0.94220        2.11970
H          4.89690       -2.35320        0.11880
H          6.47940       -2.63170        0.84050
H          5.32400        0.10570        0.07250
H          6.46520       -0.83110       -0.88560
H          8.13990       -0.67860        1.00140
H          7.68190        0.89140        0.32500
H          7.01060        0.37670        1.87570

