HF BASIS=def2-svp cutoff=1.0e-9 denserms=1.0e-6  zmake GRADIENT DIPOLE CHARGE=0

O          2.97700        0.48830       -3.76990
C          3.28120        0.21900       -2.39060
C          1.99480       -0.16010       -1.65560
O          1.56820       -1.40970       -2.22830
C          2.25300       -0.24710       -0.13490
O          0.96860       -0.37730        0.51060
C          1.00620       -1.12190        1.65910
C          0.29290       -2.32850        1.70440
C         -0.45010       -2.75110        0.51200
O          0.14260       -2.92940       -0.54470
C         -1.97170       -2.82920        0.57660
O         -2.56010       -2.73100        1.64760
C         -2.68530       -2.94740       -0.74770
C         -2.65660       -1.65710       -1.52770
C         -3.34100       -0.52600       -1.05600
C         -3.29110        0.67880       -1.76040
C         -2.55490        0.75330       -2.93710
O         -2.47540        1.90920       -3.65440
C         -1.87480       -0.35680       -3.42050
C         -1.92570       -1.56220       -2.71960
C          0.27950       -3.11100        2.86500
O         -0.36440       -4.31590        2.86360
C          0.93580       -2.67580        4.01220
C          1.59230       -1.45120        3.98130
O          2.21320       -1.00600        5.11520
C          1.62720       -0.67070        2.82260
O          2.25500        0.54070        2.92370
O          2.86770        0.94460        0.36730
C          4.11090        1.28020       -0.26520
C          3.94580        1.44790       -1.77970
O          3.12500        2.59610       -2.05240
C          5.25350        0.31680        0.06060
O          5.21550       -0.12160        1.33490
O          6.12940       -0.06550       -0.69650
H          2.40840       -0.25880       -4.05120
H          3.97590       -0.62870       -2.38380
H          1.19970        0.56580       -1.86690
H          0.92560       -1.82920       -1.61410
H          2.87630       -1.12590        0.08540
H         -3.72760       -3.23050       -0.56030
H         -2.24750       -3.77490       -1.31690
H         -3.91250       -0.57700       -0.13210
H         -3.82840        1.54010       -1.37670
H         -2.98370        2.59700       -3.19530
H         -1.30070       -0.28330       -4.33940
H         -1.37690       -2.41900       -3.10590
H         -0.57210       -4.55380        3.78130
H          0.94270       -3.26420        4.92410
H          2.53020       -0.10640        4.88770
H          2.33140        0.92460        2.02350
H          4.40490        2.24760        0.15790
H          4.90590        1.63950       -2.27160
H          2.89290        2.51730       -3.00200
H          5.99350       -0.71220        1.43500

