HF BASIS=def2-svp cutoff=1.0e-9 denserms=1.0e-6  zmake GRADIENT DIPOLE CHARGE=0

C         -7.55620       -1.12730        0.74560
C         -6.78760       -1.95140       -0.25230
C         -7.61320       -2.43310       -1.41880
C         -5.47940       -2.26490       -0.16510
C         -4.50550       -1.90870        0.93430
C         -3.43950       -0.90770        0.44640
O         -4.00370        0.40510        0.28190
C         -2.26810       -0.74260        1.39750
C         -2.61920       -0.36890        2.81520
C         -1.00970       -0.85140        0.91850
C          0.28860       -0.53110        1.61110
C          1.10410        0.45950        0.81200
C          1.00080        1.80450        0.85180
O          1.78950        2.68700        0.13540
C          2.72010        2.18130       -0.73110
C          2.93390        0.82010       -0.90100
C          3.90400        0.36950       -1.81190
O          4.14280       -0.97040       -1.99410
C          4.66570        1.28370       -2.56000
C          5.68310        0.81210       -3.57800
C          5.18170        0.93630       -4.99510
C          4.77630       -0.03850       -5.83230
C          4.31390        0.29430       -7.22640
C          4.71760       -1.50160       -5.49490
C          4.43230        2.65450       -2.35880
O          5.16820        3.56440       -3.06870
C          3.46990        3.10570       -1.45540
C          2.12420       -0.11210       -0.10270
O          2.30570       -1.32230       -0.21160
C          0.00910        2.50380        1.68580
C         -1.32890        2.64990        1.28850
O         -1.74610        2.14770        0.08590
C         -2.25550        3.28950        2.10960
C         -1.83960        3.80090        3.33320
O         -2.77160        4.42070        4.11310
C         -0.51600        3.68340        3.74610
C          0.40770        3.03300        2.92250
H         -8.10260       -0.32790        0.23300
H         -8.28060       -1.75740        1.27310
H         -6.92130       -0.64350        1.49110
H         -8.02880       -1.58070       -1.96680
H         -8.44100       -3.05730       -1.06470
H         -7.02710       -3.03000       -2.12610
H         -5.04050       -2.87060       -0.95970
H         -4.02130       -2.83910        1.25700
H         -5.03140       -1.50800        1.80570
H         -3.08120       -1.21690       -0.54470
H         -4.83090        0.27610       -0.21920
H         -1.75340       -0.10820        3.42600
H         -3.11930       -1.20680        3.31260
H         -3.29610        0.49150        2.83480
H         -0.88140       -1.13630       -0.12720
H          0.13960       -0.14180        2.62160
H          0.84530       -1.46490        1.75490
H          3.53560       -1.47700       -1.40940
H          6.59540        1.41480       -3.47680
H          6.01760       -0.20490       -3.35410
H          5.17080        1.96430       -5.35750
H          4.39400        1.36350       -7.44670
H          4.92020       -0.24040       -7.96490
H          3.26660        0.00320       -7.35820
H          3.69110       -1.86830       -5.59720
H          5.04600       -1.73050       -4.48060
H          5.35460       -2.07000       -6.18110
H          4.85490        4.46100       -2.86390
H          3.28900        4.16620       -1.30820
H         -2.62710        1.73460        0.22800
H         -3.29050        3.39460        1.80200
H         -2.32300        4.82910        4.87130
H         -0.18840        4.07550        4.70470
H          1.44090        2.93760        3.24930

