HF BASIS=def2-svp cutoff=1.0e-9 denserms=1.0e-6  zmake GRADIENT DIPOLE CHARGE=0

C          2.39640       -5.11270        3.81350
C          2.49080       -6.21960        2.75630
O          1.73620       -5.81680        1.59820
C          1.99090       -6.51220        0.45970
O          2.75740       -7.46080        0.37060
C          1.15190       -5.98570       -0.67700
C          1.36880       -4.49010       -0.90420
C          0.53930       -3.99040       -2.08530
C          0.74890       -2.49610       -2.33600
C         -0.10650       -2.01760       -3.51080
C          0.09450       -0.52760       -3.78790
C         -0.75730       -0.08050       -4.94240
C         -1.91550        0.59740       -4.88520
C         -2.65180        1.05170       -3.65520
C         -2.72460        2.55140       -3.60490
C         -3.81580        3.31880       -3.43790
C         -5.23610        2.87240       -3.23430
C         -5.77010        3.39110       -1.92820
C         -6.80310        4.22800       -1.73630
C         -7.66710        4.86860       -2.78540
C         -9.05420        4.22360       -2.81810
C         -9.95070        4.88100       -3.86960
C        -11.38680        4.35110       -3.85400
C        -11.49950        2.88550       -4.23970
C          0.94250       -4.74390        4.11590
O          0.91460       -3.75550        5.13760
P         -0.52720       -3.35830        5.71220
O         -0.70490       -4.35250        6.95410
O         -1.66580       -3.42290        4.75180
O         -0.29010       -1.94340        6.42660
C         -0.10590       -0.82930        5.56180
C          0.61850        0.27900        6.33390
N          0.76800        1.53630        5.57810
C          1.22900        2.59920        6.47670
C          1.70730        1.39550        4.46290
O          3.04780       -3.91910        3.31200
C          4.38890       -3.84590        3.50090
O          5.06740       -4.72680        4.01570
C          4.98050       -2.56640        2.95200
C          3.96330       -1.44840        2.72590
C          4.60190       -0.09450        2.40950
C          5.48270       -0.10510        1.15830
C          5.89500        1.31780        0.77480
C          6.82900        1.39450       -0.43650
C          6.31960        0.75170       -1.73060
C          4.91470        1.16590       -2.17630
C          4.75520        2.66960       -2.40590
C          3.38880        3.05030       -2.99010
C          2.16700        2.55290       -2.21030
C          2.05920        3.13110       -0.79600
C          1.00420        2.42440        0.06440
C         -0.40810        2.51430       -0.51240
C         -1.47990        1.89420        0.38940
C         -1.30600        0.38510        0.58370
C         -2.50140       -0.22040        1.32330
C         -2.33370       -1.72810        1.51430
C         -3.55520       -2.33900        2.18460
H          2.87990       -5.42870        4.74730
H          2.06140       -7.15020        3.14220
H          3.53770       -6.38370        2.47540
H          0.10060       -6.20650       -0.46040
H          1.42580       -6.54110       -1.58170
H          1.09360       -3.92550       -0.00460
H          2.43280       -4.29470       -1.08360
H         -0.52340       -4.18250       -1.89300
H          0.80950       -4.55160       -2.98720
H          0.48810       -1.92830       -1.43450
H          1.80670       -2.30000       -2.54710
H         -1.16460       -2.21330       -3.29270
H          0.14740       -2.59660       -4.40680
H         -0.11210        0.05520       -2.88490
H          1.14360       -0.33310       -4.04010
H         -0.37650       -0.34690       -5.92900
H         -2.40570        0.84130       -5.82810
H         -3.64470        0.59330       -3.67760
H         -2.17200        0.69540       -2.73930
H         -1.76700        3.06250       -3.71160
H         -3.67330        4.39990       -3.44400
H         -5.32680        1.78190       -3.21970
H         -5.82930        3.21460       -4.08680
H         -5.25470        3.01940       -1.04190
H         -7.05860        4.48610       -0.70890
H         -7.75760        5.93530       -2.54820
H         -7.20800        4.81760       -3.77730
H         -8.94920        3.15440       -3.03520
H         -9.52790        4.30850       -1.83060
H         -9.51810        4.73860       -4.86740
H         -9.98390        5.96240       -3.68930
H        -11.98430        4.94180       -4.55820
H        -11.82740        4.49930       -2.86160
H        -12.55290        2.59120       -4.29630
H        -11.01980        2.23580       -3.50250
H        -11.04490        2.69680       -5.21570
H          0.38270       -5.62420        4.44940
H          0.45440       -4.31760        3.23320
H         -1.60400       -4.29040        7.31890
H         -1.09070       -0.48810        5.22440
H          0.47670       -1.13750        4.68740
H          1.59280       -0.09450        6.68070
H          0.03410        0.46770        7.24600
H          0.50530        2.76550        7.28220
H          1.31730        3.54960        5.93720
H          2.19960        2.36690        6.92720
H          1.83280        2.35180        3.94190
H          1.33100        0.69050        3.71480
H          2.69470        1.05620        4.79790
H          5.48130       -2.81910        2.01230
H          5.73270       -2.22540        3.67300
H          3.33680       -1.33220        3.61920
H          3.28710       -1.72620        1.90800
H          5.19020        0.24330        3.27030
H          3.79530        0.63690        2.27810
H          4.93320       -0.57570        0.33800
H          6.38050       -0.70670        1.33600
H          6.40550        1.78580        1.62620
H          4.99940        1.91940        0.58860
H          7.05720        2.44970       -0.62910
H          7.78570        0.92490       -0.17570
H          7.03140        0.98230       -2.53380
H          6.33920       -0.33850       -1.61880
H          4.68210        0.63460       -3.10740
H          4.18870        0.81780       -1.43470
H          5.53210        3.01280       -3.09970
H          4.91680        3.21770       -1.47170
H          3.32580        2.65200       -4.01050
H          3.33790        4.14160       -3.08110
H          2.16880        1.45770       -2.17200
H          1.27360        2.83520       -2.77940
H          1.83140        4.20160       -0.85650
H          3.01750        3.04140       -0.27490
H          1.29860        1.37540        0.18410
H          1.01570        2.87220        1.06540
H         -0.44440        2.02240       -1.48900
H         -0.66310        3.56680       -0.67950
H         -1.47820        2.39510        1.36490
H         -2.45900        2.08850       -0.06600
H         -0.39410        0.18480        1.15690
H         -1.19570       -0.10510       -0.39160
H         -2.61470        0.26390        2.30130
H         -3.42010       -0.02390        0.75550
H         -1.44480       -1.92980        2.12410
H         -2.17930       -2.21440        0.54420
H         -4.45400       -2.18530        1.57920
H         -3.72590       -1.89470        3.16970
H         -3.41520       -3.41700        2.31720

