HF BASIS=def2-svp cutoff=1.0e-9 denserms=1.0e-6  zmake GRADIENT DIPOLE CHARGE=0

C         -0.87910        4.67590        5.90130
C          0.62240        4.43290        5.94320
C          1.41720        5.38770        5.04680
C          1.31290        5.03570        3.56070
C          2.20350        5.94880        2.71240
C          2.18060        5.60330        1.22460
C          2.74970        4.22980        0.83660
C          4.25030        4.05160        1.09730
C          4.62640        3.38350        2.42730
C          4.08650        1.96730        2.65460
C          4.49350        0.97220        1.56820
C          4.14010       -0.48150        1.90720
C          2.63790       -0.71970        2.05550
C          2.30340       -2.20900        2.15610
C          0.79410       -2.41320        2.28490
C          0.40660       -3.88980        2.18210
C         -1.10550       -4.14070        2.24650
C         -1.95950       -3.34280        1.25420
C         -1.52840       -3.51810       -0.20250
C         -2.28100       -2.55980       -1.12950
C         -1.72280       -2.62030       -2.55380
C         -2.33540       -1.53730       -3.44660
C         -1.70380       -1.51170       -4.83710
C         -0.33630       -0.86770       -4.85340
O          0.29590       -0.52040       -3.86610
O          0.07510       -0.73640       -6.14180
C          1.36790       -0.12000       -6.36720
C          1.10950        1.26580       -6.96490
O          0.49710        2.09980       -5.95130
C          1.36240        2.72450       -5.10760
O          2.57570        2.76880       -5.27320
C          0.66870        3.43550       -3.96690
C         -0.74600        2.94560       -3.65050
C         -1.45010        3.80990       -2.60010
C         -0.90790        3.68270       -1.17140
C         -1.33830        2.38890       -0.47050
C         -0.88620        2.39390        0.99270
C         -1.49540        1.23970        1.79360
C         -1.02800        1.29510        3.25170
C         -1.71570        0.23610        4.11420
C         -1.19900        0.29410        5.55600
C         -1.77070       -0.81510        6.44790
C         -3.24920       -0.67620        6.67890
C         -4.21150       -1.56470        6.37640
C         -4.03340       -2.91980        5.75330
C         -4.38110       -2.94550        4.25910
C         -5.87750       -2.76800        3.98580
C         -6.23880       -2.93660        2.50720
C         -5.77870       -1.76100        1.63620
C         -6.20020       -1.96090        0.17700
C         -5.72600       -0.84170       -0.75290
C         -6.41700        0.49060       -0.50150
C          2.16720       -1.04340       -7.28270
O          2.70300       -2.05280       -6.44280
P          2.98480       -3.51180       -7.05410
O          4.18570       -3.47600       -7.95850
O          1.70720       -4.19140       -7.47720
O          3.45370       -4.21740       -5.67030
C          4.81670       -4.07840       -5.34220
C          5.66930       -5.13800       -6.05930
N          5.21920       -6.61420       -5.83140
C          6.26780       -7.50720       -6.45940
C          3.88020       -6.87710       -6.54380
C          5.07470       -6.92800       -4.35800
H         -1.28020        4.57290        4.88980
H         -1.38990        3.95520        6.54710
H         -1.12100        5.68020        6.27110
H          0.83490        3.39340        5.66730
H          0.96220        4.56090        6.97870
H          2.46880        5.34170        5.34660
H          1.08540        6.42010        5.21440
H          1.60580        3.99000        3.42160
H          0.27490        5.12790        3.22160
H          3.23210        5.93510        3.08330
H          1.85600        6.98320        2.83100
H          1.14700        5.66050        0.86460
H          2.73490        6.37480        0.67870
H          2.59320        4.12440       -0.24560
H          2.16780        3.42720        1.29270
H          4.67200        3.45260        0.28080
H          4.75360        5.02450        1.03470
H          5.72370        3.34600        2.48420
H          4.30750        4.01190        3.26200
H          4.46400        1.61300        3.62130
H          2.99400        2.00000        2.74830
H          5.57710        1.03040        1.41180
H          4.01840        1.23730        0.61670
H          4.53410       -1.12310        1.11040
H          4.65120       -0.78100        2.83140
H          2.11430       -0.28730        1.18840
H          2.26640       -0.20520        2.94730
H          2.67390       -2.72700        1.26050
H          2.81440       -2.65100        3.02050
H          0.29900       -1.84190        1.49390
H          0.45060       -2.00920        3.24370
H          0.80350       -4.31320        1.25140
H          0.88520       -4.44970        2.99570
H         -1.28800       -5.21060        2.08960
H         -1.45870       -3.91390        3.26280
H         -1.93930       -2.28110        1.52850
H         -3.00570       -3.66050        1.35620
H         -0.45600       -3.32110       -0.30830
H         -1.70100       -4.55370       -0.51810
H         -3.34720       -2.81060       -1.13870
H         -2.18410       -1.53830       -0.74790
H         -0.63510       -2.50110       -2.51690
H         -1.91740       -3.60860       -2.98550
H         -2.22810       -0.55490       -2.96870
H         -3.40880       -1.72820       -3.54610
H         -1.62190       -2.52520       -5.24350
H         -2.34870       -0.92040       -5.49890
H          1.91120       -0.00670       -5.42050
H          2.02550        1.73000       -7.35180
H          0.39180        1.20940       -7.79280
H          0.64720        4.50010       -4.22430
H          1.30160        3.30700       -3.08500
H         -1.35290        2.97850       -4.56430
H         -0.71850        1.89910       -3.33410
H         -2.52200        3.56850       -2.60270
H         -1.37310        4.86300       -2.90650
H         -1.28930        4.53540       -0.59620
H          0.18340        3.76640       -1.16290
H         -2.43050        2.29310       -0.51930
H         -0.91210        1.51900       -0.98220
H         -1.16980        3.34450        1.46280
H          0.20610        2.32770        1.03030
H         -2.58810        1.30270        1.75080
H         -1.20350        0.28340        1.34610
H          0.05930        1.15720        3.28720
H         -1.24010        2.28850        3.66760
H         -2.79790        0.40110        4.09480
H         -1.53230       -0.75940        3.69420
H         -1.42480        1.27550        5.98850
H         -0.10760        0.19550        5.54900
H         -1.27420       -0.76560        7.42700
H         -1.50730       -1.78420        6.01790
H         -3.55730        0.26000        7.14460
H         -5.24000       -1.29040        6.60960
H         -4.66290       -3.63640        6.29440
H         -3.00850       -3.28030        5.87870
H         -4.06030       -3.91100        3.85170
H         -3.80300       -2.17450        3.73710
H         -6.22020       -1.78860        4.33530
H         -6.43220       -3.52340        4.55860
H         -7.32820       -3.03180        2.42760
H         -5.81040       -3.87260        2.12310
H         -4.68990       -1.65090        1.68620
H         -6.21580       -0.83750        2.02800
H         -5.77710       -2.90800       -0.18120
H         -7.29230       -2.06000        0.11290
H         -4.64380       -0.70790       -0.65990
H         -5.92230       -1.14620       -1.78690
H         -6.16400        0.89510        0.48100
H         -7.50620        0.38600       -0.56230
H         -6.10660        1.22080       -1.25740
H          1.53470       -1.48280       -8.06310
H          3.00870       -0.51630       -7.74350
H          5.17200       -3.07130       -5.59420
H          4.91560       -4.17010       -4.25460
H          5.71110       -5.00000       -7.14110
H          6.70030       -5.06400       -5.67380
H          6.30970       -7.30270       -7.53580
H          5.98520       -8.55310       -6.28610
H          7.23360       -7.29920       -5.98350
H          3.06130       -6.44530       -5.96710
H          3.93320       -6.47700       -7.56340
H          3.73440       -7.96240       -6.58430
H          6.03430       -6.71970       -3.87480
H          4.80670       -7.98100       -4.25020
H          4.29620       -6.28440       -3.92900

