HF BASIS=def2-svp cutoff=1.0e-9 denserms=1.0e-6  zmake GRADIENT DIPOLE CHARGE=0

C          1.93210        1.11480        2.39300
C          1.83490       -0.26000        1.74770
C          0.90550       -1.23180        2.47590
S         -0.82270       -0.67740        2.68760
C         -1.38270       -0.57970        0.93830
C         -2.72870        0.16010        0.84220
C         -2.63540        1.63880        1.20850
S         -1.55360       -2.27680        0.25360
S         -1.48470       -1.95590       -1.77700
C          0.23130       -1.97210       -2.00530
C          0.79850       -1.38050       -3.06590
C          2.27060       -1.36910       -3.32010
H          2.20550        1.03460        3.44990
H          0.98940        1.66490        2.31800
H          2.70090        1.71030        1.89000
H          1.54170       -0.15240        0.69830
H          2.83900       -0.70240        1.73320
H          0.91480       -2.20340        1.97240
H          1.29890       -1.40690        3.48370
H         -0.63020       -0.03010        0.36710
H         -3.48740       -0.31900        1.47480
H         -3.10740        0.11320       -0.18640
H         -2.38910        1.78440        2.26410
H         -3.59670        2.12990        1.02460
H         -1.87730        2.14500        0.60240
H          0.85070       -2.48660       -1.27550
H          0.18330       -0.87230       -3.80590
H          2.48680       -1.84950       -4.27920
H          2.83020       -1.89560       -2.54050
H          2.63290       -0.33750       -3.36210

