HF BASIS=def2-svp cutoff=1.0e-9 denserms=1.0e-6  zmake GRADIENT DIPOLE CHARGE=0

C          2.72510       -0.42850       -2.67070
C          1.98400       -1.74180       -2.82880
O          0.61080       -1.51340       -2.52920
C         -0.18250       -2.69340       -2.59060
C         -0.64190       -2.92500       -4.02430
O         -1.36230       -2.52350       -1.80420
C         -1.14650       -2.65400       -0.39990
C         -0.43100       -1.46660        0.26690
C         -1.18730       -0.15630       -0.01340
O         -0.36380        0.96270        0.34050
C         -1.01290        2.20690        0.07510
C          0.01750        3.30090        0.31960
O         -2.11460        2.38110        0.96080
C         -3.11780        3.24440        0.43650
C         -4.23020        3.35730        1.46020
O         -0.38510       -1.76880        1.67390
C          0.54630       -0.98360        2.41390
C         -0.22390       -0.22450        3.48370
O          1.47760       -1.83260        3.09320
C          2.36990       -2.48230        2.19530
C          3.35820       -3.29430        3.00910
H          2.61290       -0.04340       -1.65150
H          2.31340        0.33010       -3.34450
H          3.78990       -0.55250       -2.88620
H          2.09390       -2.10780       -3.85410
H          2.39720       -2.48220       -2.13510
H          0.37230       -3.56990       -2.23240
H         -1.17820       -2.04720       -4.40250
H         -1.32720       -3.77700       -4.08070
H          0.20240       -3.10610       -4.69540
H         -0.61550       -3.59060       -0.18620
H         -2.13530       -2.77350        0.06030
H          0.59720       -1.39580       -0.10180
H         -1.43670       -0.07320       -1.07640
H         -2.10840       -0.12800        0.57960
H         -1.33350        2.22590       -0.97450
H          0.33950        3.29730        1.36720
H          0.90820        3.14180       -0.29690
H         -0.38880        4.29360        0.10620
H         -2.69980        4.23560        0.23500
H         -3.51500        2.82600       -0.49480
H         -5.02940        4.00990        1.09780
H         -3.84620        3.75890        2.40390
H         -4.65190        2.37130        1.68170
H          1.10920       -0.27760        1.79360
H         -0.75070       -0.92040        4.14670
H         -0.97570        0.43540        3.04120
H          0.45390        0.36860        4.10580
H          2.90710       -1.73840        1.59680
H          1.81300       -3.14730        1.52700
H          3.91680       -2.64780        3.69400
H          2.83540       -4.03410        3.62430
H          4.06640       -3.81390        2.35760

