HF BASIS=def2-svp cutoff=1.0e-9 denserms=1.0e-6  zmake GRADIENT DIPOLE CHARGE=0

C         -0.65400       -1.22200       -5.85590
C         -1.34830       -1.47350       -4.52520
C         -1.30650       -0.23440       -3.63500
C         -1.96500       -0.49020       -2.27960
C         -1.95290        0.77610       -1.42140
C         -2.48740        0.50840       -0.01370
C         -2.51250        1.79230        0.81890
C         -3.07830        1.59290        2.23040
C         -2.31030        0.60290        3.11430
C         -0.89100        1.06570        3.44740
C         -0.12310       -0.01590        4.20750
C          1.26720        0.47210        4.62440
C          2.12570       -0.62930        5.26060
C          2.62690       -1.64790        4.22930
C          3.54380       -2.70150        4.85620
C          4.30590       -3.55350        3.83560
C          3.54600       -4.74530        3.24010
C          2.35410       -4.45080        2.32340
C          2.68280       -3.52270        1.15270
C          1.43930       -3.23310        0.30370
C          1.70050       -2.16500       -0.75880
C          1.80620       -0.76420       -0.17750
O          1.56840       -0.48870        0.99310
N          2.19860        0.17590       -1.10970
C          2.23790        1.58060       -0.74510
C          2.90710        2.45880       -1.80270
C          2.16260        2.50330       -3.10400
C          2.57630        1.94430       -4.29930
N          1.62850        2.21300       -5.24990
C          0.59250        2.93240       -4.70160
C          0.90240        3.13890       -3.35720
C         -0.00660        3.86960       -2.56430
C         -1.19000        4.34970       -3.13610
C         -1.47220        4.12100       -4.48050
C         -0.58350        3.41010       -5.29160
H         -1.11580       -0.38740       -6.39400
H          0.40480       -0.98660       -5.70510
H         -0.71630       -2.11240       -6.49060
H         -2.39070       -1.75860       -4.71290
H         -0.86430       -2.31900       -4.01980
H         -1.81050        0.59900       -4.13800
H         -0.26520        0.06690       -3.47930
H         -2.99840       -0.82350       -2.42730
H         -1.43840       -1.29830       -1.76110
H         -2.55260        1.55360       -1.90820
H         -0.92780        1.15580       -1.34890
H         -1.84970       -0.24300        0.46510
H         -3.49890        0.08920       -0.07290
H         -3.13420        2.53620        0.30620
H         -1.50670        2.22450        0.86980
H         -4.11710        1.24830        2.14660
H         -3.11310        2.56750        2.73300
H         -2.28640       -0.38600        2.64220
H         -2.86850        0.47870        4.05220
H         -0.33900        1.30640        2.53170
H         -0.93750        1.98390        4.04560
H         -0.68630       -0.31610        5.10000
H         -0.04060       -0.89840        3.56530
H          1.14850        1.28380        5.35380
H          1.79790        0.89680        3.76140
H          1.55420       -1.14110        6.04750
H          2.99090       -0.15760        5.74630
H          1.76630       -2.14020        3.77220
H          3.16170       -1.11490        3.43220
H          4.29230       -2.17890        5.46790
H          2.97870       -3.34730        5.54160
H          5.17420       -3.97580        4.35980
H          4.72490       -2.92260        3.04520
H          3.20120       -5.39000        4.05880
H          4.26820       -5.34670        2.67090
H          1.52880       -4.04360        2.91170
H          1.98640       -5.40440        1.92560
H          3.09250       -2.58300        1.53100
H          3.45770       -3.97860        0.52550
H          0.60910       -2.92220        0.94850
H          1.12630       -4.15930       -0.19240
H          0.86820       -2.16190       -1.47390
H          2.61900       -2.39620       -1.31230
H          2.04280       -0.04390       -2.08740
H          1.21000        1.90050       -0.54570
H          2.78910        1.66650        0.19900
H          3.92730        2.09860       -1.98080
H          2.99830        3.48000       -1.41560
H          3.47120        1.39110       -4.55560
H          1.67840        1.93210       -6.21900
H          0.19970        4.05260       -1.51450
H         -1.89510        4.90400       -2.52240
H         -2.39560        4.50200       -4.90920
H         -0.80540        3.23500       -6.33960

