HF BASIS=def2-svp cutoff=1.0e-9 denserms=1.0e-6  zmake GRADIENT DIPOLE CHARGE=0

C          2.27160       -6.22890        2.28310
C          1.76370       -4.79790        2.47080
C          2.90750       -3.90410        2.95180
C          1.15380       -4.22080        1.17900
C         -0.12590       -4.94220        0.74050
C         -0.69350       -4.33280       -0.54780
C         -2.07220       -4.89610       -0.95110
C         -2.04870       -6.42300       -1.09550
C         -2.58030       -4.28230       -2.27370
C         -2.79320       -2.76590       -2.21730
C         -3.45140       -2.25360       -3.50450
C         -3.81710       -0.75200       -3.47060
C         -4.59310       -0.40870       -4.74660
C         -2.56350        0.13350       -3.31420
C         -2.78750        1.65290       -3.34090
C         -3.79560        2.19830       -2.31830
C         -3.49310        2.10220       -0.82770
C         -4.70700        2.39460        0.02150
C         -2.27240        1.82250       -0.32490
C         -1.85200        1.72180        1.12170
C         -0.74000        2.71620        1.49660
C         -1.11980        4.17450        1.34290
C         -2.11050        4.69040        2.35620
C         -0.61040        5.00470        0.41020
C          0.37250        4.67430       -0.68330
C          1.75870        5.25690       -0.37470
C          2.84160        5.11390       -1.43520
C          4.09200        5.89360       -1.10010
C          2.71280        4.36800       -2.55230
C          3.70610        4.24170       -3.68180
C          4.63160        3.02220       -3.55990
C          4.09130        1.62300       -3.83760
C          5.08860        0.54830       -3.47960
C          2.86660        1.37020       -4.34340
C          2.25530        0.02930       -4.67360
C          1.18240       -0.40060       -3.66310
C          1.72490       -0.74610       -2.28720
C          2.39060       -2.09210       -2.18140
C          1.58140        0.13430       -1.27650
C          2.04760        0.01140        0.14810
C          3.02900        1.14240        0.50180
C          3.45280        1.27270        1.95950
C          4.12040        2.59380        2.25200
C          3.24610        0.31030        2.88090
C          3.55010        0.35440        4.35610
C          2.36870       -0.13880        5.21300
C          1.09420        0.66830        5.05360
C          1.15490        2.07940        5.58590
C         -0.04200        0.20830        4.48900
C         -0.31110       -1.13940        3.90510
O         -1.64960       -1.48620        4.22890
H          2.78240       -6.58200        3.18640
H          1.44810       -6.92060        2.09110
H          2.97620       -6.29420        1.44670
H          0.99520       -4.80660        3.25250
H          3.34480       -4.28890        3.87880
H          3.70330       -3.83700        2.20270
H          2.54460       -2.89260        3.15450
H          1.89500       -4.26200        0.37110
H          0.92190       -3.16040        1.33710
H          0.09180       -6.00100        0.57490
H         -0.87480       -4.87790        1.53940
H         -0.77230       -3.24730       -0.40780
H          0.01930       -4.49620       -1.36500
H         -2.79190       -4.64780       -0.16040
H         -1.28260       -6.74070       -1.80950
H         -1.85110       -6.91250       -0.13680
H         -3.01610       -6.79560       -1.44910
H         -3.53450       -4.75810       -2.53350
H         -1.88010       -4.51780       -3.08620
H         -3.42480       -2.51370       -1.35820
H         -1.82610       -2.27210       -2.08110
H         -2.78390       -2.45060       -4.35220
H         -4.36590       -2.83440       -3.68460
H         -4.48220       -0.58760       -2.61410
H         -5.44290       -1.08460       -4.88500
H         -3.95260       -0.48840       -5.63080
H         -4.99640        0.60750       -4.71200
H         -2.05370       -0.12590       -2.38190
H         -1.86390       -0.11140       -4.12320
H         -1.82060        2.15500       -3.20910
H         -3.12810        1.94120       -4.34420
H         -3.94570        3.26220       -2.54660
H         -4.76160        1.71450       -2.50340
H         -5.48260        1.64540       -0.17170
H         -4.51380        2.39250        1.09300
H         -5.11330        3.38080       -0.23450
H         -1.44710        1.64860       -1.01230
H         -2.69000        1.83140        1.81360
H         -1.47020        0.70550        1.28230
H          0.16160        2.47770        0.92400
H         -0.45500        2.54840        2.54320
H         -2.26480        5.77290        2.27060
H         -1.75520        4.49050        3.37270
H         -3.08370        4.21000        2.22600
H         -0.93940        6.04440        0.40390
H         -0.01400        5.10210       -1.61690
H          0.44030        3.59470       -0.85080
H          1.63850        6.32870       -0.16710
H          2.13190        4.80110        0.55000
H          3.91640        6.96390       -1.24890
H          4.95590        5.59890       -1.70040
H          4.37180        5.73370       -0.05230
H          1.79850        3.80290       -2.71660
H          4.32760        5.14380       -3.73170
H          3.16580        4.23010       -4.63570
H          5.06910        3.02760       -2.55390
H          5.46640        3.18030       -4.25670
H          5.35270        0.62200       -2.42050
H          6.00240        0.67290       -4.07210
H          4.73140       -0.46670       -3.65230
H          2.20090        2.19930       -4.56880
H          3.01150       -0.75140       -4.79470
H          1.78080        0.12150       -5.65780
H          0.43320        0.39780       -3.58250
H          0.64170       -1.27180       -4.05510
H          1.64710       -2.88900       -2.29720
H          3.14150       -2.21570       -2.96810
H          2.90190       -2.25230       -1.23090
H          1.07510        1.07610       -1.49120
H          1.16230        0.06760        0.79300
H          2.51520       -0.95640        0.34150
H          2.56450        2.09590        0.21170
H          3.93380        1.03960       -0.11170
H          4.90960        2.78540        1.51850
H          3.38910        3.40630        2.19000
H          4.59200        2.63860        3.23380
H          2.78990       -0.62440        2.56610
H          3.84150        1.35250        4.69210
H          4.41080       -0.29970        4.54510
H          2.19480       -1.19860        4.99820
H          2.66820       -0.11150        6.26800
H          0.17520        2.56900        5.56970
H          1.50240        2.08020        6.62350
H          1.84030        2.68520        4.98670
H         -0.89310        0.88540        4.42650
H          0.34100       -1.91820        4.29840
H         -0.21590       -1.10120        2.81560
H         -1.83250       -2.33640        3.79340

