HF BASIS=def2-svp cutoff=1.0e-9 denserms=1.0e-6  zmake GRADIENT DIPOLE CHARGE=0

C         -2.73580        7.45890        2.04770
O         -3.40010        8.72440        2.03430
C         -1.45200        7.57540        2.87500
O         -1.81120        7.71020        4.24860
P         -0.59950        7.67600        5.29870
O         -1.33310        7.83070        6.71260
O          0.43810        8.72860        5.09970
O         -0.05060        6.17100        5.31020
C         -0.93430        5.10550        5.61500
C         -0.96570        4.08310        4.47370
C          0.42750        3.47330        4.23220
O          0.54420        2.93600        2.89630
C          0.22540        1.62680        2.72720
O         -0.18900        0.88960        3.61060
C          0.46950        1.20250        1.29640
C         -0.57380        0.17760        0.85490
C         -0.38200       -0.25230       -0.59890
C         -1.55090       -1.08280       -1.14000
C         -1.88960       -2.34910       -0.34740
C         -0.75350       -3.36790       -0.23140
C         -0.25830       -3.95090       -1.55740
C         -1.31910       -4.66700       -2.40300
C         -2.06980       -5.81630       -1.70400
C         -3.10760       -6.41110       -2.66040
C         -1.12820       -6.91770       -1.21530
O         -1.89140        3.04660        4.87370
C         -2.68480        2.50990        3.90690
O         -2.75650        2.91970        2.75390
C         -3.44410        1.32970        4.46880
C         -4.00010        0.43170        3.36090
C         -4.26250       -1.01080        3.80830
C         -2.96480       -1.78720        4.05750
C         -3.21870       -3.27060        4.31190
C         -2.01020       -4.02850        4.87850
C         -0.77130       -4.08750        3.97570
C          0.18440       -2.90730        4.16980
C          1.48200       -3.08600        3.37720
C          2.31990       -1.80860        3.42550
C          3.65180       -1.96640        2.69620
C          4.44020       -0.65510        2.71650
C          5.78220       -0.79840        1.99990
C          6.56840        0.51310        2.02510
C          7.89590        0.43650        1.26320
C          8.91360       -0.49790        1.92440
C         10.32030       -0.40740        1.30370
C         10.34880       -0.87190       -0.15280
C         11.30610       -1.23900        2.12820
C         -2.43880        7.01360        0.61790
O         -1.91690        5.69550        0.65280
P         -2.66530        4.56960       -0.21130
O         -1.98930        3.23280        0.35030
O         -4.15350        4.56760       -0.14070
O         -2.01390        4.73720       -1.66710
C         -2.13560        3.64000       -2.55710
C         -1.49680        3.97720       -3.90900
C         -0.05610        4.49550       -3.75790
O          0.75560        3.60720       -2.96200
C          1.48930        2.67940       -3.63640
O          1.51460        2.53780       -4.85030
C          2.32100        1.87980       -2.66000
C          2.49340        0.43430       -3.12000
C          3.43490       -0.33470       -2.19070
C          3.55710       -1.80090       -2.61370
C          4.57520       -2.58680       -1.78080
C          6.02280       -2.23820       -2.13920
C          7.06930       -2.94230       -1.27000
C          6.99180       -4.46800       -1.32070
C          8.21120       -5.15440       -0.69710
C          8.49530       -4.81470        0.76880
C          7.34290       -5.15730        1.71530
C          7.76870       -4.99350        3.17630
C          6.63710       -5.35880        4.14000
C          7.11900       -5.31150        5.59150
C          6.07200       -5.79950        6.59590
C          4.79920       -4.95160        6.69800
C          5.00530       -3.46600        7.04790
C          5.81290       -3.26580        8.33130
C          3.64440       -2.77870        7.18940
O         -1.45470        2.81410       -4.76220
C         -2.63030        2.42620       -5.32780
O         -3.71100        2.94260       -5.09700
C         -2.36840        1.27260       -6.27080
C         -3.63240        0.59450       -6.80040
C         -4.15520        1.16520       -8.12510
C         -4.71680        2.58190       -8.00930
C         -5.39680        3.02140       -9.30690
C         -5.87840        4.47780       -9.30150
C         -7.14980        4.74320       -8.48230
C         -6.90760        4.86050       -7.00440
C         -7.48160        4.17770       -6.00000
C         -8.49700        3.15810       -6.12340
C         -8.98400        2.39960       -5.12770
C         -8.57570        2.38350       -3.68010
C         -9.61830        3.01540       -2.75150
C        -10.99400        2.33650       -2.73470
C        -11.00010        0.85090       -2.36190
C        -10.42870        0.56860       -0.97200
C        -10.57530       -0.89920       -0.59990
H         -3.41170        6.73830        2.52400
H         -3.55780        8.95780        2.96740
H         -0.82090        6.68970        2.75870
H         -0.87920        8.46200        2.58110
H         -1.16290        8.71990        7.07590
H         -1.95050        5.47030        5.80710
H         -0.59600        4.63150        6.54360
H         -1.30750        4.58150        3.55980
H          0.66620        2.70600        4.97770
H          1.20330        4.24260        4.29630
H          1.48220        0.79200        1.22680
H          0.41590        2.08240        0.64580
H         -0.51900       -0.69870        1.51130
H         -1.57450        0.60390        0.98160
H          0.55610       -0.80920       -0.69890
H         -0.28580        0.63910       -1.23040
H         -2.44590       -0.44830       -1.16410
H         -1.34140       -1.34510       -2.18370
H         -2.20990       -2.07070        0.66350
H         -2.76480       -2.82400       -0.80670
H         -1.08380       -4.18410        0.42120
H          0.09820       -2.90790        0.28140
H          0.56460       -4.64500       -1.34660
H          0.18330       -3.15080       -2.16410
H         -0.82510       -5.05600       -3.30320
H         -2.04750       -3.92810       -2.75930
H         -2.61400       -5.42040       -0.83870
H         -3.68070       -7.20480       -2.16840
H         -2.63120       -6.83890       -3.54930
H         -3.81660       -5.64440       -2.99040
H         -0.45410       -6.54980       -0.43540
H         -0.51820       -7.31100       -2.03610
H         -1.69500       -7.75190       -0.78660
H         -2.75000        0.77100        5.10360
H         -4.25950        1.70440        5.09660
H         -4.94130        0.86770        3.00140
H         -3.32660        0.41410        2.49660
H         -4.83390       -1.51660        3.01970
H         -4.88520       -1.01550        4.71040
H         -2.31980       -1.67950        3.17920
H         -2.43650       -1.36130        4.91670
H         -4.04390       -3.37760        5.02760
H         -3.54800       -3.74960        3.38160
H         -2.33890       -5.06150        5.05610
H         -1.74410       -3.62160        5.86190
H         -1.07080       -4.16820        2.92480
H         -0.22330       -5.00720        4.21820
H          0.42810       -2.79870        5.23380
H         -0.29380       -1.97650        3.85750
H          2.05210       -3.92600        3.79040
H          1.25330       -3.33130        2.33450
H          2.50290       -1.52070        4.46660
H          1.75390       -0.99250        2.96610
H          3.47110       -2.27230        1.65860
H          4.24060       -2.76000        3.17180
H          4.60880       -0.34350        3.75480
H          3.84990        0.13430        2.23460
H          6.35970       -1.59830        2.47590
H          5.60540       -1.09370        0.96080
H          6.75580        0.81540        3.06290
H          5.95760        1.30370        1.57160
H          7.70040        0.11970        0.23270
H          8.31800        1.44760        1.21220
H          8.55850       -1.53330        1.87020
H          8.98130       -0.24430        2.99030
H         10.65240        0.63800        1.33750
H          9.71850       -0.24280       -0.78780
H         10.00310       -1.90660       -0.24490
H         11.36690       -0.82270       -0.55490
H         11.03490       -2.30030        2.12120
H         11.32570       -0.90120        3.16980
H         12.32190       -1.14600        1.72990
H         -1.69900        7.67260        0.14980
H         -3.34420        7.07370        0.00320
H         -2.34690        3.04890        1.25000
H         -3.19580        3.39530       -2.67740
H         -1.65490        2.75420       -2.12920
H         -2.06870        4.77060       -4.40790
H          0.40300        4.65950       -4.74020
H         -0.05570        5.46230       -3.24290
H          3.29080        2.37990       -2.56410
H          1.83550        1.88860       -1.67820
H          1.51370       -0.05770       -3.15730
H          2.89390        0.41010       -4.14080
H          4.41640        0.15140       -2.20530
H          3.06680       -0.28330       -1.15850
H          3.82060       -1.86770       -3.67660
H          2.57550       -2.27790       -2.50150
H          4.40660       -3.65290       -1.96840
H          4.39460       -2.41790       -0.71370
H          6.18530       -1.15970       -2.04040
H          6.20470       -2.48650       -3.19250
H          6.96480       -2.60240       -0.23430
H          8.06010       -2.61910       -1.61050
H          6.91880       -4.79310       -2.36600
H          6.08150       -4.81640       -0.82100
H          8.08290       -6.24020       -0.79060
H          9.10070       -4.89990       -1.28710
H          9.39060       -5.37200        1.07380
H          8.74890       -3.75380        0.86660
H          6.48350       -4.50790        1.51290
H          7.02020       -6.19130        1.54250
H          8.63700       -5.63500        3.37320
H          8.08500       -3.95850        3.35610
H          5.80070       -4.66600        3.99530
H          6.27020       -6.36640        3.91010
H          7.44890       -4.29730        5.84280
H          8.00270       -5.95490        5.69210
H          6.54080       -5.86720        7.58450
H          5.78140       -6.82510        6.33430
H          4.24480       -5.02170        5.75440
H          4.15340       -5.41150        7.45890
H          5.53800       -2.97640        6.22280
H          6.83880       -3.62970        8.22030
H          5.35370       -3.79460        9.17420
H          5.87260       -2.20340        8.59180
H          3.08860       -3.17000        8.04910
H          3.76720       -1.69940        7.32940
H          3.03390       -2.93510        6.29550
H         -1.80240        0.52580       -5.69990
H         -1.73900        1.62500       -7.09480
H         -4.42980        0.60300       -6.04780
H         -3.39080       -0.46110       -6.98330
H         -3.35790        1.14140       -8.87880
H         -4.94750        0.49750       -8.48750
H         -5.43610        2.60120       -7.18760
H         -3.91030        3.28320       -7.77050
H         -6.23790        2.35470       -9.53370
H         -4.67870        2.90850      -10.12980
H         -5.06550        5.14390       -8.98470
H         -6.10370        4.74550      -10.34230
H         -7.90140        3.98740       -8.72760
H         -7.56700        5.70390       -8.81080
H         -6.15630        5.59940       -6.72350
H         -7.14150        4.41480       -4.99350
H         -8.91320        2.99450       -7.11470
H         -9.75530        1.67730       -5.39240
H         -8.38840        1.34470       -3.38510
H         -7.62140        2.89870       -3.53060
H         -9.75940        4.06630       -3.03650
H         -9.21310        3.03450       -1.73250
H        -11.46840        2.45110       -3.71660
H        -11.63470        2.87890       -2.02700
H        -12.03830        0.49700       -2.40030
H        -10.45250        0.27120       -3.11430
H         -9.36680        0.83520       -0.93610
H        -10.94530        1.18260       -0.22510
H        -10.14120       -1.08410        0.38730
H        -11.62950       -1.19110       -0.56760
H        -10.06170       -1.54050       -1.32360

