HF BASIS=def2-svp cutoff=1.0e-9 denserms=1.0e-6  zmake GRADIENT DIPOLE CHARGE=0

C          1.41740       -0.48310        3.22920
C          1.91500       -1.30300        2.06880
C          2.54150       -0.46010        0.97570
C          1.76910        0.10290       -0.06380
O          0.40120        0.00180       -0.01900
C          2.37020        0.80030       -1.12760
C          1.61130        1.34630       -2.28660
O          2.05170        2.33530       -2.87090
C          0.40250        0.63320       -2.76850
C         -0.42880        1.23490       -3.62980
C         -1.66020        0.61640       -4.13950
C         -2.52260       -0.12020       -3.31360
C         -3.71410       -0.64990       -3.81980
C         -4.05770       -0.44190       -5.15410
C         -3.21340        0.29580       -5.98240
C         -2.02200        0.82630       -5.47610
C          3.75620        1.02110       -1.08180
O          4.43280        1.74250       -2.03160
C          4.53320        0.51070       -0.04490
C          3.92650       -0.22960        0.96580
O          4.69170       -0.73890        1.97850
C          0.15950       -0.35660        3.70400
C         -0.08920        0.46040        4.94890
C         -1.07230       -1.01830        3.11540
C         -2.15160       -0.00580        2.69550
C         -3.03440       -0.52460        1.59360
C         -4.08830       -1.35700        1.71890
C         -4.88920       -1.77100        0.50900
C         -4.57450       -1.93600        3.01780
H          2.22280        0.02960        3.76090
H          2.64600       -2.02750        2.44970
H          1.13500       -1.93120        1.62700
H          0.13210       -0.01970        0.91730
H          0.22380       -0.37010       -2.40810
H         -0.21340        2.23400       -3.99600
H         -2.28580       -0.27500       -2.26390
H         -4.37820       -1.21540       -3.16980
H         -4.98670       -0.84930       -5.54800
H         -3.48260        0.46340       -7.02290
H         -1.37720        1.40550       -6.13740
H          3.76480        2.20410       -2.58880
H          5.60280        0.69770       -0.04740
H          5.61810       -0.46360        1.84130
H         -0.69130        1.34480        4.71930
H          0.84200        0.80520        5.40950
H         -0.62080       -0.13830        5.69550
H         -0.81000       -1.65080        2.26290
H         -1.48960       -1.70120        3.86560
H         -2.75550        0.28520        3.56310
H         -1.68910        0.92240        2.33450
H         -2.77230       -0.16050        0.59840
H         -4.86170       -2.85620        0.38960
H         -4.50540       -1.32520       -0.41590
H         -5.92850       -1.45230        0.61530
H         -4.54720       -3.03040        2.97920
H         -3.97990       -1.61850        3.88180
H         -5.61160       -1.62630        3.20330

