HF BASIS=def2-svp cutoff=1.0e-9 denserms=1.0e-6  zmake GRADIENT DIPOLE CHARGE=0

C         -1.90220       -5.86250        1.45360
O         -1.43900       -5.33170        0.21830
C         -0.87960       -4.08480        0.24910
C         -0.71950       -3.28390        1.38080
C         -0.12610       -2.01910        1.27320
C          0.31770       -1.55060        0.03000
C          0.14260       -2.34790       -1.10550
C         -0.44860       -3.60860       -0.99150
C          0.94950       -0.21110       -0.13160
O          0.93020        0.35410       -1.22240
N          1.56820        0.30730        0.99760
N          2.40290        1.43390        0.81170
C          3.75590        1.17280        0.65140
O          4.25650        0.08560        0.94580
C          4.57580        2.32880        0.10970
S          4.47190        2.38600       -1.70710
C          2.88840        3.04950       -1.89120
N          2.29900        3.84040       -1.02690
N          1.01720        4.04670       -1.46430
C          0.83000        3.34070       -2.56730
N          2.02470        2.73370       -2.90040
C          2.29740        1.92030       -4.05710
C         -0.42470        3.24470       -3.29920
C         -0.99660        2.02110       -3.63560
N         -2.15170        1.88360       -4.33250
C         -2.78810        3.02310       -4.67840
C         -2.32220        4.28960       -4.36550
C         -1.12390        4.39780       -3.66280
H         -2.70380       -5.24520        1.87240
H         -1.07910       -5.97960        2.16620
H         -2.31570       -6.85620        1.25640
H         -1.05250       -3.60930        2.36120
H         -0.04360       -1.40730        2.16770
H          0.46740       -1.99610       -2.08210
H         -0.57730       -4.22440       -1.87900
H          1.92690       -0.35510        1.68390
H          1.97630        2.20950        0.29440
H          5.62090        2.16550        0.39270
H          4.26280        3.27170        0.56890
H          3.32310        2.09190       -4.39270
H          1.62530        2.19690       -4.87260
H          2.15530        0.87170       -3.78530
H         -0.53720        1.08130       -3.33870
H         -3.71650        2.88750       -5.22610
H         -2.87940        5.17260       -4.65770
H         -0.73860        5.37990       -3.39760

