HF BASIS=def2-svp cutoff=1.0e-9 denserms=1.0e-6  zmake GRADIENT DIPOLE CHARGE=0

C         -0.96080       -1.13190        3.62940
C         -2.02850       -0.58340        2.67940
C         -2.62090       -1.70260        1.81900
C         -1.48680        0.55020        1.82540
C         -0.43350        0.34680        0.91390
C          0.06110        1.38700        0.12730
O          1.07270        1.30550       -0.78060
C          1.67250        0.09690       -1.30670
C          0.63260       -0.88690       -1.89810
C         -0.30240       -0.21880       -2.91360
C          0.43090        0.62790       -3.92130
C         -0.35780        1.05560       -5.12390
C          1.71440        0.98270       -3.74160
C          2.51980        0.61880       -2.51850
C          2.61670       -0.54330       -0.22530
C          3.27610       -1.86090       -0.65070
C          3.69840        0.42960        0.27070
C         -0.50120        2.67040        0.26200
C          0.00390        3.81920       -0.56900
C         -1.54990        2.88090        1.16750
C         -2.03850        1.83000        1.94100
H         -0.54460       -0.33320        4.25340
H         -1.39050       -1.88810        4.29540
H         -0.13080       -1.59930        3.08840
H         -2.84350       -0.19200        3.30280
H         -1.85960       -2.19470        1.20400
H         -3.08360       -2.46900        2.45030
H         -3.39230       -1.31220        1.14590
H         -0.01530       -0.64780        0.84890
H          1.15410       -1.70740       -2.40890
H          0.02290       -1.36260       -1.12670
H         -1.04380        0.40230       -2.39800
H         -0.85800       -1.00850       -3.43430
H         -1.23570        1.63240       -4.81540
H          0.23180        1.68200       -5.80150
H         -0.69620        0.18040       -5.68770
H          2.22540        1.58310       -4.49060
H          3.25810       -0.12470       -2.83560
H          3.06730        1.52180       -2.21980
H          2.02320       -0.78220        0.66110
H          2.52880       -2.62660       -0.87770
H          3.89650       -2.25600        0.16200
H          3.92390       -1.73800       -1.52280
H          4.23860       -0.00230        1.12070
H          4.43650        0.64700       -0.50770
H          3.26340        1.37510        0.60880
H          1.06910        3.98630       -0.37870
H         -0.52360        4.74930       -0.33250
H         -0.14850        3.61200       -1.63330
H         -1.99370        3.86790        1.27480
H         -2.85290        2.02160        2.63580

