HF BASIS=def2-svp cutoff=1.0e-9 denserms=1.0e-6  zmake GRADIENT DIPOLE CHARGE=0

C         -5.99480        1.28430       -0.30710
O         -4.59450        1.04700       -0.16240
C         -3.97160        1.89190        0.70550
O         -4.53230        2.82220        1.27910
C         -2.45430        1.59120        0.83780
C         -2.03990        0.11220        0.60890
C         -1.20780        0.07250       -0.71210
C         -1.72030        1.33860       -1.43080
C         -1.71490        2.35480       -0.29230
C         -0.25320        2.70950        0.04220
C          0.59880        1.49140        0.43240
C          0.33560        0.26650       -0.47930
C          1.13540       -1.04010       -0.08900
C          0.82760       -1.51620        1.35740
C          2.67550       -0.79370       -0.09680
C          3.28210       -0.62110       -1.47990
C          2.99640       -1.84700       -2.33610
C          1.48780       -2.10400       -2.48840
C          1.28990       -3.38380       -3.31680
O          0.94590       -1.02610       -3.25160
C          0.78830       -2.21000       -1.08540
C         -0.74310       -2.40960       -1.16660
C         -1.51940       -1.16290       -1.56820
O         -1.99070        2.08820        2.11250
C         -2.54960        1.53350        3.22290
C         -2.02650        2.21040        4.45150
O         -3.34600        0.60600        3.22700
H         -6.39570        0.53440       -0.99460
H         -6.17200        2.27600       -0.73470
H         -6.50480        1.17860        0.65560
H         -2.91930       -0.53620        0.53320
H         -1.46930       -0.25670        1.45970
H         -1.08300        1.64320       -2.26900
H         -2.72840        1.19500       -1.83530
H         -2.24300        3.26950       -0.58540
H         -0.21340        3.45550        0.84450
H          0.20050        3.18440       -0.83770
H          0.40250        1.24370        1.47950
H          1.65130        1.78960        0.38200
H          0.73690        0.57210       -1.45380
H         -0.20540       -1.83300        1.49930
H          1.05440       -0.74440        2.09890
H          1.44050       -2.38870        1.61720
H          2.93960        0.06690        0.52680
H          3.17970       -1.65110        0.37200
H          4.36710       -0.49520       -1.38470
H          2.90620        0.28730       -1.96210
H          3.48380       -2.72360       -1.89040
H          3.45640       -1.68820       -3.31970
H          1.60000       -4.27560       -2.76310
H          1.87330       -3.33990       -4.24450
H          0.24850       -3.50420       -3.63170
H          1.39260       -1.00880       -4.11540
H          1.18900       -3.13210       -0.63610
H         -1.11910       -2.75700       -0.19750
H         -0.98890       -3.22070       -1.85970
H         -2.59280       -1.38960       -1.52700
H         -1.32830       -0.94140       -2.62350
H         -2.51400        1.78670        5.33410
H         -0.94900        2.04740        4.53300
H         -2.25270        3.27900        4.41080

