HF BASIS=def2-svp cutoff=1.0e-9 denserms=1.0e-6  zmake GRADIENT DIPOLE CHARGE=0

C          1.53030       -6.12270        1.02150
C          1.91190       -4.65520        1.10890
C          0.70070       -3.74180        1.13100
O         -0.45410       -4.15960        1.11640
C          0.99440       -2.28140        1.17580
C         -0.00190       -1.38480        1.22450
C          0.22060        0.05740        1.24580
C          0.80420        0.67170        2.30430
C          1.19260       -0.01200        3.59450
C          1.11150        2.15390        2.31690
C          1.00050        2.83010        0.95700
C         -0.24990        2.35760        0.23260
C         -0.24630        0.82430       -0.01170
C          0.70280        0.49890       -1.18730
C         -1.68500        0.44400       -0.43200
H          2.42710       -6.74960        1.00350
H          0.95280       -6.32530        0.11350
H          0.92070       -6.42240        1.88050
H          2.49080       -4.48450        2.02310
H          2.53090       -4.39050        0.24450
H          2.03520       -1.98140        1.16410
H         -1.03910       -1.71650        1.21570
H          0.78390       -1.02030        3.69770
H          0.81930        0.56180        4.45000
H          2.28270       -0.07510        3.67230
H          2.12600        2.31860        2.69990
H          0.42240        2.64130        3.01860
H          1.89380        2.61710        0.35840
H          0.96710        3.91760        1.09070
H         -0.34530        2.89690       -0.71830
H         -1.12610        2.63900        0.83340
H          1.74980        0.69790       -0.93400
H          0.45500        1.09730       -2.07170
H          0.63320       -0.55460       -1.48230
H         -2.38860        0.57210        0.39890
H         -1.75400       -0.59490       -0.77330
H         -2.03070        1.07380       -1.26050

