HF BASIS=def2-svp cutoff=1.0e-9 denserms=1.0e-6  zmake GRADIENT DIPOLE CHARGE=0

O          2.31070        0.11710       -0.90650
C          3.45880        0.40380       -0.25600
O          4.47600        0.64310       -0.88920
C          3.33620        0.43110        1.26350
N          2.00820        0.07750        1.74160
C          1.65670       -1.25050        1.90300
O          2.48780       -2.15440        1.87840
C          0.15640       -1.48580        2.14650
C         -0.14370       -2.93860        2.53710
S         -0.58870       -3.81710        0.99630
C         -0.97820       -2.31570        0.19510
N         -1.57430       -2.29370       -0.96000
C         -1.83130       -1.03150       -1.48340
C         -1.50990        0.12640       -0.88970
C         -0.82830        0.02940        0.43070
N         -0.52290        1.20760        0.91810
C         -1.00120        2.13700       -0.04850
C         -0.90700        3.51330        0.03740
C         -1.43030        4.27940       -1.01020
C         -2.03670        3.66540       -2.12260
C         -2.13240        2.27420       -2.21030
C         -1.61110        1.53530       -1.16750
N         -0.60210       -1.21810        0.93110
H          2.56750        0.11780       -1.85230
H          3.53200        1.45250        1.60160
H          4.07590       -0.25500        1.68600
H          1.25780        0.72570        1.49420
H         -0.15380       -0.82360        2.96470
H          0.67910       -3.44300        3.05080
H         -1.02370       -2.97160        3.18890
H         -2.32290       -1.02810       -2.45240
H         -0.44140        3.98360        0.89620
H         -1.36890        5.36490       -0.96450
H         -2.43620        4.28500       -2.92330
H         -2.59940        1.80040       -3.06650

