HF BASIS=def2-svp cutoff=1.0e-9 denserms=1.0e-6  zmake GRADIENT DIPOLE CHARGE=0

O         -2.38850        2.06750       -0.56620
C         -1.91010        0.78440       -0.94950
O         -1.58140        0.07150        0.22660
C         -1.09900       -1.25270       -0.05210
C         -0.82450       -1.95870        1.28780
O          0.22590       -1.28390        2.00870
C         -0.16430       -0.33780        2.90610
O         -1.31280       -0.13740        3.28010
C          1.02060        0.40620        3.43350
C          1.75350        1.17330        2.38240
O          2.86140        1.76570        2.87910
O          1.46170        1.31520        1.20720
C          0.16340       -1.21840       -0.93850
O          0.51330       -2.54850       -1.34450
C         -0.05860       -0.36180       -2.18970
O         -0.93080       -1.08120       -3.08860
C         -0.67750        0.98750       -1.84260
O         -1.04520        1.66170       -3.05860
H         -3.00140        1.87270        0.16500
H         -2.72400        0.28510       -1.48860
H         -1.89590       -1.81570       -0.55610
H         -1.73850       -2.01040        1.89070
H         -0.49020       -2.98770        1.11960
H          0.67000        1.11340        4.19300
H          1.69470       -0.31300        3.90980
H          3.24850        2.24250        2.11430
H          1.00760       -0.80090       -0.38050
H          0.01590       -2.70340       -2.17540
H          0.88130       -0.23210       -2.73800
H         -1.14180       -0.43030       -3.79220
H          0.06150        1.61130       -1.32600
H         -1.52380        2.46230       -2.75930

