HF BASIS=def2-svp cutoff=1.0e-9 denserms=1.0e-6  zmake GRADIENT DIPOLE CHARGE=0

C          1.81930       -3.19510        1.75230
C          1.71610       -2.20590        0.59790
O          0.44140       -1.55810        0.69910
C          0.22240       -0.56730       -0.31030
O          1.14070        0.53130       -0.21090
C          0.72250        1.45310        0.73390
C         -0.09990        2.48450        0.45410
O         -0.54260        3.41570        1.37740
C         -0.09880        3.31650        2.67090
C         -0.57530        4.26360        3.57740
C         -0.15580        4.21600        4.90440
O         -0.64390        5.16120        5.75790
C          0.73170        3.23700        5.34140
C          1.20490        2.29490        4.43040
O          2.07640        1.35720        4.91570
C          0.78990        2.33180        3.09340
C          1.27320        1.35440        2.11020
O          2.10380        0.51340        2.44130
C         -0.65400        2.69820       -0.89480
C          0.18630        2.88690       -2.00150
C         -0.35310        3.06540       -3.27610
C         -1.73130        3.05910       -3.44600
O         -2.21300        3.23030       -4.70880
C         -2.58410        2.88790       -2.36070
C         -2.04370        2.71140       -1.08440
C          0.31360       -1.17060       -1.72680
O         -0.79530       -2.08770       -1.90450
C         -1.18120       -2.29970       -3.19120
C         -2.33060       -3.25600       -3.24350
O         -0.64850       -1.79650       -4.17220
C          1.65680       -1.89820       -1.89190
O          1.77070       -2.60940       -3.13740
C          1.87450       -2.90650       -0.75800
O          3.17720       -3.48500       -0.89610
H          2.79390       -3.69170        1.77020
H          1.67320       -2.67880        2.70680
H          1.03800       -3.96000        1.68700
H          2.51290       -1.46530        0.72890
H         -0.80930       -0.22060       -0.17060
H         -1.26670        5.03690        3.25480
H         -0.23820        5.03380        6.63270
H          1.06310        3.19070        6.37440
H          2.34490        0.77160        4.17030
H          1.26680        2.89950       -1.88140
H          0.29900        3.21080       -4.13270
H         -3.18100        3.16240       -4.68680
H         -3.66190        2.89200       -2.48520
H         -2.71480        2.57900       -0.23820
H          0.23950       -0.36110       -2.46380
H         -1.98540       -4.26000       -2.98640
H         -3.11690       -2.93380       -2.55680
H         -2.74270       -3.26850       -4.25630
H          2.47390       -1.16760       -1.89130
H          1.29060       -2.09800       -3.82290
H          1.15060       -3.72510       -0.85340
H          3.25090       -3.72290       -1.84350

