HF BASIS=def2-svp cutoff=1.0e-9 denserms=1.0e-6  zmake GRADIENT DIPOLE CHARGE=0

C          0.26860        0.91690        4.31630
C         -0.92310        1.82790        4.15540
C         -1.21850        2.15450        2.70620
C         -0.56860        3.21370        2.05890
O          0.34510        3.95580        2.75340
C         -0.84370        3.52940        0.72790
C         -1.77160        2.77420        0.00670
C         -2.41290        1.68750        0.61060
C         -3.37840        0.82570       -0.13940
O         -4.27200        0.29760        0.52740
C         -3.21320        0.59670       -1.64940
C         -4.61000        0.42640       -2.31160
C         -5.25190       -0.95210       -2.00100
C         -4.28830       -2.11150       -1.88200
C         -4.91410       -3.46920       -1.74540
C         -2.95490       -1.94370       -1.88670
C         -2.28370       -0.59480       -1.99560
C         -0.89730       -0.48470       -1.36210
C          0.13510        0.24650       -1.97800
O         -0.00190        0.93470       -3.15330
C          1.40660        0.34720       -1.40180
C          1.68900       -0.26940       -0.18220
C          0.66400       -0.94870        0.47660
C         -0.60260       -1.04980       -0.10670
O         -1.58980       -1.69120        0.58900
C          3.00970       -0.18520        0.45070
C          4.15670       -0.34720       -0.22760
C          5.46330       -0.29150        0.43710
C          5.89610       -1.25830        1.35820
O          5.14510       -2.35540        1.68760
C          7.13970       -1.15390        1.97950
C          7.96820       -0.08310        1.66530
O          9.19620        0.05710        2.24010
C          7.56950        0.87850        0.74480
C          6.31830        0.77650        0.13130
C         -4.52750        0.77830       -3.80430
C         -4.50910        2.12520       -4.20680
O         -4.55970        3.10160       -3.24940
C         -4.41950        2.48620       -5.55030
C         -4.33590        1.49170       -6.51480
O         -4.23980        1.87920       -7.81860
C         -4.34110        0.15010       -6.15620
C         -4.43660       -0.20270       -4.80650
C         -2.14130        1.39650        1.96460
O         -2.75470        0.34290        2.60500
C          1.22760        0.98590        5.26300
C          1.24050        1.97750        6.39770
C          2.37930        0.01440        5.26640
O          3.59320        0.72880        5.08660
H          0.33640        0.13080        3.56530
H         -1.79480        1.34620        4.61450
H         -0.79680        2.76950        4.69800
H          0.73750        4.61840        2.16130
H         -0.34680        4.36200        0.23790
H         -1.97730        3.06670       -1.01820
H         -2.75870        1.49780       -2.06800
H         -5.30340        1.15970       -1.87370
H         -6.02220       -1.18360       -2.74840
H         -5.78880       -0.88150       -1.04620
H         -5.47760       -3.71720       -2.65070
H         -4.16650       -4.25250       -1.58710
H         -5.59830       -3.48610       -0.89060
H         -2.30200       -2.81270       -1.81450
H         -2.10050       -0.55100       -3.07780
H         -0.88610        0.82630       -3.53690
H          2.17040        0.92560       -1.91760
H          0.85560       -1.40830        1.44230
H         -1.33220       -1.78190        1.51940
H          3.01770       -0.01110        1.52460
H          4.17890       -0.52710       -1.29950
H          4.36120       -2.36530        1.11340
H          7.44040       -1.91500        2.69090
H          9.31730       -0.66430        2.88180
H          8.23140        1.70560        0.50520
H          6.01640        1.54070       -0.58130
H         -4.69620        3.95850       -3.68860
H         -4.40490        3.52590       -5.85830
H         -4.20140        1.08540       -8.37720
H         -4.27060       -0.63440       -6.90360
H         -4.43190       -1.26100       -4.55570
H         -3.49820        0.03950        2.03540
H          0.29810        2.52080        6.50340
H          2.04120        2.71140        6.25560
H          1.40750        1.45880        7.34730
H          2.42630       -0.52570        6.21870
H          2.30300       -0.73090        4.46590
H          3.45550        1.32280        4.32840

