HF BASIS=def2-svp cutoff=1.0e-9 denserms=1.0e-6  zmake GRADIENT DIPOLE CHARGE=0

O         -3.98900       -4.62290        3.79330
C         -4.09240       -3.27820        3.84590
O         -4.94480       -2.74490        4.53560
C         -2.99980       -2.59020        3.01020
O         -2.48300       -3.49120        2.02480
C         -3.60420       -1.39170        2.27080
C         -2.53770       -0.51820        1.60250
O         -3.21760        0.63420        1.05160
C         -2.71910        1.13000       -0.10920
O         -1.81980        0.64690       -0.77950
C         -3.41630        2.39300       -0.46190
C         -3.36320        2.82550       -1.79620
C         -3.98940        4.01140       -2.14940
O         -3.93710        4.43720       -3.44490
C         -4.65310        4.77190       -1.19420
O         -5.24880        5.94260       -1.57190
C         -4.69690        4.35200        0.13150
O         -5.34450        5.15330        1.03080
C         -4.08330        3.16300        0.50980
C         -1.50720       -0.06040        2.65380
O         -0.48210        0.74630        2.02800
C         -0.57840        2.08690        2.19270
O         -1.42490        2.67610        2.84580
C          0.52690        2.75750        1.46800
C          0.95910        4.00920        1.93380
C          1.98830        4.65870        1.26960
O          2.42820        5.86610        1.73250
C          2.57680        4.08590        0.14650
O          3.58510        4.75420       -0.49190
C          2.14250        2.85070       -0.32390
O          2.75040        2.34310       -1.44020
C          1.11850        2.17440        0.32940
C         -0.82270       -1.27090        3.30840
C         -1.86620       -2.18280        3.96430
O         -0.09540       -1.98080        2.28250
C          0.90120       -2.79830        2.69380
O          1.23880       -2.99060        3.84900
C          1.54910       -3.43790        1.51890
C          2.80700       -4.02950        1.69810
C          3.43640       -4.64720        0.62400
O          4.64840       -5.23140        0.84270
C          2.82630       -4.67260       -0.62770
O          3.46620       -5.33620       -1.67750
C          3.95540       -4.46940       -2.63680
O          4.05010       -3.25250       -2.55740
C          4.42350       -5.23900       -3.82610
C          4.94260       -4.50940       -4.91330
C          5.39150       -5.18140       -6.04530
O          5.90370       -4.52090       -7.12740
C          5.33160       -6.56860       -6.10040
O          5.76900       -7.24110       -7.20770
C          4.82270       -7.29120       -5.02970
O          4.76350       -8.65370       -5.09110
C          4.36450       -6.64110       -3.89080
C          1.55960       -4.11590       -0.80500
O          0.95570       -4.20760       -2.02640
C          0.92060       -3.48700        0.26140
H         -4.71050       -4.93910        4.37990
H         -2.58190       -4.39200        2.40610
H         -4.30720       -1.73920        1.50200
H         -4.20190       -0.76900        2.95040
H         -2.05460       -1.08580        0.79750
H         -2.83960        2.24540       -2.55270
H         -4.41780        5.28930       -3.44740
H         -5.62760        6.29960       -0.74160
H         -5.20930        4.78390        1.92260
H         -4.09660        2.84460        1.54920
H         -2.01720        0.51760        3.43630
H          0.50530        4.46830        2.81010
H          3.13300        6.12430        1.10410
H          3.82950        4.16520       -1.23840
H          2.33950        1.48300       -1.64780
H          0.76760        1.21280       -0.03660
H         -0.10830       -0.90360        4.05590
H         -1.37560       -3.08840        4.34410
H         -2.28530       -1.65400        4.82960
H          3.29480       -4.01400        2.66980
H          4.93570       -5.62590        0.00050
H          4.98790       -3.42470       -4.85690
H          5.88250       -3.56440       -6.94530
H          6.07560       -6.53620       -7.81580
H          5.12750       -8.87860       -5.97100
H          3.96160       -7.23770       -3.07760
H          0.10210       -3.73850       -1.99800
H         -0.06430       -3.04980        0.12600

