HF BASIS=def2-svp cutoff=1.0e-9 denserms=1.0e-6  zmake GRADIENT DIPOLE CHARGE=0

C         -0.05190       -0.13450       -5.35190
C         -1.17730        0.80610       -5.80240
O         -2.16140        0.90440       -4.75650
C         -2.55940        2.15380       -4.39780
O         -2.11510        3.19650       -4.85690
C         -3.67530        2.05760       -3.38250
C         -3.57460        3.15200       -2.32600
C         -4.66050        2.98230       -1.26300
C         -4.48680        3.95840       -0.09910
C         -5.53120        3.69650        0.98480
C         -5.30020        4.49890        2.26880
C         -4.09450        4.00680        3.07770
C         -4.06080        4.65700        4.46650
C         -2.91610        4.14300        5.35100
C         -3.07490        2.69360        5.71480
C         -2.14100        1.73330        5.62260
C         -0.72400        1.93390        5.15560
C          0.13970        0.67010        5.26420
C         -0.26810       -0.40860        4.25980
C          0.63850       -1.63650        4.32310
C          0.23880       -2.65700        3.25490
C          1.11080       -3.89880        3.31130
C          1.00290       -0.25310       -6.45880
O          1.98020       -1.23200       -6.13390
P          3.38870       -0.76570       -5.52030
O          2.98480       -0.40320       -4.01660
O          4.01990        0.35430       -6.27770
O          4.18880       -2.12450       -5.37790
P          5.76270       -2.27250       -5.29990
O          6.28810       -1.76110       -6.71880
O          6.24620       -3.65870       -5.01730
O          6.28260       -1.15920       -4.27550
C          6.17980       -1.47130       -2.89670
C          5.87430       -0.21680       -2.09040
O          5.50390       -0.57700       -0.74680
C          5.68370        0.61600        0.02810
C          6.95110        1.28120       -0.52980
O          6.95790        2.70610       -0.45490
C          6.99510        0.82550       -1.98570
O          8.29140        0.29680       -2.27150
N          5.78280        0.31140        1.44910
C          6.05020       -0.95880        1.90910
C          6.18090       -1.20160        3.21160
C          6.00440       -0.04240        4.10710
N          6.09980       -0.21240        5.45740
N          5.74800        1.15700        3.67580
C          5.67200        1.39040        2.32830
O          5.53770        2.53190        1.89070
O         -0.63080       -1.44350       -5.11060
C         -0.00020       -2.22120       -4.19000
O          0.95340       -1.86920       -3.50240
C         -0.60770       -3.59670       -4.14310
C         -1.15230       -3.91010       -2.75520
C         -1.62530       -5.36300       -2.67510
C         -2.12230       -5.76770       -1.28760
C         -3.40630       -5.05240       -0.87220
C         -3.94110       -5.61720        0.44420
C         -5.21330       -4.89600        0.89100
C         -5.68390       -5.40790        2.25410
C         -6.91270       -4.69080        2.71790
C         -6.95860       -3.52330        3.38350
C         -5.79890       -2.65610        3.78710
C         -5.87560       -1.30870        3.12170
C         -4.93880       -0.69700        2.37740
C         -3.57150       -1.19700        2.01770
C         -3.26470       -0.94950        0.56380
C         -2.45040       -0.01350        0.04220
C         -1.68420        1.04720        0.78750
C         -0.17650        0.99000        0.53890
C          0.22940        1.59640       -0.80470
C          1.75260        1.61830       -0.96690
C          2.17180        2.35730       -2.22720
H          0.38220        0.24860       -4.42160
H         -1.69190        0.38700       -6.67520
H         -0.76310        1.78250       -6.08100
H         -4.62770        2.11260       -3.91760
H         -3.62130        1.07920       -2.89450
H         -2.58290        3.11680       -1.85900
H         -3.66590        4.14020       -2.79280
H         -5.64750        3.12110       -1.72120
H         -4.63210        1.95550       -0.87630
H         -4.58080        4.98830       -0.46100
H         -3.48020        3.85690        0.31200
H         -5.56250        2.62990        1.23220
H         -6.52160        3.95400        0.58730
H         -6.20350        4.40750        2.88770
H         -5.18450        5.56420        2.03220
H         -4.14110        2.91830        3.17160
H         -3.16760        4.24840        2.55200
H         -3.95640        5.74260        4.35070
H         -5.01720        4.48500        4.97750
H         -2.91870        4.72320        6.28140
H         -1.95990        4.33960        4.85730
H         -4.05660        2.40830        6.09690
H         -2.42750        0.72930        5.92170
H         -0.72160        2.28810        4.11770
H         -0.25620        2.71100        5.77390
H          0.09010        0.26850        6.28190
H          1.18500        0.94960        5.08090
H         -0.22850        0.00970        3.25090
H         -1.30240       -0.72360        4.44570
H          1.68200       -1.33430        4.17390
H          0.56770       -2.09280        5.31710
H         -0.80810       -2.94670        3.39010
H          0.32310       -2.20330        2.26200
H          1.01170       -4.40120        4.27750
H          2.16610       -3.64530        3.16080
H          0.81370       -4.60290        2.52800
H          0.52790       -0.59480       -7.38220
H          1.47210        0.71180       -6.66500
H          2.33730       -1.04760       -3.63900
H          7.12200       -2.20040       -6.96210
H          5.38300       -2.20520       -2.72900
H          7.10620       -1.94750       -2.56260
H          4.99940        0.28530       -2.51910
H          4.80860        1.26200       -0.13260
H          7.84120        0.92660        0.00750
H          6.47470        2.97120        0.36050
H          6.81750        1.64040       -2.69610
H          8.90340        1.05700       -2.25760
H          6.15460       -1.75610        1.17990
H          6.37850       -2.18210        3.61680
H          6.16470        0.65970        5.97430
H          6.67590       -0.95780        5.81500
H         -1.40430       -3.67980       -4.88940
H          0.17570       -4.30550       -4.43440
H         -1.97540       -3.22340       -2.53340
H         -0.38290       -3.72980       -1.99730
H         -0.78880       -6.02180       -2.94370
H         -2.41380       -5.54090       -3.41540
H         -2.29980       -6.84980       -1.29100
H         -1.33610       -5.58110       -0.54800
H         -3.21710       -3.98100       -0.75300
H         -4.16560       -5.16440       -1.65520
H         -3.17110       -5.52460        1.22060
H         -4.15030       -6.68670        0.32400
H         -5.02160       -3.81900        0.94510
H         -6.00290       -5.04370        0.14380
H         -5.90970       -6.47790        2.18630
H         -4.88220       -5.31940        2.99630
H         -7.85690       -5.18190        2.48830
H         -7.94140       -3.14580        3.66850
H         -5.84530       -2.50620        4.87170
H         -4.84250       -3.14720        3.59530
H         -6.80620       -0.76600        3.29340
H         -5.17580        0.30420        2.01440
H         -2.84150       -0.70480        2.66710
H         -3.46350       -2.27110        2.20210
H         -3.77040       -1.62400       -0.12590
H         -2.35660        0.01320       -1.04210
H         -1.86440        0.97180        1.86250
H         -2.07100        2.02730        0.49520
H          0.18260       -0.04150        0.61000
H          0.31900        1.55630        1.33640
H         -0.21090        1.02490       -1.63170
H         -0.15790        2.61910       -0.87560
H          2.21230        2.10870       -0.09950
H          2.13780        0.59260       -1.00280
H          1.84290        3.40040       -2.19760
H          1.74760        1.88890       -3.11910
H          3.26360        2.35050       -2.32690

