HF BASIS=def2-svp cutoff=1.0e-9 denserms=1.0e-6  zmake GRADIENT DIPOLE CHARGE=0

C         -1.43060        4.26430       -1.95420
O         -1.02290        3.06130       -1.31880
C         -0.57120        3.29670        0.01010
O          0.70310        3.96470       -0.00340
C          1.67080        2.91680       -0.23420
C          1.18320        1.77930        0.66720
O          1.70670        1.98220        1.99710
C          1.62420        0.39820        0.17050
O          3.01930        0.22950        0.45970
C          0.82440       -0.71660        0.87260
C          1.20070       -2.11780        0.36240
C          0.19420       -2.46470       -0.75980
C         -0.53120       -3.77990       -0.43400
C          0.89760       -2.60980       -2.11430
C         -0.80430       -1.28980       -0.78650
C         -0.68570       -0.62580        0.59160
C         -1.27420        0.77910        0.64700
C         -2.64000        0.91710        0.00880
C         -1.09190        1.56590        1.92450
C         -0.30740        1.97230        0.68600
H         -2.25850        4.72650       -1.40790
H         -0.59430        4.96480       -2.03690
H         -1.77590        4.01840       -2.96210
H         -1.29140        3.90620        0.56780
H          1.65140        2.66250       -1.29980
H          2.66240        3.29000        0.03700
H          1.49360        2.90490        2.23150
H          1.50440        0.32330       -0.91540
H          3.12430        0.54940        1.37980
H          1.02720       -0.67100        1.95020
H          1.10430       -2.82750        1.19430
H          2.24170       -2.17660        0.02730
H         -1.26150       -4.03090       -1.21150
H          0.17750       -4.61230       -0.35960
H         -1.07020       -3.71400        0.51780
H          1.61350       -3.43920       -2.09980
H          0.17480       -2.80330       -2.91470
H          1.45010       -1.70120       -2.37730
H         -0.54920       -0.57260       -1.57720
H         -1.82960       -1.62240       -0.98540
H         -1.21950       -1.24700        1.32430
H         -2.57750        0.80670       -1.07810
H         -3.31760        0.14850        0.39560
H         -3.09770        1.89060        0.21580
H         -1.89560        2.21280        2.26230
H         -0.57320        1.09060        2.75160

