HF BASIS=def2-svp cutoff=1.0e-9 denserms=1.0e-6  zmake GRADIENT DIPOLE CHARGE=0

C          4.37340        2.16320        1.79660
O          3.83720        1.49960        0.65910
C          2.55810        1.02000        0.76560
C          1.73930        1.12570        1.88910
C          0.44000        0.59410        1.88420
C         -0.04510       -0.05470        0.73090
C          0.79270       -0.14660       -0.37720
N          0.09610       -0.81350       -1.35620
C         -1.16370       -1.15670       -0.92090
C         -1.27980       -0.69190        0.38840
C         -2.48320       -0.91520        1.07160
C         -3.47290       -1.59020        0.37720
N         -3.35530       -2.03840       -0.89130
C         -2.19770       -1.83470       -1.57660
C         -2.11340       -2.34870       -2.97850
C          2.09100        0.37820       -0.38840
H          4.43600        1.48660        2.65540
H          5.39080        2.48100        1.54920
H          3.79460        3.06030        2.03980
H          2.07590        1.61750        2.79570
H         -0.18620        0.68430        2.76700
H          0.46270       -1.02270       -2.27310
H         -2.63830       -0.58030        2.08920
H         -4.43110       -1.79730        0.84620
H         -1.29810       -3.07330       -3.06530
H         -1.93030       -1.52230       -3.67200
H         -3.04510       -2.84280       -3.27100
H          2.72670        0.29460       -1.26440

