HF BASIS=def2-svp cutoff=1.0e-9 denserms=1.0e-6  zmake GRADIENT DIPOLE CHARGE=0

C         -1.00490       -1.94540        2.83460
N         -0.10120       -1.12550        2.03910
C          0.52140       -1.91680        0.96830
C          1.45650       -1.07180        0.08760
C          0.73480       -0.08220       -0.77840
C          0.22990       -0.31640       -2.04320
N         -0.35030        0.83720       -2.49690
C         -0.23930        1.82990       -1.55210
C          0.44190        1.28490       -0.46290
C          0.69110        2.10640        0.65760
C          0.24610        3.42970        0.63510
O          0.45990        4.25950        1.69890
C         -0.42860        3.95070       -0.46070
C         -0.68540        3.15710       -1.58200
H         -1.45260       -1.33310        3.62350
H         -0.46940       -2.76790        3.31960
H         -1.81700       -2.35580        2.22560
H         -0.63470       -0.36610        1.60950
H          1.11530       -2.72060        1.42000
H         -0.25120       -2.38240        0.34350
H          2.19610       -0.55530        0.71210
H          2.02850       -1.74930       -0.55980
H          0.23720       -1.20610       -2.65880
H         -0.79680        0.95120       -3.39620
H          1.21560        1.69980        1.51540
H          0.93120        3.75830        2.38500
H         -0.75970        4.98580       -0.44490
H         -1.21200        3.56240       -2.43950

