HF BASIS=def2-svp cutoff=1.0e-9 denserms=1.0e-6  zmake GRADIENT DIPOLE CHARGE=+1

C          1.94980       -0.80430        2.37740
O          2.43020       -0.73490        1.03750
C          1.68800        0.01590        0.15940
C          2.24430        0.19050       -1.11380
O          3.47570       -0.35050       -1.37780
C          3.38880       -1.44130       -2.31150
O          4.00050       -1.07930       -3.56410
C          5.41450       -0.81550       -3.41210
C          6.16180       -2.04780       -2.90030
O          5.98490       -3.14550       -3.81070
C          5.57180       -2.46730       -1.55280
O          6.19030       -3.69710       -1.13930
C          4.05810       -2.68480       -1.68400
O          3.52690       -3.02160       -0.39050
C          5.99540       -0.37100       -4.74890
O          5.08450       -0.42050       -5.75290
O          7.14280        0.02390       -4.90790
C          1.59110        0.94760       -2.07920
C          0.33440        1.48760       -1.78980
C         -0.28120        1.29790       -0.53640
C          0.43160        0.57180        0.43270
C         -1.63420        1.87640       -0.29160
C         -2.57370        1.38590        0.55210
O         -2.37160        0.26400        1.32610
C         -2.78070        0.28570        2.70240
O         -2.39110       -0.97270        3.28830
C         -2.86470       -1.13110        4.63480
C         -2.45890       -2.53500        5.09290
O         -1.04120       -2.67430        5.07070
C         -2.28180       -0.03710        5.54510
O         -2.79920       -0.11770        6.87840
C         -2.65610        1.33840        4.97560
O         -2.03160        2.36810        5.75690
C         -2.19690        1.46390        3.52330
O         -0.75900        1.46790        3.51260
C         -3.90120        1.97660        0.55720
C         -4.18540        3.05030       -0.19990
C         -5.48720        3.71170       -0.25210
O         -6.60830        3.17200        0.33460
C         -5.69670        4.92000       -1.01720
C         -4.67360        5.39310       -1.75410
O         -4.75730        6.50860       -2.55030
C         -3.37510        4.73440       -1.77440
C         -3.12640        3.62960       -1.04170
O         -1.88940        3.00460       -1.08150
H          1.01470       -1.36950        2.42580
H          1.83740        0.19550        2.81020
H          2.69640       -1.33770        2.97510
H          2.34320       -1.70230       -2.52080
H          5.53720        0.03850       -2.73330
H          7.24030       -1.86680       -2.82340
H          6.33740       -3.93090       -3.33760
H          5.79220       -1.72060       -0.77880
H          5.67990       -3.99920       -0.36150
H          3.87500       -3.55590       -2.32740
H          3.32720       -2.17700        0.07240
H          4.24870       -0.79300       -5.38990
H          2.04730        1.11910       -3.05070
H         -0.16420        2.06100       -2.56780
H         -0.00670        0.43890        1.41150
H         -3.87570        0.31260        2.73640
H         -3.96200       -1.08830        4.63880
H         -2.87190       -3.29200        4.41860
H         -2.80900       -2.74360        6.10790
H         -0.77560       -2.46870        4.15110
H         -1.18830       -0.10680        5.61140
H         -2.25000       -0.78430        7.34580
H         -3.73950        1.49720        5.04670
H         -2.26350        2.15990        6.68610
H         -2.50760        2.43000        3.11520
H         -0.50520        2.16310        4.15430
H         -4.66350        1.51570        1.16600
H         -6.50900        2.22830        0.53550
H         -6.67330        5.38830       -0.99160
H         -5.66000        6.86320       -2.47610
H         -2.60470        5.16290       -2.40770

