HF BASIS=def2-svp cutoff=1.0e-9 denserms=1.0e-6  zmake GRADIENT DIPOLE CHARGE=0

C         -0.83550       -1.14700        0.30060
C         -1.41880       -1.59130        1.63880
C         -1.00350       -3.07200        1.77490
C         -0.03830       -3.36360        0.60310
O         -0.83670       -3.92140       -0.45800
C          1.07640       -4.39490        0.85590
C          1.45430       -4.76230        2.26510
O          1.64480       -4.92750       -0.10510
C          0.48060       -1.95320        0.19330
C          1.57690       -1.47290        1.18150
C          0.98990       -1.79980       -1.25020
C          1.18180       -0.32270       -1.63990
C         -0.07830        0.55200       -1.39400
C         -0.64640        0.35360        0.04180
C         -1.96760        1.11780        0.19340
C         -1.78270        2.61760       -0.07230
C         -3.10400        3.34110        0.22740
C         -1.18310        2.85420       -1.46100
C         -1.73170        3.71620       -2.34010
C         -1.08650        4.06520       -3.62770
O         -1.65600        4.83080       -4.40160
C          0.29360        3.53410       -3.89200
C          0.43640        2.14330       -3.29780
C          0.11150        2.07110       -1.77430
C          1.27400        2.72330       -0.99080
H         -1.53490       -1.50750       -0.47130
H         -1.01080       -1.00360        2.46890
H         -2.50830       -1.48440        1.66420
H         -0.54900       -3.21160        2.75970
H         -1.89050       -3.71460        1.73020
H         -0.20590       -4.31620       -1.09490
H          2.31840       -5.43320        2.24500
H          0.62360       -5.28390        2.74630
H          1.73050       -3.87230        2.83300
H          1.85590       -0.42650        1.03400
H          2.49370       -2.05980        1.05500
H          1.27000       -1.56780        2.22740
H          0.28180       -2.24370       -1.96050
H          1.93680       -2.33690       -1.38150
H          1.45270       -0.29800       -2.70120
H          2.04050        0.08350       -1.09670
H         -0.84720        0.15620       -2.07780
H          0.05490        0.75900        0.77890
H         -2.72270        0.70500       -0.48910
H         -2.35280        0.97890        1.21110
H         -1.05800        3.00280        0.65800
H         -3.43730        3.12770        1.24940
H         -3.90120        3.02450       -0.45420
H         -2.98830        4.42750        0.14920
H         -2.64700        4.26500       -2.15240
H          0.44480        3.48020       -4.97580
H          1.02730        4.23300       -3.47900
H          1.45570        1.78980       -3.49380
H         -0.23690        1.46970       -3.84670
H          2.24480        2.32380       -1.30240
H          1.30880        3.80700       -1.15240
H          1.18880        2.56620        0.08870

