HF BASIS=def2-svp cutoff=1.0e-9 denserms=1.0e-6  zmake GRADIENT DIPOLE CHARGE=0

O         -0.36370        6.95880        0.45820
C         -0.21680        5.62700        0.18650
C         -0.24620        5.13390       -1.11100
C         -0.08680        3.75940       -1.32170
C          0.10030        2.87880       -0.24040
C          0.12990        3.39840        1.06240
C         -0.03020        4.76320        1.26180
O          0.00060        5.25780        2.53480
C          0.28270        1.42940       -0.48180
C         -0.58460        0.52260        0.03160
O         -1.68460        0.92090        0.78990
C         -0.46270       -0.97100       -0.16770
O         -1.29400       -1.72150        0.33260
C          0.66010       -1.38460       -0.95960
C          1.52990       -0.46110       -1.48630
O          2.51280       -1.06510       -2.20240
C          2.27210       -2.40640       -2.13290
C          1.12940       -2.65890       -1.37150
C          0.72170       -3.99300       -1.19010
C          1.48940       -4.99350       -1.78550
O          1.10740       -6.29610       -1.61930
C          2.62750       -4.70150       -2.53970
O          3.30910       -5.76080       -3.07990
C          3.05500       -3.39080       -2.73710
C          1.44970        0.96460       -1.33140
O          2.23480        1.76070       -1.83490
H         -0.46280        7.43020       -0.38690
H         -0.38420        5.78990       -1.96420
H         -0.09940        3.38190       -2.34260
H          0.27350        2.75250        1.92400
H         -0.13040        6.22090        2.42590
H         -2.15440        0.09790        1.04670
H         -0.15950       -4.24530       -0.60750
H          1.77520       -6.81600       -2.11000
H          4.07500       -5.41390       -3.57050
H          3.93050       -3.12750       -3.31490

