HF BASIS=def2-svp cutoff=1.0e-9 denserms=1.0e-6  zmake GRADIENT DIPOLE CHARGE=0

C          4.73940        0.34710       -6.23140
C          4.14280        0.06700       -4.87660
C          5.14520        0.02060       -3.75670
C          2.81700       -0.12830       -4.73760
C          2.05490       -0.38190       -3.46430
C          1.70100       -1.86830       -3.32350
C          0.91300       -2.20110       -2.03460
C          0.52510       -3.68780       -2.05550
O         -0.32520       -1.46520       -2.09340
C         -0.69880       -0.69200       -1.03050
C          0.08460       -0.49430        0.11410
C          1.38450       -1.15280        0.19640
C          1.76090       -1.94780       -0.80870
C         -0.40100        0.33500        1.14450
C         -1.65100        0.94740        1.01270
C         -2.41960        0.74160       -0.13640
O         -3.64860        1.31280       -0.32540
C         -1.94470       -0.07440       -1.15530
C         -2.13390        1.80710        2.10200
O         -3.22490        2.36150        2.02390
C         -1.26330        1.96890        3.26970
C         -0.04240        1.30450        3.27720
O          0.40040        0.50330        2.25480
C          0.79610        1.44990        4.38370
O          2.00770        0.81990        4.44570
C          0.42550        2.24430        5.46530
C         -0.80220        2.90730        5.44800
C         -1.65130        2.77130        4.34860
H          5.25570        1.31260       -6.22500
H          5.46100       -0.43240       -6.49700
H          3.98130        0.38110       -7.02090
H          5.57980        1.01300       -3.59920
H          4.72050       -0.31610       -2.80820
H          5.95450       -0.67440       -4.00520
H          2.18930       -0.08660       -5.62820
H          2.61510       -0.02850       -2.59410
H          1.14030        0.22250       -3.49630
H          2.61930       -2.47000       -3.36520
H          1.09540       -2.15530       -4.19470
H          1.40410       -4.34140       -2.08090
H         -0.09940       -3.91630       -2.92730
H         -0.07270       -3.94940       -1.17380
H          2.02180       -0.99890        1.05860
H          2.72380       -2.45030       -0.75560
H         -3.85720        1.85960        0.46630
H         -2.54400       -0.23080       -2.04850
H          2.11070        0.31180        3.62120
H          1.09130        2.34600        6.31850
H         -1.09640        3.52900        6.29040
H         -2.60880        3.28810        4.33470

