HF BASIS=def2-svp cutoff=1.0e-9 denserms=1.0e-6  zmake GRADIENT DIPOLE CHARGE=0

C         -3.70660        1.61500        2.86080
C         -2.74390        1.70150        1.66230
C         -2.37410        3.20290        1.48900
C         -1.90940        3.61690        0.07820
O         -2.25980        4.98000       -0.15110
C         -0.44310        3.41020       -0.20150
C          0.62300        4.20930        0.01810
C          2.01170        3.78540       -0.36710
C          0.49760        5.52190        0.69240
O          1.53050        6.33090        0.41540
O         -0.40270        5.87820        1.43340
C         -1.49100        0.78380        1.78350
C         -0.91130        0.62170        3.18790
C         -0.05270       -0.64110        3.15060
C         -0.24750       -1.33050        1.76270
C         -0.32160       -2.85690        2.02230
C          0.97050       -0.98630        0.80900
C          2.28940       -1.65950        1.24690
C          3.43920       -1.33040        0.30200
C          3.20180       -2.02130       -1.04790
C          1.82530       -1.68740       -1.64090
C          1.32840       -0.26510       -1.65210
C          0.68100       -1.24850       -0.68910
C         -0.75680       -1.60590       -1.00800
C         -1.70780       -0.64800       -0.31060
C         -1.59740       -0.68340        1.23440
C         -2.84660       -1.41550        1.77140
C          1.52190       -2.53530       -2.86250
C          2.60540       -2.36920       -3.92100
C          3.99360       -2.68010       -3.36140
O          4.96310       -2.47480       -4.39060
C          4.35160       -1.83940       -2.09750
C          5.68590       -2.37960       -1.52750
C          4.58970       -0.35900       -2.46710
H         -3.98160        0.59110        3.11500
H         -4.63910        2.14890        2.64100
H         -3.27680        2.07790        3.75640
H         -3.31140        1.40030        0.77310
H         -1.62680        3.49160        2.23980
H         -3.26310        3.80780        1.72180
H         -2.47790        3.05350       -0.66980
H         -1.91530        5.49070        0.61080
H         -0.24670        2.45080       -0.67650
H          2.70520        3.90990        0.47180
H          2.37190        4.37200       -1.21670
H          2.05000        2.73140       -0.65560
H          1.32430        7.15840        0.89430
H         -0.69700        1.26060        1.20190
H         -0.31100        1.49570        3.46650
H         -1.67920        0.49720        3.95950
H          0.99160       -0.38900        3.35560
H         -0.37040       -1.29760        3.97200
H         -0.38540       -3.44050        1.10200
H          0.55380       -3.20890        2.57850
H         -1.17630       -3.13110        2.64860
H          1.14080        0.09560        0.89850
H          2.18440       -2.74860        1.27540
H          2.56860       -1.34100        2.25550
H          4.36530       -1.69890        0.75540
H          3.54080       -0.24530        0.20290
H          3.16210       -3.09910       -0.82300
H          1.96910        0.51610       -1.26230
H          0.75660        0.07810       -2.51090
H         -0.97040       -2.64450       -0.74380
H         -0.95860       -1.52890       -2.08220
H         -1.50350        0.36160       -0.68790
H         -2.73290       -0.86760       -0.63580
H         -2.90550       -2.43610        1.37450
H         -2.85160       -1.47890        2.86370
H         -3.77160       -0.92040        1.45800
H          0.56480       -2.27530       -3.32240
H          1.45060       -3.58640       -2.55750
H          2.39460       -3.03260       -4.77030
H          2.58300       -1.35370       -4.33510
H          4.03170       -3.74660       -3.10110
H          4.68690       -2.99210       -5.16550
H          6.05880       -1.75550       -0.70730
H          6.47130       -2.39850       -2.29060
H          5.56770       -3.40120       -1.14770
H          4.83520        0.24060       -1.58480
H          5.43260       -0.25330       -3.16100
H          3.72040        0.09720       -2.94830

