HF BASIS=def2-svp cutoff=1.0e-9 denserms=1.0e-6  zmake GRADIENT DIPOLE CHARGE=0

C         -4.07670       -1.75240       -3.48640
C         -4.05100       -2.63480       -2.26700
O         -3.63570       -3.79280       -2.32370
C         -4.58280       -2.03830       -0.97870
C         -3.61740       -2.25020        0.18400
C         -2.34480       -1.45140        0.03200
C         -1.17200       -2.06690       -0.42240
C          0.01010       -1.33440       -0.57550
C          0.03400        0.02500       -0.27890
O          1.11910        0.85310       -0.36190
C          2.37320        0.28700       -0.76910
O          2.90240       -0.64080        0.19540
C          3.14190       -0.04010        1.47830
C          3.58230       -1.16890        2.41550
O          4.76820       -1.79100        1.91060
C          4.18720        1.08600        1.37620
O          5.51290        0.63410        1.04330
C          3.77140        2.10210        0.30240
O          4.86490        3.00610        0.05700
C          3.36700        1.43770       -1.02310
O          4.52300        0.95590       -1.72700
C         -1.13850        0.64530        0.16180
C         -2.31990       -0.08380        0.31830
H         -5.10430       -1.44270       -3.69240
H         -3.69280       -2.30260       -4.35040
H         -3.44580       -0.87670       -3.31610
H         -4.78400       -0.97150       -1.12780
H         -5.54280       -2.52330       -0.76870
H         -3.37610       -3.31550        0.29770
H         -4.10590       -1.95330        1.12220
H         -1.16900       -3.12800       -0.66280
H          0.89290       -1.86560       -0.92120
H          2.25000       -0.25570       -1.71470
H          2.19930        0.36970        1.86310
H          3.79010       -0.79450        3.42280
H          2.81010       -1.94150        2.48060
H          4.53080       -2.09640        1.00990
H          4.28440        1.59320        2.34370
H          5.62940       -0.25650        1.44130
H          2.92610        2.69300        0.67720
H          5.66630        2.50030        0.31950
H          2.90900        2.19420       -1.67030
H          5.19070        1.66390       -1.64580
H         -1.13340        1.70760        0.39050
H         -3.21620        0.42470        0.66900

