HF BASIS=def2-svp cutoff=1.0e-9 denserms=1.0e-6  zmake GRADIENT DIPOLE CHARGE=0

C          1.52650        1.11700        4.82230
C          0.81150        1.75680        3.64350
C         -0.05020        2.92200        4.06390
O          0.22690        3.74170        4.92420
O         -1.17110        2.99310        3.28410
C         -1.21550        1.87450        2.40760
C         -0.71220        2.24150        1.01290
C         -0.21050        0.91320        0.43850
C         -1.33550        0.07020       -0.15230
O         -1.38520       -1.16440        0.57750
C         -0.40940       -1.22060        1.52050
O         -0.13270       -2.22630        2.15470
C          0.27450        0.12670        1.65400
O          1.69070        0.01340        1.56170
C          2.16340        0.64410        0.36690
O          2.68090        1.93660        0.67590
C          2.22610        2.84380       -0.22880
O          2.47160        4.03810       -0.20500
C          1.34480        2.15600       -1.25570
O          0.19370        2.84780       -1.67840
C          0.98310        0.85510       -0.56380
C          0.63610       -0.37380       -1.48430
C         -0.89910       -0.22690       -1.59110
O         -1.54320       -1.38630       -2.08200
C          1.38260       -0.65540       -2.84760
C          0.93410        0.24900       -4.01220
C          2.91510       -0.57460       -2.68880
C          1.09700       -2.11560       -3.30120
C         -0.20310        0.86300        2.93180
O         -0.85390        0.00920        3.87370
H          2.27290        1.80550        5.23400
H          2.04500        0.20300        4.51650
H          0.83720        0.87290        5.63770
H          1.54850        2.16930        2.94820
H         -2.23620        1.47640        2.38520
H         -1.51180        2.69170        0.41470
H          0.07130        2.99870        1.09630
H         -2.33110        0.52320       -0.11970
H          2.97660        0.04210       -0.04250
H          1.99530        2.01880       -2.11750
H          0.48050        3.75030       -1.92770
H          0.83780       -1.27680       -0.88780
H         -1.16460        0.61580       -2.23770
H         -1.62090       -2.02540       -1.34720
H         -0.12790        0.11340       -4.24250
H          1.48750        0.00500       -4.92740
H          1.09660        1.30970       -3.82310
H          3.26760        0.42360       -2.42590
H          3.26590       -1.27180       -1.91990
H          3.42270       -0.84520       -3.62270
H          0.06040       -2.25880       -3.61670
H          1.31320       -2.83230       -2.50110
H          1.72030       -2.39020       -4.16120
H         -0.27060       -0.74890        4.08500

