HF BASIS=def2-svp cutoff=1.0e-9 denserms=1.0e-6  zmake GRADIENT DIPOLE CHARGE=0

C          0.10190        0.41730       -4.82540
C         -0.95730       -0.36610       -4.07220
O         -0.32810       -1.41100       -3.32090
C         -0.60950       -2.70170       -3.68940
C         -0.68490       -3.07900       -5.04150
C         -0.97530       -4.39690       -5.42990
N         -0.90710       -4.70950       -6.79880
C         -1.07710       -5.36100       -4.41150
C         -0.97880       -5.01190       -3.05620
C         -0.74040       -3.67890       -2.68480
C         -0.64870       -3.40480       -1.21400
O         -1.02160       -4.25530       -0.41120
N         -0.13380       -2.19010       -0.82550
C         -0.11310       -1.75270        0.56280
C          0.92030       -0.64520        0.75520
C          0.89370       -0.10840        2.18530
N         -0.44880        0.37200        2.55070
C         -0.47650        0.93200        3.91720
C          0.25790        2.28220        4.06450
C         -0.31310        3.36440        3.13280
C          0.45800        4.68090        3.27000
C          0.76890        5.03990        4.69330
C          0.63490        4.17960        5.71340
C          0.18560        2.75880        5.53060
C         -1.43460       -0.71570        2.43380
C         -1.49120       -1.26460        1.00990
N         -1.30310       -6.76780       -4.73710
O         -2.02340       -7.02310       -5.71470
O         -0.77130       -7.61700       -4.00870
H          0.89120        0.75190       -4.14350
H         -0.33600        1.29240       -5.31490
H          0.58350       -0.20290       -5.58690
H         -1.43790        0.29620       -3.34350
H         -1.75100       -0.72080       -4.73980
H         -0.49190       -2.34300       -5.81850
H         -1.15950       -3.95010       -7.42580
H         -1.39620       -5.57520       -7.04950
H         -1.07470       -5.77690       -2.28470
H          0.03300       -1.49950       -1.55120
H          0.17010       -2.61750        1.17670
H          1.92340       -1.02350        0.52230
H          0.72810        0.17630        0.05140
H          1.62190        0.70790        2.23590
H          1.23070       -0.88940        2.87940
H         -0.06490        0.20660        4.63180
H         -1.52160        1.09590        4.21060
H          1.31910        2.14390        3.82060
H         -0.27520        3.04350        2.08550
H         -1.37090        3.53510        3.37350
H          1.40230        4.61560        2.71600
H         -0.12840        5.48640        2.81330
H          1.11510        6.05240        4.88680
H          0.85430        4.50860        6.72680
H          0.81430        2.10570        6.14760
H         -0.83850        2.67390        5.91520
H         -2.43270       -0.34000        2.68680
H         -1.20490       -1.52670        3.13600
H         -1.85580       -0.48670        0.32500
H         -2.21930       -2.08300        0.96300

