HF BASIS=def2-svp cutoff=1.0e-9 denserms=1.0e-6  zmake GRADIENT DIPOLE CHARGE=0

C         -0.74250       -2.17590        2.92750
C         -0.10190       -2.53230        1.59030
C         -0.44920       -1.58360        0.40240
C         -0.10310       -0.11170        0.74760
C         -0.30330        0.88090       -0.41390
C         -0.14130        2.35380        0.01240
C          1.27070        2.66660        0.50950
C         -0.49180        3.27450       -1.15940
C         -1.93220       -1.74260        0.09240
O         -2.80520       -0.98000        0.49880
N         -2.27160       -2.84280       -0.64450
C         -1.45850       -3.38670       -1.58800
O         -1.91150       -4.02810       -2.53020
N         -0.13010       -3.11440       -1.48870
C          0.39510       -2.07800       -0.76640
O          1.51410       -1.64720       -1.03450
H         -0.48950       -2.93720        3.67300
H         -0.37770       -1.21720        3.30650
H         -1.83280       -2.13300        2.85490
H         -0.39050       -3.56340        1.34560
H          0.98730       -2.55500        1.73110
H         -0.72220        0.22810        1.58690
H          0.93990       -0.06240        1.08380
H         -1.30690        0.75190       -0.83560
H          0.40330        0.66230       -1.22260
H         -0.84680        2.56440        0.82610
H          1.50080        2.11800        1.42770
H          2.02310        2.40600       -0.24250
H          1.37520        3.73320        0.73610
H         -0.42030        4.32640       -0.86310
H          0.18350        3.11410       -2.00680
H         -1.51610        3.09510       -1.50280
H         -3.25890       -2.93190       -0.84690
H          0.43060       -3.42610       -2.27060

