HF BASIS=def2-svp cutoff=1.0e-9 denserms=1.0e-6  zmake GRADIENT DIPOLE CHARGE=0

C         -1.94540       -1.90900        1.26500
O         -1.72600       -1.65670        2.69580
C         -0.86220       -0.58820        2.69170
C         -0.59940        0.27480        3.72700
O         -1.17590        0.11710        4.94720
C          0.25550        1.35340        3.49430
C          0.81360        1.56690        2.21360
C          0.54440        0.67930        1.16900
C         -0.26290       -0.40260        1.46570
C         -0.66020       -1.49230        0.53470
C          0.42110       -2.59690        0.56950
C          1.75010       -2.12720       -0.04730
N          1.56600       -1.42970       -1.33420
C          2.87290       -1.05660       -1.89620
C          2.76590       -0.60730       -3.32390
C          3.20290        0.57260       -3.78440
C          0.59740       -0.28490       -1.23620
C          0.98880        0.87960       -0.25710
C         -0.79090       -0.93190       -0.88550
O         -1.03270       -2.02100       -1.80120
C         -1.98700        0.01440       -1.03880
C         -3.27690       -0.68220       -0.61720
C         -3.20040       -1.13650        0.82210
O         -4.15620       -0.95150        1.58020
H         -2.16010       -2.97560        1.13050
H         -1.79610       -0.63220        4.85630
H          0.46570        2.05270        4.29980
H          1.43940        2.44120        2.04820
H          0.06230       -3.47580        0.01780
H          0.61280       -2.94110        1.59440
H          2.29240       -1.49490        0.66640
H          2.37200       -3.01820       -0.20080
H          3.38610       -0.31120       -1.27860
H          3.52200       -1.94230       -1.90660
H          2.31030       -1.30900       -4.01950
H          3.09910        0.82950       -4.83440
H          3.67180        1.30370       -3.13340
H          0.50350        0.14200       -2.24280
H          0.49970        1.79270       -0.62180
H          2.06480        1.07520       -0.28180
H         -0.13920       -2.30520       -2.09620
H         -1.85830        0.92950       -0.45050
H         -2.08710        0.31800       -2.08820
H         -3.49560       -1.55360       -1.24300
H         -4.11380        0.01770       -0.71850

