HF BASIS=def2-svp cutoff=1.0e-9 denserms=1.0e-6  zmake GRADIENT DIPOLE CHARGE=0

C         -0.07880        0.56620       -2.07780
N         -0.36880        0.56590       -0.64450
C          0.67010        1.23950        0.15210
C          1.79200        0.20600        0.27450
C          1.09040       -1.14420        0.12220
C         -0.39260       -0.79800       -0.06620
C         -1.17460       -0.67160        1.25890
C         -0.54740        0.34000        2.23810
O          0.49800       -0.27280        3.01390
C          0.02090        1.57450        1.51240
C         -1.46240       -2.05230        1.81560
O         -0.64690       -2.47240        2.80430
O         -2.34520       -2.77440        1.36910
H         -0.06320        1.59440       -2.45580
H          0.87460        0.09570       -2.33850
H         -0.87420        0.04420       -2.62090
H          1.02090        2.17000       -0.30880
H          2.52020        0.33010       -0.53600
H          2.34140        0.28270        1.21790
H          1.47820       -1.65360       -0.76850
H          1.28140       -1.80330        0.97320
H         -0.89110       -1.52060       -0.72370
H         -2.16740       -0.26190        1.01260
H         -1.30380        0.65710        2.96570
H          0.85880        0.42090        3.60230
H         -0.80030        2.28200        1.33560
H          0.75550        2.08630        2.14550
H          0.02190       -1.78410        3.04300

