HF BASIS=def2-svp cutoff=1.0e-9 denserms=1.0e-6  zmake GRADIENT DIPOLE CHARGE=0

C          1.32050       -0.85360       -0.86280
C          0.86490       -1.17940        0.35720
C          1.67330       -1.84050        1.39290
C          1.39280       -1.56320        2.73810
C          2.11540       -2.18360        3.76030
C          3.11910       -3.09750        3.44900
C          3.39620       -3.39570        2.11680
C          2.67370       -2.77510        1.09370
C          0.51560       -0.17220       -1.89450
O          0.95080        0.07610       -3.01050
O         -0.72130        0.15000       -1.45140
C         -1.55590        0.82410       -2.40180
O         -2.93550        0.58770       -2.06960
C         -3.38330        1.22710       -0.86060
C         -3.04510        2.71850       -0.77620
O         -3.88620        3.43970       -1.69930
C         -1.59100        2.99560       -1.14630
O         -1.40740        4.41820       -1.26490
C         -1.23940        2.33410       -2.48030
O          0.13340        2.64590       -2.76390
C         -2.92550        0.45580        0.37830
O         -2.93420       -0.88650        0.16760
O         -2.59130        0.95110        1.44250
H          2.33910       -1.06290       -1.17060
H         -0.15340       -0.93960        0.65770
H          0.60970       -0.85520        3.00470
H          1.89060       -1.95370        4.79870
H          3.68000       -3.58160        4.24420
H          4.17150       -4.11740        1.87260
H          2.89820       -3.04460        0.06510
H         -1.41040        0.37160       -3.39000
H         -4.47630        1.12790       -0.87120
H         -3.26970        3.12970        0.21430
H         -3.50990        4.34570       -1.72090
H         -0.91450        2.65190       -0.35510
H         -0.52150        4.52290       -1.67130
H         -1.83290        2.78930       -3.28220
H          0.49670        1.94480       -3.34600
H         -3.15940       -1.07970       -0.76920

