HF BASIS=def2-svp cutoff=1.0e-9 denserms=1.0e-6  zmake GRADIENT DIPOLE CHARGE=0

C          1.48610        3.34570        0.38930
O          0.74490        3.77190        1.52440
C         -0.40280        3.08460        1.81960
C         -0.75720        1.84770        1.27310
C         -1.95540        1.21160        1.64180
C         -2.37520       -0.07610        1.06450
C         -1.53420       -1.06430        0.72420
C         -2.07870       -2.35060        0.21020
O         -3.27480       -2.62820        0.25440
C         -1.11750       -3.38300       -0.24300
C         -1.32040       -4.70050        0.20170
O         -2.40550       -5.07370        0.95180
C         -0.40870       -5.70410       -0.10460
C          0.69510       -5.38870       -0.88420
O          1.62420       -6.33190       -1.21290
C          0.88930       -4.09900       -1.37910
C         -0.02540       -3.08340       -1.08030
O          0.03380       -1.81270       -1.58930
C          1.18770       -1.41720       -2.34560
O          2.30540       -1.26570       -1.45860
C          3.48890       -0.83100       -2.15030
C          3.29730        0.51380       -2.86710
O          4.42070        0.81630       -3.71240
C          2.05820        0.45980       -3.76890
O          2.33590       -0.39730       -4.88590
C          0.84260       -0.06640       -3.01390
O          0.44700        0.89900       -2.02650
C          4.57880       -0.65830       -1.09790
O          4.23910       -1.18530        0.10310
O          5.64940       -0.10310       -1.30610
C         -2.81270        1.83790        2.56150
C         -2.46800        3.06550        3.12770
O         -3.21010        3.76840        4.04410
C         -4.42630        3.17080        4.47850
C         -1.26220        3.67360        2.75240
O         -0.92950        4.88260        3.31470
H          0.86390        3.33760       -0.51170
H          1.94410        2.36680        0.56340
H          2.29410        4.06560        0.22810
H         -0.10130        1.36740        0.55710
H         -3.45000       -0.21660        0.95300
H         -0.46100       -0.98440        0.85200
H         -3.08680       -4.36820        0.87720
H         -0.57800       -6.71020        0.26510
H          1.36400       -7.18280       -0.81890
H          1.76230       -3.93600       -2.00190
H          1.40970       -2.15480       -3.12710
H          3.82320       -1.62470       -2.82960
H          3.18200        1.32810       -2.14060
H          5.20890        0.89030       -3.13050
H          1.85840        1.45950       -4.17260
H          3.18260       -0.06000       -5.25110
H         -0.00450       -0.20380       -3.69610
H         -0.40140        0.57490       -1.66580
H          3.31940       -1.53470        0.04590
H         -3.73990        1.34070        2.83130
H         -5.12730        3.04990        3.64540
H         -4.23880        2.21610        4.98140
H         -4.88800        3.84530        5.20620
H         -1.66260        5.09380        3.92240

