HF BASIS=def2-svp cutoff=1.0e-9 denserms=1.0e-6  zmake GRADIENT DIPOLE CHARGE=0

C         -3.28180        3.26890        2.27880
C         -2.73950        4.05400        1.09350
O         -2.16450        3.21540        0.08620
C         -0.95980        2.53490        0.50020
C          0.09710        3.52480        1.06470
O          0.37230        3.19910        2.44700
C         -0.34550        4.98510        0.97800
O          0.58330        5.78850        1.71090
C         -1.75270        5.12450        1.53330
O         -2.07090        6.07420        2.25200
C         -0.39060        1.70390       -0.65150
C          0.65200        0.77990       -0.38720
O          1.10050        0.70580        0.90720
C          0.65660       -0.47600        1.60140
O         -0.75440       -0.44070        1.82500
C         -1.23360       -1.60350        2.50300
C         -0.56250       -1.80500        3.87300
O         -0.89540       -3.10680        4.38290
C          0.96980       -1.69990        3.75920
O          1.55110       -1.60920        5.07150
C          1.38000       -0.46690        2.95760
O          1.01560        0.69350        3.74610
C         -2.74070       -1.46630        2.70640
O         -3.39220       -0.98630        1.62360
O         -3.37220       -1.77560        3.70610
C          1.29550        0.08700       -1.43050
C          0.85170        0.26200       -2.73990
O          1.41840       -0.36060       -3.82290
C          2.53710       -1.15020       -3.62360
C          3.07100       -1.39750       -2.42100
C          2.47110       -0.78730       -1.22310
O          2.95680       -1.02180       -0.12410
C          3.10130       -1.72330       -4.86150
C          4.48830       -1.77320       -5.08160
C          5.00820       -2.29740       -6.26930
C          4.13930       -2.77030       -7.24570
O          4.60060       -3.28640       -8.41950
C          2.76480       -2.72660       -7.05410
C          2.24650       -2.20030       -5.86810
C         -0.21020        1.11970       -3.01360
C         -0.81620        1.83140       -1.98100
O         -1.83350        2.66160       -2.35730
H         -3.88200        3.91430        2.92900
H         -2.47750        2.85160        2.89370
H         -3.90260        2.43300        1.93930
H         -3.56850        4.57570        0.60230
H         -1.26640        1.82930        1.27560
H          1.06460        3.42260        0.55890
H          0.90180        3.95640        2.78110
H         -0.35730        5.32920       -0.06260
H          0.10190        6.60400        1.95930
H          0.90440       -1.38250        1.03720
H         -1.08530       -2.48590        1.86740
H         -0.91750       -1.06600        4.60310
H         -1.78300       -3.03040        4.78560
H          1.37110       -2.60940        3.29700
H          1.45900       -0.66910        5.32620
H          2.46660       -0.41820        2.83090
H          0.91000        1.44770        3.12300
H         -4.33120       -0.95930        1.89760
H          3.93300       -2.03300       -2.26070
H          5.18290       -1.39320       -4.33530
H          6.08500       -2.32950       -6.41040
H          5.56720       -3.19650       -8.44250
H          2.09570       -3.09610       -7.82670
H          1.16690       -2.17220       -5.73700
H         -0.55890        1.25080       -4.03520
H         -2.29710        2.94320       -1.54130

