HF BASIS=def2-svp cutoff=1.0e-9 denserms=1.0e-6  zmake GRADIENT DIPOLE CHARGE=0

C          8.15740        2.07570       -1.72320
C          7.05300        1.28330       -1.04120
C          6.11490        0.57510       -2.02070
C          5.29320        1.54020       -2.87860
C          4.28680        0.78500       -3.75130
C          3.44400        1.75000       -4.58830
C          2.47350        1.04850       -5.54490
C          1.47860        0.07910       -4.89870
C          0.58190        0.73540       -3.84530
C         -0.39500       -0.28300       -3.24590
C         -1.36390        0.30430       -2.20670
O         -2.23770        1.22000       -2.86910
C         -0.66510        1.00420       -1.02150
C         -1.61850        1.35880        0.11710
C         -1.48260        0.17650        1.04580
C          0.00010       -0.13470        0.91510
O          0.33620        0.13310       -0.45630
C          0.36320       -1.57570        1.29400
C          1.85630       -1.86620        1.17460
C          2.35050       -1.64730        2.58330
C          1.18240       -2.17760        3.40030
O          0.00220       -1.81670        2.66890
C          1.16900       -1.65840        4.85110
O          2.37230       -2.07690        5.50780
C         -0.02850       -2.16840        5.67120
C         -1.29360       -1.32750        5.48040
C         -2.50860       -1.87680        6.23450
C         -2.97620       -3.27470        5.81030
C         -3.19070       -3.48030        4.30760
C         -4.24090       -2.54510        3.70590
C         -4.39560       -2.78580        2.20270
C         -5.45220       -1.85870        1.59960
C         -5.55690       -2.04580        0.08310
C         -6.69440       -1.23500       -0.54940
C         -6.56540        0.23470       -0.37250
C         -7.31300        1.08160        0.33400
C         -6.80890        2.46640        0.21040
C         -6.34300        3.04970        1.53390
O         -5.68930        2.34610       -0.67020
C         -5.52790        1.04220       -1.02370
O         -4.65190        0.61840       -1.75730
H          8.73230        1.44130       -2.40520
H          8.84640        2.47990       -0.97460
H          7.75480        2.91960       -2.29090
H          7.51520        0.52710       -0.39560
H          6.47730        1.94870       -0.38730
H          6.69480       -0.09410       -2.66800
H          5.43300       -0.05930       -1.44100
H          4.75970        2.24490       -2.22950
H          5.95580        2.12910       -3.52250
H          3.63770        0.18380       -3.10470
H          4.82020        0.09240       -4.41340
H          4.11140        2.38320       -5.18660
H          2.89110        2.42770       -3.92750
H          3.05450        0.49580       -6.29370
H          1.91490        1.81630       -6.09450
H          2.01780       -0.76610       -4.45480
H          0.84830       -0.34210       -5.69240
H          0.02930        1.56570       -4.29960
H          1.20350        1.15240       -3.04730
H          0.17130       -1.10560       -2.79240
H         -0.98670       -0.71440       -4.06380
H         -1.96840       -0.53260       -1.83380
H         -3.14200        1.04800       -2.52450
H         -0.17790        1.92170       -1.37010
H         -2.64610        1.55300       -0.19550
H         -1.25560        2.25930        0.62840
H         -1.78340        0.39820        2.07360
H         -2.09520       -0.65500        0.67860
H          0.56620        0.57070        1.53790
H         -0.19500       -2.27210        0.65650
H          2.37850       -1.25660        0.43230
H          2.00120       -2.91860        0.90130
H          3.28990       -2.16530        2.79510
H          2.49830       -0.57570        2.76040
H          1.23360       -3.27490        3.41060
H          1.16650       -0.56220        4.85470
H          2.33630       -3.04440        5.60390
H          0.23420       -2.16290        6.73730
H         -0.21190       -3.21870        5.41710
H         -1.54310       -1.21900        4.42260
H         -1.09630       -0.31200        5.84670
H         -3.33920       -1.17060        6.11490
H         -2.28600       -1.89650        7.30880
H         -3.91100       -3.50040        6.33870
H         -2.24940       -4.01780        6.15990
H         -3.50530       -4.51930        4.14650
H         -2.23980       -3.36490        3.77530
H         -5.20310       -2.70370        4.20740
H         -3.95800       -1.49950        3.86910
H         -3.43240       -2.61900        1.70590
H         -4.67660       -3.83010        2.02130
H         -6.42390       -2.06190        2.06550
H         -5.19220       -0.81900        1.82970
H         -4.60080       -1.78100       -0.38490
H         -5.72920       -3.10630       -0.13880
H         -7.64950       -1.57520       -0.12930
H         -6.73730       -1.46130       -1.62200
H         -8.17460        0.80410        0.92430
H         -7.55480        3.11740       -0.25740
H         -7.17330        3.15360        2.23930
H         -5.89370        4.03590        1.37610
H         -5.56950        2.42600        1.99650

