HF BASIS=def2-svp cutoff=1.0e-9 denserms=1.0e-6  zmake GRADIENT DIPOLE CHARGE=0

C          2.27670       -3.01020        4.57180
O          3.06080       -3.37320        3.44050
C          2.41630       -3.41570        2.23090
C          3.20550       -3.84010        1.15790
O          4.51760       -4.17360        1.35600
C          2.69120       -3.94240       -0.12630
C          1.35800       -3.60740       -0.35570
C          0.53740       -3.16020        0.69660
C          1.08170       -3.07790        1.99440
C         -0.90600       -2.79210        0.39240
O         -1.64410       -2.52780        1.59380
C         -1.87240       -1.19410        1.72540
O         -2.43190       -0.68880        2.68390
C         -1.31800       -0.44140        0.55840
C         -2.38230        0.40670       -0.09890
O         -3.00410       -0.44950       -1.06760
C         -2.23490       -1.54770       -1.29180
O         -2.50190       -2.41270       -2.10880
C         -1.01410       -1.52780       -0.42860
C         -1.80530        1.65410       -0.74900
C         -1.76160        1.82720       -2.14730
C         -1.21360        2.98440       -2.70600
O         -1.10950        3.26730       -4.04370
C         -1.67550        2.32140       -4.94440
C         -0.70940        3.97170       -1.85430
O         -0.16190        5.11430       -2.37070
C         -0.75210        3.83210       -0.47480
C         -1.30340        2.67720        0.07700
H          1.45670       -3.71890        4.72830
H          1.90360       -1.98500        4.47910
H          2.92430       -3.05030        5.45300
H          4.66910       -4.04490        2.31270
H          3.32440       -4.28520       -0.93960
H          0.96280       -3.70320       -1.36610
H          0.44780       -2.75510        2.81440
H         -1.38100       -3.65490       -0.08960
H         -0.42270        0.08750        0.90070
H         -3.16770        0.72100        0.59880
H         -0.15850       -1.29470       -1.07060
H         -2.16730        1.05170       -2.78930
H         -1.53820        2.70470       -5.96010
H         -1.15860        1.35830       -4.87920
H         -2.75110        2.20740       -4.77370
H         -0.24180        5.01700       -3.33970
H         -0.36280        4.62020        0.16340
H         -1.34200        2.58470        1.16160

