HF BASIS=def2-svp cutoff=1.0e-9 denserms=1.0e-6  zmake GRADIENT DIPOLE CHARGE=0

C         -0.24610       -0.48590        1.66330
O          0.28510        0.45070        0.71430
C          0.56310       -0.17420       -0.48200
C         -0.45280       -0.32070       -1.44860
C         -1.86920        0.16570       -1.20740
C         -2.79110       -0.92520       -0.72550
C         -3.67690       -0.88640        0.29020
C         -4.51330       -2.09640        0.61920
C         -3.95080        0.30530        1.16490
C         -0.10980       -0.92320       -2.66540
O         -1.07770       -1.10250       -3.61480
C          1.19360       -1.33340       -2.92570
C          2.18430       -1.13240       -1.96810
O          3.43550       -1.56380       -2.31260
C          1.90580       -0.53250       -0.73320
C          2.98050       -0.21420        0.28980
O          4.14090       -1.04180        0.06560
C          3.41350        1.26360        0.30120
O          2.43380        2.17710        0.46960
O          4.59660        1.58860        0.24680
H          0.52850       -0.71460        2.40140
H         -0.59830       -1.42260        1.21700
H         -1.07830       -0.00470        2.18390
H         -2.27290        0.57320       -2.14310
H         -1.84110        1.01840       -0.52320
H         -2.71830       -1.84590       -1.30640
H         -5.57760       -1.86240        0.51280
H         -4.32760       -2.41510        1.65020
H         -4.29270       -2.94630       -0.03530
H         -3.71310        0.06900        2.20730
H         -3.37680        1.19170        0.88830
H         -5.01030        0.57690        1.10760
H         -0.67430       -1.50330       -4.40340
H          1.46210       -1.80250       -3.86750
H          3.98330       -1.55350       -1.49710
H          2.64070       -0.46790        1.29860
H          4.89540       -0.52760        0.42820
H          1.53190        1.79290        0.53610

