HF BASIS=def2-svp cutoff=1.0e-9 denserms=1.0e-6  zmake GRADIENT DIPOLE CHARGE=0

C          4.77040        1.97370        1.94870
C          3.28330        1.71130        2.07840
O          2.72950        1.61350        0.76870
C          1.31810        1.37800        0.80440
C          0.81150        1.13590       -0.61290
N          1.03550       -0.23240       -1.04490
C          0.21000       -1.30570       -0.78400
N          0.72500       -2.41960       -1.25050
C          1.90490       -2.06250       -1.85330
C          2.13280       -0.69420       -1.73580
C          3.28260       -0.07260       -2.23990
C          4.21210       -0.88670       -2.89800
C          3.98810       -2.25570       -3.03180
O          4.89220       -3.05560       -3.67260
C          2.84410       -2.86530       -2.51670
N         -0.95040       -1.15430       -0.07870
C         -2.11570       -0.82740       -0.92860
C         -3.10910       -0.00050       -0.12160
C         -4.13220       -0.82870        0.65990
N         -3.67720       -2.07700        1.28120
C         -4.65890       -2.53830        2.26350
C         -2.32740       -2.00460        1.86560
C         -1.21350       -2.29340        0.83400
H          5.23980        2.05500        2.93300
H          4.95140        2.89970        1.39290
H          5.25670        1.16700        1.39020
H          3.11740        0.77440        2.62120
H          2.80440        2.53270        2.62230
H          0.83760        2.27590        1.20920
H          1.09250        0.53070        1.46250
H          1.30230        1.80000       -1.33230
H         -0.26320        1.33100       -0.67000
H          3.45800        0.99090       -2.11640
H          5.11300       -0.42860       -3.29620
H          5.63600       -2.50660       -3.96880
H          2.68020       -3.93130       -2.61740
H         -1.79320       -0.21180       -1.77940
H         -2.57450       -1.72910       -1.35400
H         -3.66680        0.64950       -0.80780
H         -2.57360        0.66750        0.56570
H         -4.56830       -0.16200        1.41660
H         -4.94930       -1.08530       -0.02700
H         -4.39770       -3.53700        2.63090
H         -4.72980       -1.86120        3.12230
H         -5.65170       -2.62590        1.80770
H         -2.16030       -1.04960        2.37950
H         -2.22720       -2.78620        2.63080
H         -0.29850       -2.50600        1.40450
H         -1.45400       -3.20220        0.26500

