HF BASIS=def2-svp cutoff=1.0e-9 denserms=1.0e-6  zmake GRADIENT DIPOLE CHARGE=0

C          3.67090       -4.19640        0.69390
O          3.17170       -2.96590        0.18870
C          2.08520       -3.04390       -0.66840
C          1.56590       -4.19500       -1.28360
O          2.01890       -5.47820       -1.15170
C          1.23200       -6.27400       -1.91750
C          0.26880       -5.52940       -2.55340
C          0.47640       -4.18210       -2.15400
C         -0.14960       -2.95830       -2.44130
C          0.35120       -1.79010       -1.84320
C          1.45400       -1.82310       -0.99000
O          1.95910       -0.69780       -0.39100
C          1.62580        0.54930       -1.01990
C          2.03770        1.66520       -0.06220
O          1.34250        1.60820        1.19020
C         -0.00760        1.39550        1.10960
C         -0.71390        1.61860        2.29620
C         -2.07660        1.42890        2.27950
C         -2.73350        1.03140        1.14150
O         -4.07420        0.90930        1.33130
C         -4.18590        1.27900        2.72180
O         -2.92000        1.60590        3.33110
C         -2.06350        0.79300       -0.04030
C         -0.66420        0.95740       -0.06250
C          0.13840        0.71110       -1.32040
O         -0.04650        1.86660       -2.15820
C         -0.31230       -0.50350       -2.12010
O         -1.20140       -0.43050       -2.97020
H          2.88350       -4.78030        1.18170
H          4.17080       -4.76810       -0.09390
H          4.42270       -3.96150        1.45400
H          1.47940       -7.32660       -1.90590
H         -0.48930       -5.90840       -3.22430
H         -1.00620       -2.92090       -3.11000
H          2.22440        0.64040       -1.93670
H          3.10260        1.56720        0.17680
H          1.89200        2.65920       -0.50210
H         -0.20500        1.93890        3.19810
H         -4.63430        0.44340        3.27150
H         -4.84870        2.14840        2.80130
H         -2.62320        0.48820       -0.91950
H         -0.87890        1.70910       -2.64880

