HF BASIS=def2-svp cutoff=1.0e-9 denserms=1.0e-6  zmake GRADIENT DIPOLE CHARGE=0

C         -2.30640       -1.14230        2.00140
C         -1.78890       -2.16280        0.96610
O         -2.80460       -2.29500       -0.04400
C         -2.54160       -1.44990       -1.08400
O         -3.29850       -1.27890       -2.02740
C         -1.15680       -0.81550       -0.94410
O         -0.46820       -0.98600       -2.18850
C         -1.26910        0.69510       -0.69940
C         -0.04140        1.43560       -0.14250
C          1.33420        1.13410       -0.83160
C          2.27560        0.25340        0.06650
C          2.80330        1.10680        1.22080
C          2.84610        2.44850        1.21170
C          2.39970        3.24000        0.07770
C          2.22350        4.56600        0.20290
C          1.68830        5.45400       -0.87310
O          0.42230        5.93670       -0.43190
C          1.54860        4.81250       -2.24580
C          1.21090        3.34110       -2.13810
O          0.33630        2.84920       -2.85690
C          2.08310        2.47450       -1.20150
C          3.38290        2.19930       -1.99520
C          1.70430       -1.12650        0.51390
O          0.36780       -1.02300        1.03290
C         -0.54590       -1.71010        0.17260
C          0.27240       -2.86450       -0.44370
C          1.55320       -2.11340       -0.63740
O          2.38430       -2.36330       -1.49930
C          0.46850       -4.09230        0.47330
C          1.16790       -5.20870       -0.34080
C         -0.93560       -4.59110        0.83300
C         -1.60580       -3.52710        1.67970
O         -0.88430       -3.36400        2.91610
C          0.46380       -3.32800        2.99170
O          1.00870       -2.98270        4.03520
C          1.25220       -3.85790        1.80370
C          2.58750       -3.09980        1.68010
O          2.52710       -1.68430        1.53400
H         -3.15420       -1.56520        2.55460
H         -2.69880       -0.23540        1.54020
H         -1.53980       -0.85770        2.72820
H         -1.01470       -0.57300       -2.88920
H         -1.52120        1.17660       -1.65550
H         -2.12100        0.92770       -0.05260
H         -0.28420        2.50250       -0.22440
H          0.01540        1.27540        0.93970
H          1.16640        0.60270       -1.77200
H          3.17170        0.00010       -0.51630
H          3.18160        0.58600        2.09950
H          3.21810        2.96940        2.09230
H          2.43870        5.06250        1.14790
H          2.33740        6.33180       -0.96570
H         -0.13610        5.17010       -0.21430
H          0.76250        5.30900       -2.82630
H          2.48480        4.89610       -2.80790
H          3.17740        1.56980       -2.86870
H          3.83640        3.12460       -2.36840
H          4.15410        1.70500       -1.39690
H         -0.13880       -3.18660       -1.40710
H          1.23530       -6.13840        0.23590
H          0.61300       -5.43730       -1.25820
H          2.18430       -4.92840       -0.63300
H         -0.86670       -5.52740        1.40220
H         -1.52880       -4.80090       -0.06560
H         -2.59610       -3.91140        1.95560
H          1.52710       -4.86800        2.14980
H          3.20260       -3.51260        0.87280
H          3.17280       -3.27210        2.59200

