HF BASIS=def2-svp cutoff=1.0e-9 denserms=1.0e-6  zmake GRADIENT DIPOLE CHARGE=0

C         -4.61510       -1.72830       -0.37980
O         -3.86730       -1.00480        0.60720
C         -3.38160        0.15580        0.05650
C         -4.13780        1.32530        0.11030
O         -5.35840        1.34690        0.72070
C         -3.65050        2.50290       -0.44040
C         -2.38880        2.50890       -1.03760
O         -1.97090        3.71120       -1.54690
C         -1.60980        1.34000       -1.09250
C         -0.29650        1.37720       -1.76490
O          0.31320        2.43500       -1.89890
C          0.29870        0.12280       -2.35280
O         -0.26660       -0.39280       -3.30980
C          1.60730       -0.30720       -1.73680
C          1.92690       -1.76820       -1.93620
C          1.65340       -2.69930       -0.92480
C          1.93760       -4.04700       -1.12060
O          1.64980       -4.90970       -0.10390
C          2.49310       -4.49420       -2.31460
C          2.76300       -3.57550       -3.32860
C          2.48000       -2.22030       -3.14260
C         -2.10090        0.17280       -0.50190
O         -1.32370       -0.95010       -0.41610
H         -3.98460       -2.00090       -1.23330
H         -4.97370       -2.65090        0.08610
H         -5.48650       -1.15610       -0.71610
H         -5.45320        0.49620        1.18780
H         -4.24070        3.41400       -0.39770
H         -1.02700        3.63590       -1.80920
H          2.40750        0.30820       -2.16450
H          1.57960       -0.08880       -0.66220
H          1.21680       -2.38260        0.01870
H          1.91490       -5.80310       -0.37770
H          2.71540       -5.54380       -2.47620
H          3.18800       -3.91370       -4.27030
H          2.68250       -1.51990       -3.95070
H         -1.83690       -1.61860        0.08040

