HF BASIS=def2-svp cutoff=1.0e-9 denserms=1.0e-6  zmake GRADIENT DIPOLE CHARGE=0

O         -2.99120        3.52530        1.41490
C         -2.14680        2.36730        1.53960
C         -2.03640        1.66140        0.18100
O         -3.35870        1.46580       -0.35430
C         -1.28590        0.32720        0.33700
O          0.07270        0.57580        0.68620
C          1.01550        0.42030       -0.28920
C          2.27850        0.01020        0.14670
O          2.51180       -0.28640        1.46210
C          3.34060       -0.12350       -0.74220
C          3.15180        0.15010       -2.10190
C          4.28770       -0.01580       -3.08380
C          4.29320       -1.38840       -3.75210
C          4.78920       -2.46110       -2.82360
O          4.17960       -3.64350       -3.03220
O          5.67320       -2.35830       -1.99000
C          1.88560        0.56170       -2.54170
C          0.82510        0.70730       -1.63940
O         -1.91610       -0.49340        1.33740
C         -2.01930        0.09190        2.64130
C         -2.75260        1.44010        2.59730
O         -4.13850        1.20950        2.25350
C         -0.70430        0.14840        3.43570
O         -0.77490        0.90660        4.54750
O          0.33620       -0.43790        3.17570
H         -3.52410        3.39020        0.60250
H         -1.15920        2.70800        1.86980
H         -1.51840        2.32470       -0.51960
H         -3.83160        0.88170        0.27920
H         -1.37270       -0.25950       -0.58520
H          1.64190       -0.31630        1.91930
H          4.30990       -0.44730       -0.36720
H          5.24260        0.18440       -2.58060
H          4.19340        0.75770       -3.85600
H          3.28890       -1.64640       -4.10810
H          4.96490       -1.38010       -4.61760
H          4.59180       -4.23960       -2.37260
H          1.71970        0.78500       -3.59400
H         -0.12550        1.06160       -2.02350
H         -2.64690       -0.61280        3.20480
H         -2.77070        1.93730        3.57270
H         -4.55470        2.09550        2.28400
H          0.10390        0.79800        4.97260

