HF BASIS=def2-svp cutoff=1.0e-9 denserms=1.0e-6  zmake GRADIENT DIPOLE CHARGE=0

C          2.23430       -1.00980        0.02860
S          1.56020       -2.15100       -1.22080
C          3.20740       -2.69480       -1.76260
C          4.10340       -1.53750       -2.14770
C          5.13960       -1.91310       -3.17830
C          3.96040       -0.29260       -1.63660
N          3.07030       -0.02960       -0.63520
C          2.28820        1.04980       -0.39180
O          2.30780        2.18740       -0.80060
C          1.33610        0.18310        0.48490
N         -0.08650        0.16720        0.08370
C         -1.00990       -0.64760        0.70650
O         -0.73830       -1.31170        1.70440
C         -2.40380       -0.63880        0.03530
N         -2.27030       -0.27100       -1.40130
C         -3.36190        0.28000        0.76650
C         -3.34930        1.67060        0.56800
C         -4.22910        2.49900        1.26720
C         -5.12750        1.95100        2.17960
C         -5.14470        0.57520        2.39700
C         -4.26590       -0.25500        1.69810
C          4.75510        0.85410       -2.16640
O          5.25650        1.60320       -1.16610
O          4.98470        1.10570       -3.33560
H          2.74530       -1.50910        0.85990
H          3.04500       -3.34770       -2.62690
H          3.68200       -3.29320       -0.97750
H          4.67280       -2.01930       -4.16270
H          5.95790       -1.19290       -3.25530
H          5.60180       -2.87040       -2.91180
H          1.43790        0.42840        1.55010
H         -0.40670        0.58430       -0.79010
H         -2.78080       -1.66880        0.06120
H         -1.78620       -1.03840       -1.87210
H         -3.21100       -0.25960       -1.79890
H         -2.65080        2.11920       -0.13580
H         -4.20910        3.57310        1.10160
H         -5.80950        2.59700        2.72610
H         -5.83840        0.14800        3.11660
H         -4.28600       -1.32530        1.89430
H          5.67620        2.35850       -1.62620

