HF BASIS=def2-svp cutoff=1.0e-9 denserms=1.0e-6  zmake GRADIENT DIPOLE CHARGE=0

C         -0.03730        2.02000        0.80610
C         -1.25950        1.50830        0.57210
C         -2.23450        2.05100       -0.38940
C         -1.85790        2.79210       -1.51950
C         -2.81020        3.21430       -2.45780
O         -2.30210        3.90220       -3.52750
S         -2.89590        3.75190       -5.04310
O         -3.44640        2.23430       -5.14380
O         -1.79180        3.86770       -5.96580
O         -4.05940        4.61820       -5.14040
C         -4.15360        2.91860       -2.24530
O         -5.13600        3.27480       -3.12200
C         -4.54640        2.17460       -1.13800
C         -3.59170        1.74120       -0.21600
C          0.94990        1.42890        1.73680
O          2.06600        1.90820        1.87290
O          0.45330        0.33480        2.36080
C          1.38220       -0.41620        3.16730
C          1.78060       -1.69140        2.40760
O          2.45270       -1.31780        1.19000
C          2.76570       -2.44880        0.39480
O          3.39610       -1.99610       -0.79670
C          3.75200       -3.37870        1.12030
O          4.00830       -4.55380        0.33410
C          3.18270       -3.79590        2.47260
O          2.07160       -4.69490        2.27610
C          2.69080       -2.58230        3.27140
O          1.98810       -3.03900        4.43050
H          0.32590        2.91430        0.30970
H         -1.58350        0.61460        1.10510
H         -0.81170        3.01660       -1.70870
H         -4.30470        2.19200       -4.65490
H         -5.02300        4.22310       -3.36270
H         -5.59480        1.92690       -0.98880
H         -3.92170        1.15430        0.64010
H          2.26380        0.17930        3.43020
H          0.86110       -0.66440        4.09640
H          0.85470       -2.21940        2.13980
H          1.85300       -2.98130        0.09790
H          2.75880       -1.36920       -1.18160
H          4.70900       -2.86130        1.26890
H          4.27380       -4.21400       -0.54340
H          3.91900       -4.36360        3.04910
H          2.41410       -5.37770        1.65960
H          3.56120       -2.00250        3.60320
H          1.53080       -3.86080        4.15290

