HF BASIS=def2-svp cutoff=1.0e-9 denserms=1.0e-6  zmake GRADIENT DIPOLE CHARGE=0

C          2.22850       -2.02950        0.00990
C          1.21640       -0.96720       -0.44030
C         -0.21890       -1.44550       -0.19170
O         -0.47170       -2.53510        0.33510
C         -1.38220       -0.56220       -0.49980
C         -1.41030        0.33600       -1.57390
O         -0.38820        0.38060       -2.48010
C         -2.51000        1.17790       -1.76680
C         -3.59190        1.11140       -0.89520
O         -4.64080        1.95240       -1.12300
C         -3.60450        0.20820        0.15880
C         -2.50730       -0.63160        0.34360
O         -2.60310       -1.51550        1.38960
C          1.51710        0.35300        0.25320
C          2.04580        1.42450       -0.48150
C          2.31620        2.63790        0.14300
O          2.81970        3.64720       -0.62400
C          2.07770        2.81110        1.50170
C          1.56180        1.75030        2.24500
C          1.28500        0.52840        1.62730
H          3.25570       -1.70400       -0.18980
H          2.14790       -2.24480        1.08160
H          2.06480       -2.97120       -0.52600
H          1.35190       -0.87290       -1.52270
H         -0.54250        1.11450       -3.10070
H         -2.54680        1.88180       -2.59290
H         -5.31930        1.79470       -0.44430
H         -4.44920        0.13500        0.83620
H         -1.89440       -2.18930        1.27330
H          2.24540        1.32090       -1.54510
H          2.98230        4.41510       -0.05210
H          2.28570        3.75450        1.99580
H          1.37350        1.87230        3.30880
H          0.88490       -0.28600        2.22920

