HF BASIS=def2-svp cutoff=1.0e-9 denserms=1.0e-6  zmake GRADIENT DIPOLE CHARGE=0

O         -1.33130        2.95810       -6.62340
C         -1.85710        2.38260       -5.43200
C         -0.80280        2.30390       -4.31880
O         -1.31810        1.51600       -3.23660
C         -0.35780        1.33380       -2.18120
C          0.04080        2.69270       -1.56230
O         -1.05540        3.40490       -0.95830
C          0.58590        3.60090       -2.67030
O          0.82890        4.92180       -2.15990
C         -0.41190        3.70890       -3.83030
O          0.17360        4.47770       -4.88900
C         -0.88390        0.33960       -1.15060
C         -0.03970       -0.69070       -0.67010
O          1.25730       -0.66190       -1.11570
C          2.13130       -1.75480       -0.80750
O          2.45820       -1.82170        0.59250
C          3.17740       -0.67010        1.06480
C          4.48120       -0.42940        0.30020
O          5.08410        0.82760        0.64390
C          4.20680       -0.39430       -1.20600
O          5.45930       -0.37130       -1.91140
C          3.40930       -1.61620       -1.65800
O          4.23300       -2.78510       -1.52710
C          3.52570       -0.93550        2.52590
O          2.93960       -2.05590        3.01390
O          4.26100       -0.22070        3.19250
C         -0.53110       -1.63270        0.24080
C         -1.83990       -1.54430        0.71250
O         -2.22910       -2.49140        1.62600
C         -3.51200       -2.42350        2.14530
C         -4.41140       -1.48720        1.81040
C         -4.03480       -0.46410        0.82480
O         -4.82010        0.40620        0.46550
C         -2.67200       -0.52280        0.27830
C         -2.19740        0.42060       -0.64300
O         -2.98600        1.47580       -1.04080
C         -3.81230       -3.47700        3.13250
C         -5.01780       -4.19060        3.09690
C         -5.25670       -5.20970        4.01540
O         -6.43970       -5.88020        3.92100
C         -4.31410       -5.53710        4.98480
C         -3.11390       -4.83100        5.03430
C         -2.86240       -3.81160        4.11110
H         -0.79090        3.73080       -6.35260
H         -2.22760        1.38120       -5.67550
H         -2.72330        2.96960       -5.11010
H          0.08200        1.80600       -4.73910
H          0.52890        0.90030       -2.66060
H          0.79190        2.56240       -0.77630
H         -1.87530        2.89600       -1.15210
H          1.54670        3.22500       -3.03990
H          0.14660        5.05640       -1.46590
H         -1.30260        4.25630       -3.49880
H          0.56560        5.25870       -4.44760
H          1.65230       -2.70450       -1.07640
H          2.51720        0.20540        1.05060
H          5.22180       -1.20800        0.52150
H          5.26150        0.81270        1.60990
H          3.67700        0.52870       -1.47320
H          5.96860        0.35940       -1.50410
H          3.15650       -1.51620       -2.71980
H          5.10090       -2.52850       -1.90830
H          2.44700       -2.49230        2.28160
H          0.08160       -2.44400        0.61970
H         -5.40840       -1.42590        2.22840
H         -3.89030        1.34990       -0.66730
H         -5.77510       -3.97720        2.34620
H         -6.41240       -6.64660        4.51610
H         -4.49790       -6.32690        5.70660
H         -2.36940       -5.07460        5.78980
H         -1.91870       -3.27380        4.16810

