HF BASIS=def2-svp cutoff=1.0e-9 denserms=1.0e-6  zmake GRADIENT DIPOLE CHARGE=0

C          3.01760       -1.22820        7.39740
N          2.62810       -2.64110        7.75090
C          3.23440       -1.07020        5.89070
O          4.16580       -2.05890        5.45420
P          5.67810       -1.58860        5.21120
O          6.49750       -2.96460        5.26850
O          6.21270       -0.60610        6.20000
O          5.78600       -1.16540        3.66700
C          5.32340       -2.07280        2.67910
C          3.93470       -1.67800        2.17730
C          3.98200       -0.36290        1.38880
O          2.66180        0.03930        0.98060
C          1.92550        0.67780        1.93050
O          2.30810        0.88310        3.07560
C          0.54990        1.04710        1.42290
C          0.49380        1.41240       -0.06380
C          1.19330        2.74270       -0.37170
C          1.53240        2.92150       -1.85620
C          0.34700        2.96720       -2.82670
C         -0.14050        4.37810       -3.18050
C         -0.76940        5.18800       -2.04710
C         -2.01510        4.52150       -1.46390
C         -2.65470        5.38540       -0.37590
C         -3.86780        4.71900        0.28580
C         -3.58980        3.38940        0.99910
C         -2.59260        3.51650        2.11630
C         -2.78680        3.26570        3.42130
C         -4.05250        2.81660        4.09450
C         -3.93440        1.40540        4.67730
C         -3.69880        0.32690        3.61360
C         -3.65590       -1.06570        4.24280
C         -3.36590       -2.14770        3.20110
C         -3.35170       -3.53750        3.84090
C         -3.13220       -4.66630        2.83230
C         -1.73620       -4.66840        2.22870
O          3.47230       -2.72580        1.29480
C          2.18100       -3.12400        1.45900
O          1.41470       -2.71790        2.31960
C          1.80710       -4.12900        0.40010
C          1.49740       -3.45450       -0.93240
C          0.19190       -2.65610       -0.88790
C         -0.07900       -1.85550       -2.16330
C         -0.28760       -2.73330       -3.39820
C         -0.63350       -1.93020       -4.65380
C         -2.03810       -1.32570       -4.61280
C         -2.36430       -0.61780       -5.93000
C         -3.76830       -0.01150       -5.90500
C         -4.18410        0.60750       -7.24250
C         -3.32190        1.80450       -7.65020
C         -3.83480        2.44710       -8.94070
C         -3.05810        3.70480       -9.33740
C         -1.60420        3.43640       -9.68970
C          1.92170       -0.28230        7.89660
O          1.09140       -0.91490        8.77270
O          1.79770        0.88950        7.58380
H          3.93340       -1.00470        7.95360
H          3.45500       -3.22020        7.55870
H          1.96950       -2.96560        7.03050
H          3.58880       -0.06320        5.64230
H          2.29790       -1.22940        5.34280
H          7.40160       -2.79580        5.59760
H          6.04350       -2.07030        1.85190
H          5.30620       -3.10060        3.06130
H          3.26590       -1.56450        3.03480
H          4.55290       -0.50020        0.46390
H          4.46500        0.44310        1.95340
H         -0.10510        0.19020        1.61570
H          0.18820        1.89100        2.02040
H          0.93630        0.60970       -0.66400
H         -0.56020        1.48260       -0.35610
H          0.57810        3.57120       -0.00870
H          2.13810        2.79780        0.18360
H          2.17790        2.08310       -2.14900
H          2.14440        3.82300       -1.97650
H          0.68360        2.51540       -3.76840
H         -0.48140        2.34050       -2.48590
H         -0.87480        4.29150       -3.99330
H          0.69800        4.95180       -3.59290
H         -0.02970        5.36780       -1.25910
H         -1.04310        6.17500       -2.44220
H         -1.73920        3.54970       -1.04800
H         -2.74580        4.33600       -2.26020
H         -2.98060        6.33420       -0.82030
H         -1.90880        5.64420        0.38310
H         -4.30160        5.42640        1.00420
H         -4.63330        4.54660       -0.48040
H         -4.54470        2.99410        1.35940
H         -3.22030        2.64380        0.28630
H         -1.58910        3.81670        1.81820
H         -1.93450        3.39540        4.08970
H         -4.91660        2.86590        3.42530
H         -4.26410        3.51810        4.91040
H         -3.12300        1.37920        5.41630
H         -4.86080        1.18080        5.22120
H         -2.75530        0.51710        3.08890
H         -4.49780        0.37080        2.86460
H         -2.88590       -1.09090        5.02240
H         -4.61610       -1.26930        4.73100
H         -2.40200       -1.93740        2.72510
H         -4.12950       -2.11170        2.41440
H         -4.31190       -3.70630        4.34240
H         -2.57800       -3.58160        4.61760
H         -3.28850       -5.62340        3.34340
H         -3.87900       -4.60620        2.03250
H         -0.97090       -4.71110        3.01090
H         -1.60800       -5.54240        1.58060
H         -1.56400       -3.77700        1.61820
H          0.95280       -4.71440        0.75560
H          2.63950       -4.83300        0.28900
H          2.32360       -2.79370       -1.22180
H          1.42210       -4.23550       -1.69840
H         -0.64730       -3.33490       -0.69760
H          0.22070       -1.94710       -0.05240
H         -0.96920       -1.24190       -1.98720
H          0.74900       -1.16090       -2.34540
H         -1.07230       -3.47230       -3.20470
H          0.63120       -3.29460       -3.60500
H          0.11080       -1.13880       -4.80530
H         -0.56210       -2.60190       -5.51950
H         -2.11750       -0.60600       -3.79120
H         -2.77390       -2.11690       -4.42770
H         -1.61960        0.16830       -6.10000
H         -2.28400       -1.32860       -6.76070
H         -4.49380       -0.79290       -5.64870
H         -3.82960        0.74750       -5.11590
H         -5.23050        0.92700       -7.16140
H         -4.14870       -0.15730       -8.02770
H         -2.28880        1.47590       -7.79720
H         -3.31880        2.54630       -6.84330
H         -3.79570        1.71730       -9.75800
H         -4.88880        2.72120       -8.81300
H         -3.54910        4.15460      -10.20800
H         -3.10700        4.44620       -8.53020
H         -1.13350        4.35210      -10.06400
H         -1.52110        2.67660      -10.47190
H         -1.03360        3.10360       -8.81830
H          1.43020       -1.84430        8.84080

