HF BASIS=def2-svp cutoff=1.0e-9 denserms=1.0e-6  zmake GRADIENT DIPOLE CHARGE=0

C          2.13410        1.95600       -1.53580
C          0.94170        1.01070       -1.70150
C         -0.24110        1.49280       -0.84580
N         -1.41620        0.63000       -1.02940
C         -2.58530        1.18990       -0.35620
C         -1.15480       -0.78240       -0.65370
C         -1.06490       -1.07850        0.89650
C         -0.67400       -2.50170        1.14000
C         -0.81660       -3.35460        2.21020
N         -0.25570       -4.56700        1.85820
C          0.25250       -4.50630        0.57860
C          0.91010       -5.43640       -0.22810
C          1.29390       -5.00190       -1.50970
C          1.03280       -3.70000       -1.96250
C          0.36650       -2.78450       -1.14120
C          0.06330       -1.34230       -1.49670
C          1.30870       -0.44020       -1.35270
O          1.86210       -0.47300       -0.03290
C         -0.00750       -3.22660        0.13180
H          2.45550        2.02790       -0.49160
H          2.98600        1.61280       -2.13220
H          1.87460        2.96480       -1.87440
H          0.63960        1.04250       -2.75780
H         -0.49430        2.51250       -1.16430
H          0.04350        1.55620        0.21200
H         -2.42500        1.33510        0.71750
H         -3.46010        0.54530       -0.49510
H         -2.84340        2.16200       -0.79150
H         -2.02810       -1.35420       -1.00680
H         -2.03750       -0.89240        1.36660
H         -0.33520       -0.42060        1.37970
H         -1.26280       -3.21830        3.18610
H         -0.21930       -5.38320        2.45270
H          1.11870       -6.44540        0.10940
H          1.80990       -5.69790       -2.16900
H          1.35190       -3.40770       -2.96010
H         -0.24750       -1.32780       -2.55190
H          2.09770       -0.78610       -2.03200
H          2.05220       -1.40560        0.17950

