HF BASIS=def2-svp cutoff=1.0e-9 denserms=1.0e-6  zmake GRADIENT DIPOLE CHARGE=0

C          2.45260       -1.84470        3.66300
O          2.59590       -1.26570        2.36970
C          1.52120       -0.59640        1.84950
C          0.28020       -0.48840        2.47950
C         -0.76200        0.25040        1.90250
C         -0.57980        0.94840        0.70400
C         -1.72640        1.74010        0.12180
C         -2.77120        2.03530        1.19090
C         -3.10370        0.78150        1.99930
C         -3.78570       -0.31190        1.16350
C         -4.04030        1.17000        3.15380
O         -1.92790        0.23420        2.61960
O         -1.27060        2.98920       -0.37500
S         -1.70290        3.41380       -1.87820
O         -1.06540        2.23640       -2.77440
O         -0.99900        4.62890       -2.21480
O         -3.14180        3.31340       -1.97960
C          0.66350        0.82740        0.06240
O          0.85410        1.49420       -1.13130
C          1.69610        0.03590        0.61170
C          2.94990       -0.10660       -0.17070
O          3.37410        0.89450       -0.75470
C          3.57800       -1.47780       -0.33210
C          3.80640       -1.80250       -1.81140
C          2.50910       -1.87090       -2.59010
C          2.13820       -0.82050       -3.44090
C          0.91480       -0.85060       -4.11410
C          0.05600       -1.93580       -3.95240
C          0.42000       -2.99060       -3.11830
C          1.64080       -2.95970       -2.43940
H          3.40960       -2.30060        3.93110
H          2.22430       -1.08210        4.41470
H          1.69740       -2.63760        3.65650
H          0.07750       -0.97590        3.42880
H         -2.17090        1.13240       -0.67740
H         -3.67040        2.46540        0.73300
H         -2.37770        2.81360        1.86170
H         -3.12850       -0.70300        0.38010
H         -4.70130        0.06090        0.69350
H         -4.04580       -1.17100        1.79300
H         -4.98410        1.58650        2.78690
H         -3.56330        1.90840        3.80890
H         -4.26430        0.30080        3.78370
H         -0.22220        1.95530       -2.34310
H          1.83460        1.55350       -1.26520
H          4.53130       -1.47620        0.20920
H          2.94230       -2.25170        0.10960
H          4.32200       -2.76640       -1.89840
H          4.47680       -1.06270       -2.26600
H          2.79890        0.03520       -3.57470
H          0.63320       -0.02930       -4.76780
H         -0.89390       -1.96100       -4.48070
H         -0.24710       -3.84020       -2.99930
H          1.90740       -3.78950       -1.78980

