HF BASIS=def2-svp cutoff=1.0e-9 denserms=1.0e-6  zmake GRADIENT DIPOLE CHARGE=0

O          4.63920       -1.49510       -0.20570
C          3.66910       -1.04330        0.75850
C          3.68530        0.47800        0.82630
C          2.95020        1.08140       -0.33800
C          2.02510        0.32880       -1.06590
O          1.72140       -0.97870       -0.80190
C          2.27170       -1.57410        0.39180
C          1.28830       -1.56920        1.55800
C          0.29440       -0.58630        1.69590
C         -0.61270       -0.62790        2.75790
O         -1.61550        0.29340        2.93270
C         -2.40360        0.48870        1.74630
O         -1.80100        1.47430        0.90570
C         -2.47190        1.60760       -0.34600
C         -3.90420        2.10940       -0.14240
O         -4.68700        2.05450       -1.34580
C         -4.62500        1.22810        0.88800
O         -5.88350        1.82050        1.24810
C         -3.79800        0.99400        2.15530
O         -4.48550        0.04670        2.98640
C         -1.70000        2.61610       -1.18470
O         -1.89620        2.41810       -2.50900
O         -0.96550        3.50760       -0.79180
C         -0.49630       -1.62690        3.72150
O         -1.37200       -1.68870        4.76760
C          0.49120       -2.59740        3.62350
C          1.37660       -2.57220        2.54220
C          1.32790        0.90370       -2.13180
C          1.54220        2.23810       -2.45900
O          0.80380        2.78290       -3.47460
C          2.44710        3.01150       -1.74110
C          3.13760        2.42750       -0.68070
O          4.01290        3.17290        0.05960
H          4.36350       -1.14640       -1.07370
H          4.00220       -1.45150        1.71960
H          3.20360        0.81810        1.75060
H          4.72470        0.82510        0.82970
H          2.39570       -2.62730        0.10590
H          0.23470        0.22130        0.97430
H         -2.50640       -0.46880        1.21230
H         -2.44090        0.64570       -0.87370
H         -3.91240        3.15140        0.19980
H         -4.17860        2.48000       -2.06430
H         -4.88170        0.26070        0.43660
H         -6.32860        2.01420        0.39770
H         -3.71460        1.92110        2.73520
H         -5.39480        0.39740        3.06890
H         -1.13050        2.87820       -2.93190
H         -1.99070       -0.94300        4.63980
H          0.56500       -3.37480        4.37810
H          2.13840       -3.34710        2.47240
H          0.60850        0.31230       -2.69190
H          1.29130        3.56110       -3.80120
H          2.59200        4.05910       -1.98230
H          3.93180        4.10770       -0.19420

