HF BASIS=def2-svp cutoff=1.0e-9 denserms=1.0e-6  zmake GRADIENT DIPOLE CHARGE=0

C         -0.87250       -2.08960       -2.24690
N         -2.13160       -1.52740       -2.83580
C         -0.84510       -1.79780       -0.73940
C          0.53410       -1.96280       -0.09900
C          1.47650       -0.87030       -0.51110
O          2.16820       -1.16310       -1.61920
N          1.69930        0.27960        0.00130
C          0.99650        0.72510        1.21610
C          1.77460        0.27670        2.46650
S          0.91710        0.66390        4.04760
C         -0.34440       -0.64230        4.07410
C          0.29750       -1.98260        4.29870
O          0.29710       -2.87230        3.45220
C          0.92430        2.25060        1.08280
O          1.97250        2.91270        1.59450
N          0.06120        2.99130        0.48070
C         -1.13000        2.37010       -0.12360
C         -0.85090        2.01540       -1.57560
O          0.22540        2.66590       -2.07660
O         -1.53210        1.24600       -2.23930
C         -0.88400       -3.61090       -2.49200
O         -2.12500       -4.03570       -2.85520
O          0.06760       -4.36150       -2.35450
H         -0.03240       -1.64730       -2.78770
H         -1.99120       -1.47690       -3.85310
H         -2.15030       -0.52130       -2.58670
H         -1.19640       -0.77900       -0.54660
H         -1.54570       -2.46800       -0.22390
H          0.97750       -2.93280       -0.34630
H          0.43120       -1.94610        0.98850
H          2.74740       -0.40790       -1.81920
H         -0.01660        0.32230        1.25360
H          1.98190       -0.79750        2.43320
H          2.75630        0.76210        2.50730
H         -0.92220       -0.64890        3.14650
H         -1.03510       -0.45640        4.90160
H          0.78230       -2.13070        5.27920
H          1.82590        3.86420        1.46570
H         -1.94010        3.10650       -0.11380
H         -1.47790        1.48900        0.41860
H          0.61520        3.20490       -1.35000
H         -2.68500       -3.21740       -2.87230

