HF BASIS=def2-svp cutoff=1.0e-9 denserms=1.0e-6  zmake GRADIENT DIPOLE CHARGE=0

O         -2.72620        2.50850        1.37670
C         -2.63670        1.09990        1.20870
C         -2.55720        0.66530       -0.26470
O         -2.63940       -0.77950       -0.33280
C         -1.70960       -1.43810        0.43420
C         -1.07140       -0.86560        1.54250
C         -0.11580       -1.59110        2.25780
O          0.55840       -1.09920        3.34590
C          0.17600       -2.89380        1.87080
O          1.10220       -3.63230        2.55650
C         -0.47690       -3.47090        0.78680
O         -0.19100       -4.75390        0.42190
C         -1.42240       -2.75350        0.06430
C         -1.46210        0.49230        1.94990
O         -0.88550        1.05760        2.87850
C         -1.40540        1.15920       -1.14480
C         -1.26270        0.61490       -2.43620
C         -0.22920        1.02050       -3.28470
O         -0.19450        0.43510       -4.52220
S          1.17200       -0.26800       -5.07240
O          1.93180        0.95000       -5.81050
O          0.79880       -1.21950       -6.09740
O          2.00700       -0.66840       -3.95860
C          0.65230        2.01780       -2.87430
O          1.63020        2.46470       -3.72370
C          0.52390        2.58000       -1.60710
C         -0.49820        2.15360       -0.75070
H         -2.52580        2.68690        2.31670
H         -3.53760        0.66890        1.66460
H         -3.46590        1.04480       -0.75200
H          0.26140       -0.17180        3.49310
H          1.42440       -3.03130        3.26070
H          0.50340       -5.04700        1.04630
H         -1.91790       -3.21290       -0.78610
H         -1.96010       -0.14690       -2.78400
H          1.98160        1.68160       -5.15310
H          2.13850        3.15050       -3.24750
H          1.19750        3.36040       -1.26340
H         -0.56930        2.63400        0.22260

