HF BASIS=def2-svp cutoff=1.0e-9 denserms=1.0e-6  zmake GRADIENT DIPOLE CHARGE=0

C         -2.10040        0.08260       -5.65460
O         -0.83940       -0.12510       -5.03350
C         -0.78390       -0.02390       -3.66750
C          0.45320       -0.31820       -3.07000
O          1.51270       -0.67590       -3.87360
C          2.23020        0.49380       -4.26880
C          0.61100       -0.28430       -1.67090
O          1.79810       -0.58790       -1.05300
C          2.32910       -1.86070       -1.42380
C         -0.45060        0.14070       -0.85320
C         -1.67850        0.44920       -1.46620
C         -1.84690        0.36000       -2.85240
C         -0.35370        0.26520        0.65900
C          0.78730        1.15690        1.15860
O          0.65130        1.44040        2.56020
C          0.44330        0.33190        3.34040
C          0.00450       -0.90030        2.83670
C         -0.25180       -1.09080        1.36550
C         -0.17660       -1.97380        3.72040
C          0.05210       -1.80730        5.08670
C          0.46330       -0.57140        5.57040
O          0.66920       -0.45100        6.91340
C          0.65820        0.50260        4.70860
H         -1.97460       -0.08010       -6.72940
H         -2.84390       -0.63620       -5.29410
H         -2.44340        1.11280       -5.51290
H          3.07600        0.17390       -4.88450
H          2.62910        1.02850       -3.39960
H          1.60680        1.16180       -4.87270
H          1.55230       -2.58040       -1.70640
H          2.85420       -2.26460       -0.55240
H          3.06370       -1.74480       -2.22550
H         -2.52840        0.76530       -0.86230
H         -2.82080        0.60990       -3.26040
H         -1.28250        0.73580        1.01740
H          0.76860        2.12110        0.63770
H          1.78100        0.72480        0.99490
H          0.56260       -1.69930        0.95720
H         -1.18410       -1.65030        1.21710
H         -0.50180       -2.94320        3.34980
H         -0.09270       -2.63780        5.77180
H          0.95540        0.45870        7.09900
H          0.98110        1.47060        5.07670

