HF BASIS=def2-svp cutoff=1.0e-9 denserms=1.0e-6  zmake GRADIENT DIPOLE CHARGE=0

O          3.08610       -0.11590       -4.49390
C          3.89960        0.63360       -3.57920
C          3.54550        0.25250       -2.14580
O          4.49040        0.86570       -1.25160
C          2.10970        0.72480       -1.82330
O          1.86300        0.37050       -0.45500
C          0.57910        0.45790        0.00630
C          0.40360        0.01570        1.32270
C         -0.85910        0.04200        1.93490
C         -1.03970       -0.47350        3.34350
C         -1.19390       -1.99860        3.41570
C         -2.49780       -2.50150        2.84210
C         -3.69170       -2.36510        3.56420
C         -4.89100       -2.81680        3.02160
O         -6.02330       -2.65720        3.76590
C         -4.92850       -3.40640        1.76180
C         -3.74530       -3.54220        1.03490
C         -2.53650       -3.09230        1.57060
C         -1.95540        0.52040        1.20790
C         -1.77510        0.95870       -0.09990
O         -2.82370        1.42250       -0.84080
C         -0.52140        0.93370       -0.70450
O          2.02290        2.14890       -1.98520
C          2.28030        2.55100       -3.34030
C          3.67460        2.13140       -3.82980
O          3.81370        2.35140       -5.24510
C          2.20300        4.07350       -3.36720
O          1.71290        4.59760       -2.21730
O          2.54710        4.75850       -4.32060
H          3.28410        0.27220       -5.37360
H          4.94410        0.38310       -3.79920
H          3.61350       -0.83170       -2.00050
H          4.10430        0.78750       -0.35710
H          1.39520        0.21450       -2.48330
H          1.26270       -0.36110        1.87300
H         -1.89830        0.02540        3.81280
H         -0.16410       -0.17480        3.93500
H         -1.13990       -2.31450        4.46510
H         -0.35200       -2.49240        2.91380
H         -3.69340       -1.90960        4.55130
H         -6.76390       -3.07190        3.29360
H         -5.86040       -3.76050        1.33160
H         -3.76240       -3.99750        0.04770
H         -1.62420       -3.19730        0.98550
H         -2.94110        0.53090        1.66530
H         -3.63020        1.36580       -0.30130
H         -0.44730        1.29090       -1.72520
H          1.47740        2.17780       -3.98820
H          4.45500        2.70500       -3.31410
H          3.71930        3.31780       -5.39420
H          1.55210        3.86120       -1.58000

