HF BASIS=def2-svp cutoff=1.0e-9 denserms=1.0e-6  zmake GRADIENT DIPOLE CHARGE=0

C         -3.84700        1.51810        4.50010
O         -2.93640        0.42570        4.49240
C         -2.16880        0.27000        3.37200
C         -1.31820       -0.83630        3.39560
C         -0.47720       -1.11500        2.31360
C         -0.46860       -0.28380        1.18510
C         -1.32880        0.82210        1.16730
C         -2.17200        1.09880        2.25170
C          0.41810       -0.56400        0.04100
C          1.72790       -0.79260        0.22660
O          2.66500       -1.05500       -0.74310
C          2.24260       -1.08850       -2.04740
C          3.20540       -1.36110       -3.01920
C          2.83320       -1.40630       -4.35960
O          3.80460       -1.67610       -5.27750
C          1.51480       -1.18340       -4.74590
C          0.55810       -0.91150       -3.77000
O         -0.72180       -0.70120       -4.20950
C          0.91850       -0.86300       -2.41750
C         -0.07030       -0.57720       -1.36520
O         -1.23960       -0.36610       -1.67580
H         -4.38990        1.49390        5.44990
H         -3.31620        2.47420        4.44430
H         -4.58230        1.42550        3.69390
H         -1.31440       -1.49210        4.26300
H          0.15920       -1.99560        2.36320
H         -1.35740        1.48370        0.30320
H         -2.81840        1.96730        2.18280
H          2.21150       -0.78740        1.19670
H          4.23950       -1.53750       -2.73650
H          3.40620       -1.67860       -6.16450
H          1.21490       -1.21660       -5.78860
H         -1.28910       -0.52800       -3.42330

