HF BASIS=def2-svp cutoff=1.0e-9 denserms=1.0e-6  zmake GRADIENT DIPOLE CHARGE=0

C          0.16380       -3.77620        6.04570
C          1.27060       -3.28320        5.12720
C          0.70690       -2.73120        3.81720
C          1.82510       -2.23090        2.90070
C          1.32970       -1.77240        1.52550
C          0.29100       -0.64570        1.52640
C          0.78890        0.64170        2.18950
C         -0.24920        1.77740        2.15690
O          0.26860        2.90780        2.88340
C          0.06230        2.89090        4.22750
C          0.64000        4.12610        4.84760
O         -0.50390        2.00550        4.85200
C         -0.49600        2.27390        0.75740
C         -1.69010        2.23870        0.14840
C         -1.85940        2.72350       -1.17590
C         -2.00800        3.13070       -2.29550
C         -2.19800        3.65210       -3.73140
C         -2.34530        4.05800       -4.85170
C         -2.52380        4.55880       -6.21990
O         -3.88700        4.93530       -6.40110
C         -2.18570        3.50340       -7.27430
C         -0.70620        3.14960       -7.31830
H         -0.41130       -4.57800        5.57170
H          0.58880       -4.16690        6.97560
H         -0.52440       -2.96430        6.30170
H          1.84540       -2.50470        5.64230
H          1.95880       -4.11040        4.91800
H          0.01300       -1.91390        4.04380
H          0.13360       -3.51340        3.30520
H          2.37420       -1.41980        3.39230
H          2.55020       -3.03990        2.74550
H          2.19730       -1.45360        0.93430
H          0.90090       -2.63500        1.00010
H          0.02400       -0.44280        0.48240
H         -0.62840       -0.98390        2.01780
H          1.05370        0.44080        3.23380
H          1.72000        0.97410        1.71140
H         -1.19370        1.44100        2.60430
H          0.15710        5.01230        4.42810
H          1.71880        4.15710        4.67550
H          0.45890        4.10900        5.92610
H          0.36510        2.68680        0.23530
H         -2.56360        1.83550        0.65320
H         -1.91310        5.45420       -6.37990
H         -4.11600        5.52500       -5.66270
H         -2.77500        2.59310       -7.10340
H         -2.49140        3.87270       -8.26160
H         -0.37410        2.69280       -6.38100
H         -0.51480        2.43420       -8.12450
H         -0.09630        4.03940       -7.50410

