HF BASIS=def2-svp cutoff=1.0e-9 denserms=1.0e-6  zmake GRADIENT DIPOLE CHARGE=0

O         -1.69440       -0.98690       -2.40120
C         -0.54480       -0.29210       -2.86180
C          0.57140       -1.27040       -3.20600
C          0.92950       -2.22370       -2.07180
O          1.45880       -1.51470       -0.96150
P          0.62320       -1.50750        0.41510
O         -0.79990       -1.10600        0.18180
N          0.81180       -3.00430        1.03610
C          0.39290       -3.27690        2.41390
C         -1.10040       -3.05770        2.66980
Cl         -1.53160       -3.60440        4.31000
N          1.49080       -0.54830        1.40080
C          1.43390        0.90170        1.24390
C          2.19830        1.41660        0.02370
Cl          2.17230        3.19600       -0.02400
H         -1.65670       -0.97360       -1.41790
H         -0.23180        0.43090       -2.10220
H         -0.82870        0.27270       -3.75540
H          1.45710       -0.69670       -3.50190
H          0.25970       -1.87370       -4.06690
H          0.06680       -2.83250       -1.78040
H          1.70690       -2.91500       -2.41370
H          0.37860       -3.69670        0.43440
H          0.65300       -4.31960        2.63260
H          0.98420       -2.66520        3.10470
H         -1.71150       -3.62610        1.96220
H         -1.36920       -2.00040        2.60100
H          2.45590       -0.85350        1.45500
H          0.38730        1.22470        1.20150
H          1.85800        1.34800        2.15120
H          1.75480        1.06380       -0.90960
H          3.24640        1.10310        0.05330

