HF BASIS=def2-svp cutoff=1.0e-9 denserms=1.0e-6  zmake GRADIENT DIPOLE CHARGE=0

C          1.36700        2.47570        3.12550
C          1.93250        1.33410        2.27990
C          3.06510        0.63940        3.04080
C          0.85570        0.30260        1.89650
C         -0.31530        0.84060        1.06080
O         -1.22250       -0.23010        0.79630
C          0.06870        1.51340       -0.26690
C          0.99620        0.71960       -1.21520
C          1.43180        1.62690       -2.37450
C          0.41920       -0.60940       -1.74320
C         -0.88490       -0.49090       -2.53180
C         -1.23590       -1.82370       -3.16930
O         -0.76850       -2.11230       -4.27280
C         -2.09490       -2.76820       -2.46670
C         -2.71330       -2.59980       -1.24510
O         -3.43740       -3.69930       -0.90950
C         -3.29160       -4.59120       -1.92120
C         -2.48050       -4.07160       -2.90080
H          0.87520        2.09590        4.02740
H          2.16430        3.15860        3.43830
H          0.63810        3.06600        2.56210
H          2.36610        1.76390        1.36960
H          2.70350        0.19390        3.97390
H          3.51010       -0.15650        2.43430
H          3.85970        1.35060        3.29070
H          0.44660       -0.14850        2.81140
H          1.32120       -0.53690        1.36390
H         -0.87990        1.56900        1.65390
H         -1.48340       -0.60520        1.65650
H          0.55490        2.46890       -0.03130
H         -0.85190        1.77010       -0.80650
H          1.91350        0.46820       -0.66860
H          2.07810        1.08650       -3.07400
H          0.57420        2.01800       -2.93070
H          1.99920        2.48480       -1.99690
H          1.17750       -1.08300       -2.38210
H          0.28110       -1.30890       -0.91070
H         -1.71150       -0.13670       -1.91040
H         -0.78480        0.23200       -3.34910
H         -2.74280       -1.79730       -0.52180
H         -3.81580       -5.52890       -1.79980
H         -2.19180       -4.56010       -3.82190

