HF BASIS=def2-svp cutoff=1.0e-9 denserms=1.0e-6  zmake GRADIENT DIPOLE CHARGE=0

C          0.33080        0.17270       -4.15230
C          1.35350        1.27960       -3.94630
C          1.69170        1.53330       -2.47570
C          0.51210        2.08140       -1.66790
C          0.92940        2.40090       -0.23030
C         -0.18280        3.05010        0.59940
C         -1.47280        2.23670        0.74450
C         -1.25970        0.86330        1.38600
C         -2.59290        0.14280        1.60400
C         -2.44760       -1.20030        2.32550
C         -1.69910       -2.25350        1.50450
C         -1.68350       -3.60690        2.22370
C         -0.95720       -4.68460        1.42020
C          0.55390       -4.52280        1.40170
C          1.30420       -5.41320        0.44530
O          1.15160       -3.73900        2.13730
H          0.65200       -0.75470       -3.66780
H         -0.64870        0.45140       -3.75300
H          0.20660       -0.02900       -5.22110
H          0.99000        2.20350       -4.41080
H          2.27560        1.00270       -4.47120
H          2.05530        0.60570       -2.01680
H          2.51960        2.25190       -2.43430
H          0.12650        2.98820       -2.14890
H         -0.29750        1.34480       -1.65910
H          1.28410        1.48960        0.26500
H          1.78270        3.09060       -0.24910
H         -0.43530        4.02080        0.15460
H          0.21390        3.26500        1.59960
H         -1.95440        2.11930       -0.23310
H         -2.17040        2.81710        1.36150
H         -0.74440        0.98200        2.34650
H         -0.61710        0.25580        0.74140
H         -3.09390       -0.00980        0.64020
H         -3.25140        0.78290        2.20430
H         -3.45300       -1.57430        2.55540
H         -1.93980       -1.04910        3.28580
H         -0.67150       -1.92280        1.32340
H         -2.18100       -2.36540        0.52570
H         -2.71810       -3.93390        2.38460
H         -1.22580       -3.49740        3.21420
H         -1.16690       -5.66470        1.86360
H         -1.32200       -4.69260        0.38720
H          1.12520       -6.45990        0.70300
H          0.97370       -5.21370       -0.57700
H          2.37620       -5.20910        0.51480

