HF BASIS=def2-svp cutoff=1.0e-9 denserms=1.0e-6  zmake GRADIENT DIPOLE CHARGE=0

O         -3.51300        2.58160       -2.68290
C         -3.68450        1.74230       -1.53110
C         -2.85380        2.31400       -0.38400
C         -1.38190        1.83190       -0.35350
C         -0.93010        1.29970       -1.72490
C         -1.81270        0.17910       -2.28950
O         -1.28130       -1.07940       -1.79750
C         -1.75890       -2.20070       -2.39350
O         -2.59310       -2.23720       -3.28420
C         -1.14790       -3.37400       -1.74350
C         -1.62510       -4.59790       -2.01730
C         -1.12760       -5.83340       -1.39870
C         -0.81370       -5.90550       -0.02920
C         -0.41210       -7.11390        0.55360
C         -0.33290       -8.25280       -0.23690
O          0.03540       -9.46640        0.27570
C         -0.64500       -8.18880       -1.59250
O         -0.57270       -9.31490       -2.36220
C         -1.04600       -6.99430       -2.17820
C         -3.30670        0.31170       -1.91340
O         -4.12210       -0.04610       -3.04650
O         -0.51280        2.97270       -0.08650
C         -0.62000        3.55640        1.13400
O         -1.36310        3.21130        2.03730
C          0.29260        4.71900        1.17030
C          0.34010        5.48880        2.26870
C          1.15940        6.70220        2.44050
C          0.83840        7.57010        3.50130
C          1.57000        8.73970        3.72490
C          2.62960        9.04240        2.88740
O          3.34160       10.18700        3.09940
C          2.97190        8.19130        1.84100
O          4.03480        8.55000        1.05540
C          2.24940        7.02160        1.61340
C         -1.08850        0.73060        0.68970
O         -2.14680       -0.04830        0.98780
O         -0.00360        0.50050        1.20640
H         -4.00600        2.12590       -3.39710
H         -4.74960        1.79910       -1.27840
H         -2.88190        3.40970       -0.45850
H         -3.34730        2.07010        0.56430
H          0.11390        0.96230       -1.66810
H         -0.92240        2.13760       -2.43510
H         -1.68320        0.17780       -3.38000
H         -0.32810       -3.19780       -1.05920
H         -2.44000       -4.72650       -2.72780
H         -0.89890       -5.02590        0.60470
H         -0.18240       -7.14290        1.61410
H          0.18980       -9.35900        1.23100
H         -0.30390      -10.02150       -1.73960
H         -1.29240       -6.98020       -3.23760
H         -3.57520       -0.37420       -1.10300
H         -3.83830       -0.94600       -3.32470
H          0.87100        4.91050        0.27740
H         -0.29650        5.23510        3.11560
H          0.00480        7.34740        4.16570
H          1.31120        9.40650        4.54220
H          4.01430       10.19410        2.38870
H          4.18620        7.84270        0.40660
H          2.53710        6.36430        0.80050
H         -1.80930       -0.62360        1.70800

