HF BASIS=def2-svp cutoff=1.0e-9 denserms=1.0e-6  zmake GRADIENT DIPOLE CHARGE=0

C         -1.48680        1.79240       -2.41890
C         -0.86490        0.66840       -1.60830
C          0.63620        0.53150       -1.83980
C          1.14790        0.04970       -0.48580
C         -0.10850        0.00390        0.41390
O         -0.98390        0.96480       -0.20990
C         -0.87890       -1.30010        0.25280
C         -1.12260       -1.67740       -1.18050
O         -1.56590       -0.53950       -1.92300
C         -1.42450       -1.97860        1.27850
C         -1.39960       -1.48520        2.69180
C         -1.04410        0.00080        2.78230
C          0.18180        0.37700        1.91020
C          1.42690       -0.36840        2.44860
C          0.42640        1.89280        2.07790
H         -1.39040        1.60620       -3.49350
H         -1.03250        2.75920       -2.17830
H         -2.55710        1.87560       -2.19730
H          0.88640       -0.16060       -2.64980
H          1.09740        1.50050       -2.06420
H          1.88740        0.77390       -0.12850
H          1.65790       -0.91790       -0.55140
H         -1.89820       -2.44520       -1.27210
H         -0.21770       -2.08580       -1.64330
H         -1.98990       -2.88910        1.09400
H         -0.69530       -2.09090        3.27270
H         -2.38870       -1.63470        3.14060
H         -0.86590        0.26030        3.83380
H         -1.91350        0.59340        2.46500
H          2.35050        0.00930        1.99710
H          1.52540       -0.23420        3.53210
H          1.38360       -1.44400        2.24960
H          1.27560        2.23680        1.47940
H          0.64300        2.14030        3.12380
H         -0.45050        2.47870        1.78180

