HF BASIS=def2-svp cutoff=1.0e-9 denserms=1.0e-6  zmake GRADIENT DIPOLE CHARGE=0

C         -2.75450        0.93770        0.48430
C         -3.43560        2.29540        0.29880
C         -4.78240        2.30690        1.02240
C         -2.55350        3.44040        0.81100
C         -1.31550        3.60990       -0.03600
O         -1.33200        3.89950       -1.22460
O         -0.20180        3.38210        0.70930
C          1.03870        3.41030       -0.01000
C          1.37930        2.03020       -0.50520
C          1.34360        1.70390       -1.81240
O          1.60110        0.45840       -2.35410
C          1.68660       -0.63060       -1.38930
O          0.35360       -1.01500       -0.99740
C          0.12090       -2.33770       -0.82150
O          0.92700       -3.23120       -1.03530
C         -1.29810       -2.53520       -0.33680
C         -1.57230       -3.95730        0.17560
C         -0.87140       -4.21660        1.51180
C         -3.07860       -4.17440        0.33300
C          2.53250       -0.17490       -0.19040
C          1.80000        1.00540        0.41780
C          1.55240        0.82710        1.72340
C          2.04530       -0.51570        2.18320
O          0.92150       -1.28680        2.57560
C          2.69350       -1.13460        0.96380
C          3.18640       -2.56480        0.85820
O          4.07310       -1.50530        1.20500
H         -2.51710        0.75100        1.53720
H         -1.82340        0.88100       -0.08810
H         -3.40400        0.12760        0.13570
H         -3.62450        2.43560       -0.77310
H         -5.30070        3.25840        0.86410
H         -5.43160        1.50780        0.64910
H         -4.65590        2.16460        2.10110
H         -2.27110        3.27130        1.85730
H         -3.09150        4.39550        0.78360
H          1.01380        4.14820       -0.82160
H          1.81160        3.75870        0.68510
H          1.08620        2.40280       -2.60060
H          2.18890       -1.45000       -1.91540
H         -1.95680       -2.30830       -1.18340
H         -1.49780       -1.81250        0.46280
H         -1.20030       -4.68710       -0.55440
H         -1.21390       -3.51740        2.28240
H         -1.07660       -5.23290        1.86480
H          0.21410       -4.11310        1.42060
H         -3.50920       -3.46880        1.05190
H         -3.29110       -5.18950        0.68480
H         -3.59310       -4.03940       -0.62430
H          3.51690        0.16610       -0.54100
H          0.98810        1.49300        2.35900
H          2.73500       -0.40480        3.02680
H          1.27620       -2.07310        3.02310
H          3.30900       -3.01390       -0.11990
H          2.90700       -3.27020        1.63040

