HF BASIS=def2-svp cutoff=1.0e-9 denserms=1.0e-6  zmake GRADIENT DIPOLE CHARGE=+1

O         -0.96930        5.25650        3.38750
C         -0.62680        4.47620        2.23340
C          0.62770        3.67280        2.55120
O          1.66770        4.59710        2.94590
C          1.02700        2.83000        1.29780
O          0.53410        3.39780        0.09070
C          0.64000        4.82240        0.07890
C         -0.41030        5.41870        1.03130
O         -1.69730        5.55950        0.42040
C          0.52430        5.32100       -1.35370
O          0.25310        6.63810       -1.44190
O          0.71350        4.65580       -2.35920
O          0.42820        1.56190        1.44440
C          0.71180        0.64050        0.56970
C         -0.04750       -0.63120        0.71680
C          0.03420       -1.61470       -0.18470
O         -0.74300       -2.75800       -0.02490
C         -0.78080       -3.71350       -1.03410
C         -0.05470       -3.57950       -2.15880
O         -0.05390       -4.43310       -3.23130
C          0.82300       -2.44550       -2.31250
C          0.90110       -1.49250       -1.36260
C          1.79000       -0.33720       -1.44540
O          2.77420       -0.28140       -2.41990
C          1.72040        0.67210       -0.56260
O          2.61660        1.73180       -0.66160
C         -1.68670       -4.83530       -0.75580
C         -3.05140       -4.59250       -0.55860
C         -3.90300       -5.65570       -0.29220
O         -5.23240       -5.40700       -0.10630
C         -3.42030       -6.95900       -0.21340
O         -4.31970       -7.95220        0.05260
C         -2.06850       -7.21800       -0.39880
C         -1.20150       -6.15270       -0.66790
H         -1.82640        5.68710        3.19100
H         -1.46360        3.79020        2.05030
H          0.47270        3.01290        3.41180
H          1.28170        5.11830        3.68630
H          2.11900        2.75680        1.29260
H          1.65270        5.09760        0.40210
H         -0.10470        6.41930        1.35950
H         -1.66680        6.34510       -0.16250
H          0.26570        6.83130       -2.40780
H         -0.70490       -0.69360        1.57500
H         -0.76630       -5.08790       -3.11340
H          1.38520       -2.42220       -3.23980
H          2.89650       -1.15630       -2.83110
H          3.12880        1.55960       -1.48680
H         -3.45890       -3.58690       -0.61400
H         -5.63010       -6.28550        0.06240
H         -3.84620       -8.80170        0.08740
H         -1.67250       -8.22690       -0.33320
H         -0.13970       -6.35770       -0.79730

