HF BASIS=def2-svp cutoff=1.0e-9 denserms=1.0e-6  zmake GRADIENT DIPOLE CHARGE=0

C         -6.40160       -6.56340       -1.00070
C         -5.12650       -5.77290       -1.30720
C         -4.45440       -6.34310       -2.55680
C         -5.46550       -4.27760       -1.45420
C         -4.27500       -3.34790       -1.71740
C         -3.13730       -3.40750       -0.68940
C         -3.54160       -3.10810        0.76840
C         -4.09450       -1.68990        0.93080
C         -2.37800       -3.37880        1.74900
C         -1.13210       -2.50690        1.55030
C         -0.05650       -2.84130        2.59150
C          1.29220       -2.12820        2.34340
C          2.33380       -2.68190        3.32280
C          1.15770       -0.59520        2.46070
C          2.45020        0.21020        2.26220
C          3.09040       -0.00930        0.88340
C          4.26440        0.95300        0.55750
C          5.42870        0.67470        1.52720
C          4.78370        0.73130       -0.87970
C          3.84870        1.31990       -1.92700
C          3.56570        2.74910       -1.56970
C          3.76630        3.74500       -2.44460
C          3.51640        5.14910       -2.06880
O          3.59600        6.03090       -2.91690
C          3.20300        5.44840       -0.63640
C          3.19760        6.91570       -0.31280
C          2.99750        4.43220        0.23420
C          2.71220        4.67210        1.70050
C          3.06010        2.96340       -0.17220
O          1.75080        2.42110       -0.12970
O          3.92280        2.32980        0.76870
H         -6.17550       -7.62490       -0.85360
H         -6.87750       -6.19470       -0.08580
H         -7.12670       -6.48170       -1.81760
H         -4.44650       -5.90800       -0.45800
H         -3.48100       -5.87620       -2.73480
H         -5.07450       -6.18940       -3.44630
H         -4.28180       -7.41930       -2.44750
H         -5.99070       -3.93730       -0.55320
H         -6.17990       -4.15110       -2.27860
H         -4.64890       -2.31910       -1.78520
H         -3.85690       -3.56890       -2.70700
H         -2.66420       -4.39570       -0.73730
H         -2.37140       -2.69090       -1.01100
H         -4.34000       -3.80310        1.05680
H         -5.04810       -1.57840        0.40510
H         -3.40510       -0.93840        0.53320
H         -4.27790       -1.46120        1.98600
H         -2.09130       -4.43520        1.66590
H         -2.74660       -3.24320        2.77420
H         -0.71960       -2.66420        0.54810
H         -1.40910       -1.45200        1.63370
H          0.11280       -3.92590        2.57960
H         -0.42910       -2.59340        3.59360
H          1.61950       -2.38130        1.32740
H          2.37780       -3.77510        3.26800
H          2.09300       -2.40520        4.35470
H          3.33690       -2.31050        3.09330
H          0.42920       -0.23390        1.72580
H          0.74880       -0.34480        3.44820
H          2.20140        1.26990        2.39000
H          3.16110       -0.03420        3.05780
H          3.45380       -1.04210        0.81190
H          2.30520        0.07980        0.12620
H          5.75230       -0.37030        1.48320
H          5.15800        0.91660        2.56050
H          6.29030        1.31140        1.29260
H          5.76010        1.22270       -0.99460
H          4.94480       -0.33560       -1.07570
H          4.31560        1.23620       -2.91570
H          2.91160        0.75450       -1.97670
H          4.11410        3.58100       -3.45740
H          3.23280        7.12120        0.75980
H          2.29880        7.38930       -0.72130
H          4.07570        7.40960       -0.74440
H          3.64360        4.63950        2.27510
H          2.22030        5.63130        1.88310
H          2.03880        3.91120        2.10830
H          1.19010        3.03010        0.37000

