HF BASIS=def2-svp cutoff=1.0e-9 denserms=1.0e-6  zmake GRADIENT DIPOLE CHARGE=0

N          0.07030        1.51800       -1.28280
C          1.21700        1.91550       -0.41890
C          0.94290        3.22290        0.33330
O          0.50410        4.22560       -0.58660
C          1.54480        0.78550        0.56700
O          2.10440        0.94260        1.64970
N          1.24670       -0.47010        0.09620
C          1.17710       -1.65560        0.96600
C          0.30460       -2.76070        0.34120
C         -1.14080       -2.36230        0.23610
C         -2.06450       -2.38390        1.26400
N         -3.26440       -1.94380        0.77540
C         -3.14650       -1.62420       -0.55640
C         -1.82860       -1.89130       -0.92910
C         -1.45190       -1.66000       -2.26840
C         -2.39560       -1.16460       -3.17570
C         -3.70150       -0.90370       -2.77020
C         -4.10370       -1.13110       -1.45140
C          2.56650       -2.23000        1.30940
O          3.48660       -1.30380        1.67110
O          2.82450       -3.42600        1.36500
H         -0.11080        2.32850       -1.88690
H         -0.77410        1.46460       -0.70750
H          2.08450        2.04580       -1.07620
H          1.85130        3.58040        0.82980
H          0.16310        3.08870        1.09110
H          0.41300        5.05210       -0.07990
H          0.61900       -0.43280       -0.70980
H          0.73670       -1.33810        1.92070
H          0.35650       -3.67490        0.94710
H          0.69170       -3.02930       -0.64990
H         -1.97050       -2.68120        2.30060
H         -4.11910       -1.86650        1.30930
H         -0.43840       -1.86020       -2.60360
H         -2.10320       -0.98410       -4.20730
H         -4.42100       -0.52220       -3.49120
H         -5.12450       -0.93400       -1.14060
H          3.10440       -0.39590        1.73030

