HF BASIS=def2-svp cutoff=1.0e-9 denserms=1.0e-6  zmake GRADIENT DIPOLE CHARGE=0

C          0.11210       -2.16370        3.25550
C          1.28870       -2.63880        2.39310
O          2.53200       -2.34710        3.05780
C          3.63880       -2.38720        2.26990
O          3.63810       -2.63680        1.07220
C          4.89650       -2.15840        3.07660
C          4.81920       -0.98990        4.06140
C          4.41670        0.35040        3.43600
C          5.42750        0.87930        2.41400
C          4.99740        2.19810        1.75510
C          3.63020        2.16360        1.06290
C          3.56030        1.19260       -0.12050
C          2.14280        0.65320       -0.30910
C          2.03000       -0.19490       -1.57440
C          0.65180       -0.84800       -1.68170
C          0.48150       -1.56810       -3.02140
C         -0.83560       -2.28840       -3.08490
C         -1.06710       -3.53240       -3.53350
C         -0.07250       -4.50050       -4.10930
C          0.07010       -5.77190       -3.26580
C          0.72620       -5.51940       -1.90350
C          0.89830       -6.82990       -1.13060
C          1.50370       -6.64930        0.26570
C          2.94770       -6.14310        0.23490
C          3.59360       -6.06440        1.62010
C          3.85270       -7.42460        2.24840
C          0.28380       -2.56880        4.72310
O         -0.97570       -2.37930        5.39770
C         -0.89580       -2.29340        6.74980
O          0.14090       -2.38610        7.39550
C         -2.25400       -2.14700        7.39890
C         -3.36830       -1.58540        6.51580
C         -3.15950       -0.11250        6.14980
C         -4.35580        0.42200        5.36040
C         -4.17360        1.89200        4.97830
C         -5.42950        2.43960        4.29300
C         -5.23380        3.86190        3.84930
C         -5.44470        4.37120        2.62390
C         -5.95210        3.65480        1.40410
C         -7.05740        4.43110        0.74640
C         -7.05170        4.99130       -0.47600
C         -5.92980        5.00860       -1.47550
C         -6.26610        4.17100       -2.67600
C         -5.70450        3.01230       -3.06080
C         -4.62020        2.24040       -2.36280
C         -3.31030        2.17350       -3.15640
C         -3.38830        1.50300       -4.53280
C         -3.92640        0.07340       -4.48430
C         -3.77310       -0.62850       -5.82390
O          0.03540       -0.71470        3.21730
C         -0.66680       -0.18500        2.17610
O         -1.19710       -0.83670        1.28890
C         -0.65650        1.32360        2.26530
C         -1.75540        1.94670        1.40330
C         -1.78580        3.47300        1.51020
C         -0.74240        4.19830        0.65250
C         -1.09510        4.17970       -0.84060
C         -0.28600        5.18830       -1.66550
C          1.21040        4.88740       -1.77780
C          1.56440        3.64650       -2.60420
C          1.28830        3.81310       -4.10120
C          1.67530        2.58190       -4.93020
C          3.18140        2.30180       -4.93700
C          3.60200        1.23100       -5.95140
C          3.00430       -0.14820       -5.66280
C          3.45870       -1.22600       -6.65010
C          4.92770       -1.59390       -6.51190
H         -0.82740       -2.58490        2.87640
H          1.26040       -2.14930        1.41510
H          1.22730       -3.72320        2.25810
H          5.11420       -3.08540        3.61890
H          5.72370       -2.00140        2.37590
H          5.79040       -0.88100        4.55950
H          4.09400       -1.23020        4.84890
H          4.30810        1.08960        4.23900
H          3.42800        0.23890        2.98160
H          5.61570        0.13120        1.63790
H          6.38960        1.04180        2.91610
H          5.76290        2.49550        1.02840
H          4.97560        2.98190        2.52260
H          3.39860        3.17210        0.69540
H          2.85260        1.93830        1.80060
H          3.89450        1.71160       -1.02700
H          4.23270        0.34070        0.01620
H          1.87760        0.04600        0.56320
H          1.42750        1.48160       -0.35300
H          2.21140        0.43720       -2.45020
H          2.80180       -0.97450       -1.57220
H          0.52410       -1.56100       -0.85800
H         -0.12870       -0.08390       -1.57270
H          0.50780       -0.83050       -3.83090
H          1.32280       -2.25130       -3.17050
H         -1.69140       -1.72430       -2.71640
H         -2.09490       -3.89350       -3.50120
H         -0.42800       -4.78440       -5.10830
H          0.91130       -4.04530       -4.25940
H          0.67970       -6.49010       -3.82860
H         -0.91410       -6.23680       -3.12370
H          1.69980       -5.04270       -2.06190
H          0.11610       -4.82830       -1.31100
H          1.52000       -7.52340       -1.71030
H         -0.08350       -7.30760       -1.01830
H          0.88160       -5.96180        0.85130
H          1.46290       -7.62060        0.77110
H          3.55410       -6.78480       -0.41560
H          2.96940       -5.13820       -0.20150
H          4.55220       -5.54060        1.52470
H          2.97030       -5.46660        2.29450
H          4.43040       -7.30690        3.17090
H          4.42300       -8.06900        1.57190
H          2.91930       -7.93280        2.50570
H          1.05760       -1.95200        5.19570
H          0.54680       -3.62930        4.80210
H         -2.54690       -3.14600        7.74240
H         -2.13500       -1.50730        8.28110
H         -4.31480       -1.68250        7.06330
H         -3.47320       -2.18390        5.60280
H         -2.24590        0.00560        5.55600
H         -3.03050        0.47910        7.06380
H         -5.26710        0.30910        5.95980
H         -4.49300       -0.17600        4.45130
H         -3.95770        2.48270        5.87760
H         -3.30690        1.99040        4.31360
H         -5.69150        1.78560        3.45570
H         -6.27040        2.41090        4.99730
H         -4.87910        4.54570        4.62050
H         -5.21860        5.42750        2.47660
H         -6.34780        2.66400        1.64670
H         -5.11110        3.49400        0.72560
H         -7.96960        4.52070        1.33660
H         -7.95850        5.50470       -0.79530
H         -5.78680        6.04410       -1.81070
H         -4.97520        4.72080       -1.02880
H         -7.06210        4.57060       -3.30410
H         -6.09440        2.54830       -3.96640
H         -4.39830        2.66970       -1.38130
H         -4.98980        1.22770       -2.16040
H         -2.57090        1.63440       -2.54960
H         -2.91720        3.19000       -3.28930
H         -4.00460        2.10550       -5.21100
H         -2.37710        1.49660       -4.96010
H         -3.39610       -0.49940       -3.71720
H         -4.98650        0.07620       -4.20940
H         -4.32070       -0.09770       -6.60990
H         -2.71970       -0.68890       -6.11820
H         -4.16620       -1.64850       -5.76370
H         -0.81690        1.60650        3.31230
H          0.33050        1.67620        1.95500
H         -1.65080        1.63140        0.35950
H         -2.72350        1.55680        1.74300
H         -1.65210        3.76630        2.55900
H         -2.78070        3.82660        1.21900
H         -0.70050        5.24110        0.99090
H          0.25210        3.77110        0.81710
H         -2.15540        4.43600       -0.95850
H         -0.97230        3.17090       -1.24600
H         -0.72740        5.25820       -2.66580
H         -0.40560        6.18320       -1.21690
H          1.70800        5.75870       -2.22180
H          1.63730        4.77550       -0.77470
H          2.63110        3.44850       -2.45320
H          1.02340        2.77310       -2.22980
H          1.82180        4.69210       -4.48270
H          0.21950        3.99720       -4.25890
H          1.12930        1.71090       -4.55010
H          1.33750        2.74480       -5.96110
H          3.51450        1.99410       -3.93940
H          3.71770        3.22780       -5.17810
H          4.69590        1.17070       -5.93480
H          3.31780        1.55220       -6.96090
H          1.91140       -0.08780       -5.72160
H          3.25410       -0.45720       -4.64090
H          3.25540       -0.90280       -7.67770
H          2.85920       -2.12770       -6.47680
H          5.58040       -0.75770       -6.77830
H          5.15990       -1.90240       -5.48760
H          5.16910       -2.42790       -7.17880

