HF BASIS=def2-svp cutoff=1.0e-9 denserms=1.0e-6  zmake GRADIENT DIPOLE CHARGE=0

C         -0.36230        2.53870       -1.53550
C          0.88290        1.88890       -0.91450
C          1.85790        3.00380       -0.51400
C          0.52320        0.95920        0.28770
C          1.74140        0.39060        1.02500
C          2.51900       -0.51800        0.10480
O          3.74450       -0.41780        0.01450
C          1.74190       -1.60900       -0.62540
C          2.23040       -1.71780       -2.07080
C          0.23340       -1.42510       -0.56450
C         -0.60440       -2.49510       -0.92410
C         -1.99050       -2.36400       -0.85110
O         -2.80120       -3.40610       -1.20350
C         -2.57930       -1.17780       -0.41400
C         -4.07170       -1.04200       -0.33000
C         -1.74710       -0.11240       -0.04850
C         -0.34710       -0.21910       -0.12690
H         -0.93920        3.08900       -0.78460
H         -1.01600        1.79300       -1.99730
H         -0.08140        3.24310       -2.32640
H          1.36430        1.30030       -1.70470
H          1.47640        3.57620        0.33810
H          2.84010        2.60140       -0.24920
H          2.01810        3.70080       -1.34410
H         -0.03270        1.55550        1.02510
H          2.39640        1.18340        1.39800
H          1.43590       -0.20190        1.89690
H          1.97870       -2.53830       -0.08970
H          3.31360       -1.87630       -2.11120
H          1.75720       -2.55520       -2.59440
H          2.01060       -0.80590       -2.63680
H         -0.16360       -3.43220       -1.25380
H         -2.24930       -4.14820       -1.49800
H         -4.36580       -0.04490        0.01410
H         -4.47950       -1.77190        0.37680
H         -4.52320       -1.19890       -1.31500
H         -2.19530        0.81690        0.29980

