HF BASIS=def2-svp cutoff=1.0e-9 denserms=1.0e-6  zmake GRADIENT DIPOLE CHARGE=+1

Cl          0.70850        0.66890        2.40110
C         -0.80780       -0.15520        2.35140
C         -1.76160        0.18270        3.31390
C         -3.00260       -0.45040        3.32020
C         -3.29040       -1.42360        2.36770
C         -2.34000       -1.76420        1.40340
C         -1.08340       -1.13070        1.37560
C         -0.08900       -1.51750        0.30920
N          0.05530       -0.47850       -0.75740
C          1.18190        0.12750       -0.95920
C          1.35870        1.10560       -2.00810
C          0.37130        1.22480       -2.96140
C         -0.84680        0.36160       -2.97990
C         -1.18310       -0.10140       -1.55260
S          0.71290        2.40790       -4.12360
C          2.20940        2.77640       -3.37010
C          2.43670        2.00020       -2.25050
H         -1.54610        0.93610        4.06980
H         -3.74280       -0.19040        4.07510
H         -4.25770       -1.92420        2.38490
H         -2.59810       -2.54090        0.68410
H         -0.39450       -2.43960       -0.19970
H          0.89240       -1.72340        0.75310
H          2.04280       -0.11420       -0.31420
H         -0.64320       -0.51440       -3.60900
H         -1.70970        0.88230       -3.40950
H         -1.67350        0.69950       -0.98740
H         -1.84610       -0.97200       -1.58720
H          2.84980        3.54260       -3.78920
H          3.33340        2.09280       -1.64740

