HF BASIS=def2-svp cutoff=1.0e-9 denserms=1.0e-6  zmake GRADIENT DIPOLE CHARGE=+1

C         -3.45480        1.44730        1.52760
O         -3.79810        0.42600        0.59000
C         -2.78210       -0.05020       -0.20180
C         -3.13840       -0.98310       -1.18770
O         -4.43130       -1.40240       -1.37490
S         -5.18610       -2.25340       -0.20250
O         -5.99740       -1.11020        0.59740
O         -6.16570       -3.11000       -0.83530
O         -4.21370       -2.79450        0.72420
C         -2.18880       -1.48950       -2.07740
C         -0.85660       -1.09780       -1.96630
C         -0.47440       -0.18580       -0.97590
C         -1.44040        0.33150       -0.09640
C          0.92810        0.22910       -0.84350
C          1.59760        0.95040       -1.76760
O          1.08420        1.42360       -2.95020
C          2.97870        1.30400       -1.54210
C          3.59720        0.92130       -0.41200
C          2.84550        0.14440        0.57740
O          1.51930       -0.18060        0.35110
C          3.44800       -0.31170        1.81230
C          4.73760        0.00590        2.03870
O          5.43710       -0.36350        3.16660
C          5.51390        0.78720        1.07620
O          6.82510        1.05460        1.41900
C          4.98950        1.22590       -0.08540
O          5.72140        1.96100       -0.99200
H         -4.37350        1.74730        2.04060
H         -2.76060        1.06710        2.28390
H         -3.05250        2.33070        1.02080
H         -5.34860       -0.41080        0.82960
H         -2.48180       -2.20000       -2.84690
H         -0.11710       -1.51790       -2.64650
H         -1.10880        1.03560        0.66170
H          0.13800        1.20570       -2.98850
H          3.49210        1.88050       -2.30510
H          2.84630       -0.88960        2.50130
H          4.83790       -0.88590        3.72950
H          6.94270        0.62400        2.29150
H          6.60690        2.04530       -0.58530

