HF BASIS=def2-svp cutoff=1.0e-9 denserms=1.0e-6  zmake GRADIENT DIPOLE CHARGE=0

C          3.71000        6.44130        0.02920
O          4.22070        5.19660        0.49220
C          3.40930        4.10360        0.33040
C          3.92140        2.90650        0.83460
O          5.15510        2.88190        1.42840
C          3.21120        1.71330        0.75390
C          1.93790        1.68630        0.16420
C          1.15600        0.37410        0.05200
C          1.12370       -0.39630        1.39780
C          0.24120       -1.62270        1.36080
C          0.34510       -2.59180        2.36480
C         -0.48850       -3.70210        2.33370
O         -0.35770       -4.63630        3.32630
C         -1.44090       -3.87790        1.32480
O         -2.18690       -5.02440        1.42650
C         -3.19080       -5.22090        0.43790
C         -1.55080       -2.90750        0.32860
C         -0.72180       -1.76920        0.34630
C         -0.83130       -0.74270       -0.76050
N         -0.24750        0.55770       -0.40020
C         -0.32510        1.49010       -1.52650
C          0.08780        2.88930       -1.06730
C          1.43470        2.88220       -0.38970
C          2.16050        4.08540       -0.28510
H          2.78810        6.71090        0.55510
H          3.55830        6.42580       -1.05510
H          4.45600        7.21080        0.24970
H          5.46880        3.80630        1.38900
H          3.67040        0.81340        1.15230
H          1.69240       -0.23030       -0.69580
H          2.13730       -0.71740        1.66590
H          0.76040        0.26060        2.19970
H          1.06820       -2.48680        3.16880
H         -1.02940       -5.31450        3.11960
H         -3.93660       -4.41960        0.46700
H         -2.74870       -5.31560       -0.55930
H         -3.70330       -6.16070        0.66500
H         -2.27330       -3.00550       -0.47490
H         -0.35020       -1.15470       -1.65760
H         -1.89530       -0.59560       -0.98510
H         -1.35340        1.54870       -1.90420
H          0.30860        1.15620       -2.35930
H          0.11260        3.55190       -1.94070
H         -0.65340        3.28850       -0.36360
H          1.72370        4.98760       -0.70060

