HF BASIS=def2-svp cutoff=1.0e-9 denserms=1.0e-6  zmake GRADIENT DIPOLE CHARGE=0

C          6.78400        4.72290       -3.86950
C          5.84160        5.06990       -2.74550
C          4.44160        4.96820       -2.87860
N          3.88750        4.50680       -4.09870
C          2.57910        4.11690       -4.32940
O          1.65150        4.10810       -3.52470
C          2.32300        3.61020       -5.69980
C          1.57570        2.43400       -5.84630
C          1.29730        1.93480       -7.11890
N          0.53300        0.76920       -7.33780
C          0.27120       -0.22430       -6.40160
O          0.86000       -0.33600       -5.33590
N         -0.73220       -1.06320       -6.85580
C         -1.31110       -2.16020       -6.18290
C         -2.35670       -2.82410       -6.83940
C         -3.01000       -3.90560       -6.24050
C         -2.62110       -4.33370       -4.97450
C         -1.56630       -3.69290       -4.31650
C         -0.91950       -2.59920       -4.91450
C         -1.17910       -4.18510       -2.96530
O         -2.06990       -4.55640       -2.21610
N          0.18300       -4.22070       -2.73070
C          0.85080       -4.61140       -1.54320
C          2.26300       -4.65380       -1.54150
C          3.08010       -4.33130       -2.76440
C          2.94340       -5.00620       -0.36430
C          2.24250       -5.28580        0.80690
C          0.84750       -5.22650        0.81850
C          0.15970       -4.92890       -0.36510
C          0.15570       -5.44570        2.12430
O          0.63600       -6.27940        2.88570
N         -0.93720       -4.62380        2.37770
C         -1.58850       -4.38460        3.62190
C         -2.87160       -3.67790        3.71720
C         -3.29210       -3.29960        5.04520
C         -4.51530       -2.59560        5.22470
C         -5.35580       -2.26350        4.17280
C         -5.01890       -2.62610        2.89110
C         -3.80880       -3.30750        2.66310
S         -3.50410       -3.63840        0.93000
O         -2.07180       -2.92050        0.69550
O         -3.35900       -5.06770        0.79840
O         -4.45730       -2.87910        0.14930
S         -6.85530       -1.37980        4.51000
O         -6.33130        0.06800        4.99730
O         -7.50430       -2.02580        5.62640
O         -7.54410       -1.14180        3.25840
C         -2.47920       -3.62820        6.16720
C         -1.31930       -4.37790        6.04060
C         -0.88900       -4.75270        4.78210
S         -2.82510       -3.00580        7.80680
O         -4.27000       -3.60920        8.18960
O         -2.96230       -1.56870        7.69330
O         -1.89660       -3.59080        8.75230
C          1.74740        2.64030       -8.24210
C          2.48900        3.81680       -8.09680
C          2.78190        4.30300       -6.82390
C          3.63360        5.32980       -1.79610
C          4.19500        5.69580       -0.56820
C          5.57280        5.79800       -0.43130
C          6.39240        5.48960       -1.51860
C          3.31310        6.00330        0.58700
O          3.52870        7.03670        1.20420
N          2.34040        5.04070        0.82870
C          1.29650        5.04030        1.79500
C          0.35170        3.92550        1.91610
C         -0.50590        3.93810        3.07900
C         -1.36110        2.83160        3.33350
C         -1.44630        1.73730        2.48400
C         -0.71070        1.71790        1.32040
C          0.14390        2.79460        1.02240
S          0.83530        2.70530       -0.62610
O          0.38130        4.08010       -1.32510
O          2.27310        2.72720       -0.46730
O          0.17770        1.64080       -1.35130
S         -2.55090        0.40660        2.87340
O         -1.95610       -0.22180        4.23170
O         -2.42180       -0.60050        1.83520
O         -3.83750        0.97230        3.20610
C         -0.48610        5.05380        3.96460
C          0.35990        6.13400        3.75750
C          1.23910        6.11900        2.69010
S         -1.55260        5.16670        5.39670
O         -3.04670        5.00650        4.80600
O         -1.28120        4.02320        6.24000
O         -1.51190        6.51680        5.91490
H          6.58070        5.35280       -4.74080
H          7.83000        4.88460       -3.58720
H          6.67770        3.66910       -4.14510
H          4.55000        4.29120       -4.83230
H          1.20480        1.93790       -4.95320
H          0.33900        0.53100       -8.29830
H         -1.17800       -0.79160       -7.71830
H         -2.68660       -2.50800       -7.82450
H         -3.82660       -4.40430       -6.75610
H         -3.13730       -5.16570       -4.49880
H         -0.14290       -2.08550       -4.35860
H          0.77530       -3.96670       -3.50770
H          4.15360       -4.44650       -2.57620
H          2.91290       -3.29360       -3.06620
H          2.81700       -5.00190       -3.58950
H          4.03140       -5.05450       -0.34630
H          2.78730       -5.53900        1.71330
H         -0.92240       -4.95710       -0.35220
H         -1.21860       -4.04610        1.59380
H         -4.86090       -2.29860        6.21490
H         -5.68800       -2.37220        2.07110
H         -2.20610       -1.93970        0.77090
H         -6.68950        0.74050        4.38230
H         -0.70730       -4.64290        6.90020
H          0.05260       -5.28850        4.74070
H         -4.37970       -3.55600        9.16450
H          1.52780        2.28530       -9.24650
H          2.82680        4.35720       -8.97730
H          3.33240        5.23420       -6.72000
H          2.55740        5.36010       -1.88780
H          6.01060        6.11140        0.51390
H          7.47030        5.56890       -1.39520
H          2.49290        4.18270        0.30250
H         -1.99750        2.79850        4.21440
H         -0.81960        0.88280        0.63050
H          0.72040        4.06780       -2.26290
H         -2.49000        0.07930        5.00250
H          0.37990        6.98690        4.43330
H          1.90130        6.97320        2.60890
H         -3.57280        5.76540        5.13990

