HF BASIS=def2-svp cutoff=1.0e-9 denserms=1.0e-6  zmake GRADIENT DIPOLE CHARGE=0

C         -3.12540        2.37950       -1.21980
C         -2.98920        2.49490        0.29020
C         -2.32370        3.79460        0.74980
C         -0.90420        4.03690        0.22300
C          0.12650        2.97040        0.60780
C          0.38980        2.91480        2.08590
C          0.21090        1.87750        2.92110
C         -0.30960        0.50640        2.59910
C          0.60900       -0.56460        3.11570
C          1.37340       -1.41020        2.40140
C          1.54670       -1.46360        0.91530
O          0.96310       -2.69140        0.47700
C          2.99710       -1.45370        0.52380
C          3.64490       -0.53730       -0.21790
C          3.09170        0.73540       -0.79110
C          3.07940        0.71190       -2.29380
C          2.01620        0.78370       -3.11350
C          0.56860        0.84040       -2.71670
C         -0.35180       -0.00690       -3.60750
C          0.04070       -1.47800       -3.74660
C          0.22930       -2.18960       -2.43770
O         -0.76180       -1.96590       -1.55360
O          1.15990       -2.93320       -2.16380
H         -2.14860        2.30520       -1.70570
H         -3.65450        3.24340       -1.63410
H         -3.69200        1.47900       -1.47810
H         -3.99100        2.44670        0.73410
H         -2.44240        1.62780        0.67290
H         -2.31520        3.81400        1.84630
H         -2.95190        4.63870        0.43780
H         -0.56430        5.01420        0.59010
H         -0.92970        4.12210       -0.86990
H          1.07450        3.21960        0.11480
H         -0.17420        2.00110        0.20470
H          0.77880        3.83820        2.51570
H          0.44920        2.04330        3.97200
H         -0.50540        0.37780        1.53330
H         -1.28090        0.38430        3.09450
H          0.61690       -0.67980        4.19920
H          1.93790       -2.15790        2.95690
H          0.99760       -0.66620        0.41530
H          1.49110       -2.98700       -0.29770
H          3.57450       -2.30930        0.87300
H          4.70300       -0.70950       -0.41370
H          3.73950        1.56090       -0.47020
H          2.10840        0.96900       -0.38160
H          4.06500        0.67400       -2.75810
H          2.21340        0.81090       -4.18530
H          0.42940        0.53230       -1.67720
H          0.23830        1.88430       -2.78100
H         -1.37160        0.06170       -3.20800
H         -0.38770        0.43580       -4.61120
H          0.97680       -1.56000       -4.31080
H         -0.72380       -2.01760       -4.31660
H         -0.48620       -2.43480       -0.72700

