HF BASIS=def2-svp cutoff=1.0e-9 denserms=1.0e-6  zmake GRADIENT DIPOLE CHARGE=0

C          2.29510       -2.12870        0.12220
C          3.31740       -1.58520       -0.83550
C          4.57310       -2.21780       -0.88850
C          5.55210       -1.78510       -1.77790
O          6.74360       -2.44740       -1.77920
C          5.31230       -0.72540       -2.64000
C          4.07760       -0.08180       -2.59430
O          3.90870        0.93760       -3.49790
C          3.08520       -0.47340       -1.67410
C          1.82710        0.31000       -1.66440
O          1.37420        0.81630       -2.68240
O          1.33720        0.46390       -0.41220
C          0.13370        1.26600       -0.33020
C         -1.17600        0.55700       -0.74470
C         -1.90670        1.24130        0.44790
C         -2.63120        2.50730       -0.04860
C         -2.85730        0.33200        1.23910
C         -3.46340        1.03480        2.46480
C         -3.84790       -0.08950        3.45040
C         -5.37090       -0.27960        3.49210
C         -3.35100        0.23960        4.86470
C         -3.16380       -1.36210        2.90200
C         -2.16010       -0.89450        1.83900
C         -0.80120       -0.60660        2.42240
C         -0.05260        0.46420        2.11200
C          1.26490        0.62900        2.77530
O          1.97030        1.61010        2.56400
C         -0.48760        1.49650        1.10800
O         -0.32890        2.84890        1.61600
H          1.29430       -2.12310       -0.32090
H          2.29750       -1.54690        1.04750
H          2.51180       -3.17160        0.37940
H          4.79490       -3.06290       -0.23940
H          7.32820       -2.03350       -2.43660
H          6.06070       -0.39020       -3.35060
H          2.95660        1.17630       -3.53230
H          0.28120        2.22940       -0.84010
H         -1.11080       -0.53580       -0.69990
H         -1.54150        0.81810       -1.74370
H         -3.51760        2.24120       -0.63510
H         -1.98760        3.12350       -0.68610
H         -2.95420        3.13690        0.78660
H         -3.67570       -0.00590        0.58800
H         -2.73800        1.72080        2.91920
H         -4.32600        1.64630        2.17570
H         -5.64580       -1.11640        4.14400
H         -5.87060        0.61920        3.87060
H         -5.77330       -0.48670        2.49410
H         -3.60760       -0.55990        5.56870
H         -3.80140        1.16800        5.23350
H         -2.26330        0.36550        4.88960
H         -2.69740       -1.96430        3.69030
H         -3.90360       -2.01010        2.41340
H         -2.03360       -1.68530        1.08990
H         -0.42570       -1.34550        3.12860
H          1.56770       -0.17010        3.47200
H          0.62280        2.90780        1.84650

