HF BASIS=def2-svp cutoff=1.0e-9 denserms=1.0e-6  zmake GRADIENT DIPOLE CHARGE=0

C         -2.54160        1.88530        7.94540
C         -3.86130        1.83550        8.72160
O         -4.89350        1.35390        7.85020
C         -6.09290        1.12000        8.43900
O         -6.34460        1.33010        9.61820
C         -7.09460        0.62620        7.42560
C         -6.59730       -0.61360        6.68500
C         -7.62650       -1.20160        5.71650
C         -8.13640       -0.24520        4.63130
C         -7.05860        0.42240        3.76860
C         -6.24990       -0.56820        2.93010
C         -5.14970        0.07780        2.07920
C         -5.65660        1.05570        1.01410
C         -5.55120        2.52030        1.45060
C         -6.05490        3.46240        0.35350
C         -5.97130        4.92530        0.79680
C         -6.49640        5.90690       -0.25430
C         -5.61770        5.98930       -1.49480
C         -1.39580        2.29630        8.87850
O         -0.14940        2.38110        8.15710
C          0.46930        1.19640        7.90730
O          0.07560        0.10640        8.30000
C          1.71720        1.43190        7.08860
C          1.99890        0.25030        6.16500
C          3.14090        0.56070        5.19900
C          3.48410       -0.65750        4.34160
C          4.53970       -0.32200        3.28450
C          4.95710       -1.57710        2.51150
C          6.01720       -1.30230        1.44170
C          5.46360       -0.53830        0.23530
C          6.52990       -0.38450       -0.85310
C          6.03050        0.37840       -2.08500
C          4.98490       -0.40100       -2.89000
C          4.57680        0.29930       -4.19100
C          3.93720        1.68100       -4.02270
C          2.71410        1.73920       -3.10040
C          1.56060        0.80240       -3.47190
C          0.98390        1.08070       -4.86230
C         -0.32950        0.32450       -5.13970
C         -0.92030        0.78320       -6.47720
C         -0.20080       -1.21050       -5.08670
C          0.77600       -1.81310       -6.08480
O         -2.62510        2.89630        6.90840
C         -2.98490        2.47050        5.66970
O         -3.31220        1.33160        5.37200
C         -2.88840        3.60580        4.67940
C         -2.02530        3.21690        3.48000
C         -0.55330        3.02160        3.86150
C          0.33430        2.65050        2.67010
C          0.03260        1.25530        2.11530
C          1.01330        0.87690        1.00350
C          0.67280       -0.44720        0.31110
C          0.72210       -1.65360        1.25280
C          0.45980       -2.98990        0.55190
C          1.55740       -3.37360       -0.44210
C          1.32890       -4.77720       -1.00880
C          2.44260       -5.23070       -1.95790
C          2.50200       -4.41170       -3.24790
C          3.57420       -4.94520       -4.20080
C          3.61400       -4.11450       -5.48320
C          4.70870       -4.59080       -6.43810
C          4.74760       -3.79540       -7.74740
C          5.18110       -2.33910       -7.55390
C          5.25880       -1.53760       -8.86480
C          6.34430       -2.05750       -9.80670
C          5.51670       -0.05970       -8.55130
H         -2.32420        0.91150        7.49220
H         -4.13930        2.84070        9.06010
H         -3.76520        1.16260        9.58110
H         -8.02410        0.39360        7.95740
H         -7.30340        1.45260        6.74210
H         -5.67250       -0.38830        6.14320
H         -6.33050       -1.38580        7.41850
H         -8.48930       -1.55950        6.28980
H         -7.19220       -2.09010        5.24250
H         -8.74130        0.53990        5.10080
H         -8.82220       -0.79860        3.97900
H         -6.38630        1.02090        4.39310
H         -7.57380        1.12400        3.10200
H         -6.92750       -1.13200        2.27690
H         -5.76850       -1.30040        3.58960
H         -4.40810        0.55700        2.72800
H         -4.62630       -0.73710        1.56470
H         -5.04560        0.92780        0.11220
H         -6.68810        0.81560        0.73080
H         -6.12350        2.69260        2.36740
H         -4.50530        2.75930        1.67480
H         -7.09400        3.21640        0.10430
H         -5.45560        3.30930       -0.55230
H         -4.93430        5.17920        1.05350
H         -6.56170        5.05400        1.71190
H         -7.51760        5.63370       -0.54880
H         -6.55100        6.90390        0.19860
H         -4.58420        6.23200       -1.22420
H         -5.61850        5.04630       -2.05180
H         -5.98350        6.77110       -2.16770
H         -1.29520        1.61690        9.73300
H         -1.57900        3.29960        9.27830
H          1.57600        2.33600        6.48440
H          2.55140        1.60130        7.77450
H          2.24430       -0.63340        6.76520
H          1.09500        0.00100        5.59440
H          2.85470        1.39910        4.55280
H          4.03110        0.87330        5.75950
H          2.57880       -1.02740        3.84740
H          3.85070       -1.46430        4.98680
H          5.42170        0.11780        3.76760
H          4.13780        0.43190        2.60090
H          5.36730       -2.30550        3.22140
H          4.07990       -2.04570        2.05160
H          6.85760       -0.75540        1.88100
H          6.41070       -2.26770        1.09820
H          4.59500       -1.07750       -0.15940
H          5.11770        0.45440        0.54280
H          6.90000       -1.37060       -1.15740
H          7.38640        0.15910       -0.43430
H          6.89270        0.58500       -2.73200
H          5.63000        1.34700       -1.76890
H          5.39470       -1.38480       -3.14830
H          4.09580       -0.58970       -2.28110
H          5.45980        0.40350       -4.83270
H          3.88670       -0.35560       -4.73510
H          3.66120        2.05940       -5.01480
H          4.68910        2.38260       -3.64190
H          2.34160        2.77170       -3.08820
H          3.02190        1.52280       -2.07090
H          1.89050       -0.24000       -3.39790
H          0.76840        0.93100       -2.72290
H          0.79070        2.15790       -4.95070
H          1.72460        0.83710       -5.63320
H         -1.05010        0.60800       -4.35960
H         -1.85200        0.25380       -6.69500
H         -1.14790        1.85510       -6.44950
H         -0.22790        0.61250       -7.30640
H          0.09130       -1.52460       -4.07780
H         -1.18820       -1.65310       -5.26280
H          0.73680       -2.90410       -6.01760
H          0.52970       -1.54350       -7.11550
H          1.80330       -1.50110       -5.88090
H         -2.47670        4.49890        5.16480
H         -3.90650        3.84980        4.35730
H         -2.42270        2.30200        3.03130
H         -2.09970        4.00490        2.72100
H         -0.45710        2.24840        4.63500
H         -0.17250        3.95390        4.29900
H          1.38060        2.68840        2.99580
H          0.22060        3.39930        1.87810
H          0.09200        0.52790        2.93280
H         -0.98750        1.22030        1.71740
H          1.01950        1.66790        0.24460
H          2.02940        0.82280        1.41210
H         -0.32050       -0.37790       -0.14840
H          1.39150       -0.58100       -0.50420
H          1.69470       -1.69090        1.75170
H         -0.03460       -1.53730        2.03760
H         -0.51050       -2.95570        0.04030
H          0.38470       -3.76870        1.32240
H          2.53580       -3.33310        0.05180
H          1.57330       -2.64850       -1.26040
H          0.36190       -4.81480       -1.52800
H          1.27040       -5.49520       -0.18030
H          2.27230       -6.28470       -2.21010
H          3.40900       -5.18260       -1.44050
H          1.52370       -4.43170       -3.74300
H          2.72720       -3.36440       -3.01700
H          4.55390       -4.91170       -3.70720
H          3.36790       -5.99500       -4.44550
H          2.64460       -4.18460       -5.98890
H          3.77270       -3.06430       -5.21820
H          5.68580       -4.53460       -5.94290
H          4.53510       -5.64840       -6.67930
H          3.76290       -3.82830       -8.22960
H          5.44780       -4.30450       -8.41920
H          4.46720       -1.83690       -6.89030
H          6.15400       -2.31280       -7.04500
H          4.29140       -1.60730       -9.37910
H          6.12010       -3.06960      -10.15550
H          6.42450       -1.42340      -10.69570
H          7.32280       -2.07700       -9.31460
H          6.48580        0.07910       -8.05850
H          4.73910        0.34190       -7.89010
H          5.51330        0.54000       -9.46830

