HF BASIS=def2-svp cutoff=1.0e-9 denserms=1.0e-6  zmake GRADIENT DIPOLE CHARGE=0

O          0.76740       -3.67160       -4.49130
C          0.14050       -2.51600       -5.03920
C         -0.00540       -1.37690       -4.01470
O         -0.81140       -1.84360       -2.92260
C         -1.22700       -0.81900       -1.96750
C         -0.20840        0.35530       -1.91750
O         -0.45400        1.29330       -2.99380
C          1.19490       -0.21960       -2.09050
O          2.18590        0.80670       -1.92790
C          1.34730       -0.83510       -3.49350
O          2.35730       -1.85910       -3.41800
C         -1.55900       -1.60810       -0.68920
C         -2.34580       -2.77750       -0.80520
O         -2.75820       -3.25530       -2.02170
C         -2.73760       -3.54250        0.29000
C         -2.31280       -3.17500        1.55440
O         -2.66790       -3.91670        2.64470
C         -1.51270       -2.04540        1.73980
C         -1.17830       -1.24640        0.62160
O         -0.43650       -0.10790        0.77900
C         -0.40540        0.44870        2.10230
C          0.04050       -0.61750        3.11110
O          1.30750       -1.19000        2.72190
C         -1.04380       -1.69310        3.13160
C          0.49590        1.67130        2.08660
C          0.01010        2.87560        2.62600
C          0.79310        4.02300        2.59090
O          0.29760        5.18050        3.11640
C          2.06140        4.00500        2.02680
O          2.77400        5.17100        2.01970
C          2.56830        2.83050        1.49250
C          1.78750        1.67420        1.53650
O          2.34940        0.54990        0.99080
H          1.54350       -3.33520       -3.99250
H          0.72050       -2.18580       -5.90670
H         -0.84940       -2.82910       -5.38630
H         -0.56400       -0.57560       -4.51500
H         -2.17910       -0.41830       -2.34340
H         -0.30080        0.98750       -1.03940
H          0.28030        1.93620       -2.94660
H          1.40190       -0.97590       -1.32280
H          2.28320        0.92830       -0.95980
H          1.73220       -0.10260       -4.21180
H          3.15130       -1.41790       -3.05160
H         -2.08180       -2.96540       -2.67350
H         -3.34690       -4.42600        0.12730
H         -3.21490       -4.66290        2.34460
H         -1.42580        0.78460        2.34080
H          0.17190       -0.19550        4.11380
H          1.40230       -2.03150        3.20720
H         -1.90860       -1.32460        3.69580
H         -0.66220       -2.58950        3.63100
H         -0.98250        2.93630        3.06240
H          1.00470        5.83950        2.97150
H          3.64440        4.98680        1.63070
H          3.55640        2.78990        1.05020
H          1.97430       -0.22360        1.47510

