HF BASIS=def2-svp cutoff=1.0e-9 denserms=1.0e-6  zmake GRADIENT DIPOLE CHARGE=0

O         -2.29260       -1.29940       -2.12300
C         -1.79590       -0.96130       -3.43490
C         -2.97230       -0.49890       -4.29390
C         -3.32380        0.94420       -4.02920
C         -4.48890        1.49910       -4.57040
O         -5.31640        0.69430       -5.30490
C         -4.80750        2.84340       -4.38060
C         -3.95030        3.64210       -3.63100
O         -4.28100        4.96080       -3.48700
C         -2.79230        3.11510       -3.06400
C         -2.47580        1.77220       -3.27870
O         -1.31600        1.32160       -2.69570
C         -0.75490        0.17690       -3.37360
C          0.50870       -0.26490       -2.65540
C          0.61200       -0.23890       -1.25310
C          1.75800       -0.70510       -0.57570
C          1.69040       -0.62170        0.99280
C          2.62030       -0.22930        1.88820
C          3.94300       -0.14240        1.64490
C          4.70020       -0.74410        0.46960
O          5.91440       -0.68360        0.50350
C          4.13420       -1.62520       -0.63670
O          4.89950       -2.68380       -1.09760
C          2.82870       -1.19510       -1.32270
C          2.73650       -1.22480       -2.71740
O          3.75160       -1.70290       -3.50880
C          1.59440       -0.76580       -3.37060
O          1.54710       -0.82900       -4.73830
C          2.15580        0.14150        3.31870
O          1.84220       -1.09540        3.98040
C          1.35360       -0.94820        5.24970
C          1.45330       -2.07130        6.07220
C          0.98070       -2.00610        7.38050
O          1.10410       -3.06230        8.23160
C          0.39900       -0.84610        7.87160
C          0.28940        0.26280        7.03540
O         -0.29260        1.41020        7.49000
C          0.75210        0.22530        5.71440
C          0.63510        1.43700        4.83370
C          0.96470        1.13010        3.37040
O          1.26240        2.36020        2.70230
H         -2.43930       -0.45210       -1.66730
H         -1.37080       -1.87590       -3.86100
H         -2.69780       -0.57900       -5.35310
H         -3.84340       -1.13650       -4.10670
H         -6.11100        1.20190       -5.54430
H         -5.70090        3.28310       -4.81120
H         -3.61090        5.39330       -2.93250
H         -2.11310        3.73690       -2.48530
H         -0.48370        0.51050       -4.38430
H         -0.22960        0.14090       -0.67450
H          0.68290       -0.78940        1.38000
H          4.60130        0.22800        2.42720
H          5.76360       -2.58920       -0.62780
H          4.25840       -2.34520       -2.96320
H          2.44440       -1.12050       -5.00570
H          3.00130        0.60880        3.84680
H          1.91430       -2.97280        5.68960
H          1.37130       -3.83950        7.70770
H          0.04210       -0.82580        8.89480
H         -0.46740        1.31910        8.44160
H          1.30940        2.21680        5.21540
H         -0.38070        1.83990        4.87870
H          0.07020        0.68910        2.91190
H          1.35620        2.16300        1.75190

