HF BASIS=def2-svp cutoff=1.0e-9 denserms=1.0e-6  zmake GRADIENT DIPOLE CHARGE=0

C         -0.56060       -0.66910       -2.28690
C          0.20200       -1.98400       -2.49220
O          0.56940       -2.11900       -3.87710
C          1.39010       -3.16910       -4.14260
O          1.81430       -3.95760       -3.30910
C          1.74390       -3.21590       -5.60770
C          2.98730       -2.38310       -5.90720
C          2.65520       -0.90150       -6.10860
C          3.88880       -0.02260       -6.33410
C          4.89210        0.02630       -5.17530
C          4.27020        0.45120       -3.84440
C          5.33000        0.58320       -2.74850
C          4.68800        0.90010       -1.39430
C          5.74420        0.98010       -0.29000
C          5.16890        1.30500        1.09120
C          4.23620        0.21460        1.62380
C          3.81230        0.49890        3.06630
C          2.90810       -0.58960        3.65380
C          1.60830       -0.85970        2.88980
C          0.71130        0.37190        2.75500
C         -0.59070        0.03000        2.03000
C         -1.48460        1.26220        1.87360
C         -2.75770        0.92810        1.09090
C         -3.67130        2.14320        0.84560
C         -4.24970        2.70820        2.14310
C         -4.80770        1.75100       -0.10270
C          0.27650        0.53450       -2.72890
O         -0.41760        1.74810       -2.38130
C          0.25680        2.87920       -2.72210
O          1.38950        2.90910       -3.18320
C         -0.58160        4.10240       -2.46500
C         -0.45330        4.58310       -1.02470
C         -1.14230        5.93730       -0.84580
C         -1.05000        6.48540        0.58080
C         -1.96350        5.74880        1.56490
C         -2.06150        6.45530        2.92090
C         -0.76850        6.47410        3.74350
C         -0.27370        5.10490        4.22360
C         -1.20900        4.46170        5.25170
C         -0.73090        3.09510        5.75200
C          0.55350        3.15850        6.58390
C          1.03780        1.77750        7.06940
C          0.05550        1.11760        8.03610
C          2.40670        1.91660        7.74120
O         -1.77680       -0.68070       -3.07180
C         -2.83270       -1.32700       -2.50460
O         -2.81360       -1.87660       -1.41320
C         -4.02800       -1.28860       -3.42280
C         -3.94230       -2.33410       -4.53380
C         -4.72020       -3.62450       -4.24610
C         -4.25620       -4.43340       -3.03300
C         -2.85670       -5.03050       -3.19860
C         -2.40780       -5.74220       -1.91920
C         -1.08730       -6.48690       -2.12830
C         -0.58660       -7.19410       -0.86410
C         -0.21690       -6.27420        0.30830
C          0.84800       -5.20480        0.00010
C          1.07310       -4.32100        1.22890
C          2.17590       -5.81690       -0.44690
H         -0.81350       -0.54170       -1.22900
H         -0.43160       -2.83640       -2.22580
H          1.10250       -1.98680       -1.86580
H          1.93590       -4.26750       -5.85300
H          0.88260       -2.91170       -6.21340
H          3.71450       -2.51000       -5.09740
H          3.45520       -2.76200       -6.82400
H          2.00090       -0.80610       -6.98540
H          2.08230       -0.51540       -5.26080
H          4.41320       -0.36520       -7.23480
H          3.54750        0.99840       -6.54430
H          5.68850        0.73140       -5.44380
H          5.37370       -0.95110       -5.06110
H          3.52750       -0.28910       -3.52820
H          3.74890        1.40750       -3.96700
H          5.89540       -0.35330       -2.67300
H          6.04240        1.37310       -3.01540
H          4.14040        1.84870       -1.45700
H          3.95670        0.11820       -1.16010
H          6.29560        0.03200       -0.23860
H          6.47410        1.75680       -0.55030
H          6.00630        1.43650        1.78730
H          4.63390        2.26190        1.05480
H          4.73550       -0.76070        1.57300
H          3.34720        0.16190        0.98800
H          3.31280        1.47220        3.12240
H          4.70640        0.57590        3.69780
H          3.47410       -1.52810        3.71260
H          2.66190       -0.31330        4.68710
H          1.83610       -1.26120        1.89630
H          1.05870       -1.64760        3.41990
H          1.23050        1.15840        2.19710
H          0.48930        0.76850        3.75010
H         -0.35440       -0.38310        1.04370
H         -1.13000       -0.74760        2.58340
H         -0.93260        2.05400        1.35420
H         -1.74260        1.64230        2.86710
H         -3.31580        0.14380        1.61800
H         -2.46850        0.50890        0.12060
H         -3.08820        2.93160        0.35580
H         -3.46350        3.09890        2.79460
H         -4.94050        3.53310        1.93680
H         -4.79820        1.94150        2.70130
H         -5.43080        0.95930        0.32980
H         -4.41000        1.38540       -1.05620
H         -5.45060        2.61090       -0.31820
H          0.41750        0.52360       -3.81640
H          1.24930        0.51880       -2.22260
H         -0.25030        4.87810       -3.16600
H         -1.62580        3.88510       -2.71920
H         -0.88930        3.83730       -0.35260
H          0.60610        4.66870       -0.75170
H         -2.19380        5.86800       -1.15030
H         -0.66800        6.66220       -1.51870
H         -1.34000        7.54250        0.55380
H         -0.00960        6.44880        0.92030
H         -2.97410        5.69740        1.14090
H         -1.62880        4.71600        1.69750
H         -2.37730        7.49290        2.75440
H         -2.86460        5.99080        3.50260
H          0.02950        6.95390        3.16480
H         -0.92920        7.11570        4.62000
H          0.71350        5.25690        4.67510
H         -0.12590        4.42810        3.37470
H         -1.34250        5.13680        6.10510
H         -2.19800        4.31820        4.80270
H         -1.53840        2.66630        6.35490
H         -0.58580        2.42870        4.89670
H          1.35270        3.60530        5.98030
H          0.39880        3.82130        7.44460
H          1.15770        1.12120        6.19830
H         -0.15590        1.76610        8.89230
H          0.46160        0.17480        8.41830
H         -0.89230        0.88210        7.54340
H          3.14150        2.33710        7.04540
H          2.78150        0.94180        8.06930
H          2.35480        2.57260        8.61690
H         -4.94030       -1.39470       -2.82440
H         -4.07270       -0.28220       -3.85760
H         -2.89980       -2.56520       -4.78210
H         -4.38020       -1.89590       -5.44000
H         -4.67420       -4.26120       -5.13860
H         -5.77920       -3.37040       -4.10730
H         -4.31190       -3.82300       -2.12640
H         -4.96690       -5.25620       -2.88380
H         -2.86270       -5.73780       -4.03700
H         -2.12930       -4.24840       -3.44160
H         -3.17740       -6.45750       -1.60290
H         -2.30620       -4.99900       -1.12080
H         -1.23280       -7.24720       -2.90600
H         -0.32270       -5.80270       -2.50970
H         -1.35720       -7.89620       -0.52040
H          0.28150       -7.80900       -1.12740
H          0.13580       -6.90640        1.13460
H         -1.12630       -5.78320        0.67690
H          0.48070       -4.55460       -0.80100
H          1.45660       -4.90300        2.07350
H          0.13990       -3.84210        1.54070
H          1.79600       -3.53040        1.00430
H          2.56440       -6.51450        0.30280
H          2.06810       -6.35660       -1.39320
H          2.92860       -5.03620       -0.60510

