HF BASIS=def2-svp cutoff=1.0e-9 denserms=1.0e-6  zmake GRADIENT DIPOLE CHARGE=0

O          3.33080        1.79570       -0.28910
C          2.65210        0.52970       -0.20920
C          1.13670        0.68730       -0.39210
O          0.45570       -0.56090       -0.16260
C          0.73180       -1.14690        1.04080
C          1.91430       -0.92760        1.75190
C          2.12690       -1.56770        2.97650
O          3.25410       -1.40130        3.73980
C          1.15870       -2.43540        3.46810
O          1.34110       -3.07800        4.66250
C         -0.00720       -2.66970        2.74870
O         -0.94830       -3.52920        3.23420
C         -0.22750       -2.03490        1.53280
C          2.92730       -0.03920        1.16870
O          3.96630        0.19830        1.78690
C          0.79250        1.18940       -1.79230
C          0.99390        2.52870       -2.16040
O          1.58360        3.44800       -1.33160
C          0.60700        2.99370       -3.41610
O          0.78760        4.30880       -3.75440
C          0.04740        2.13080       -4.34480
O         -0.31860        2.59020       -5.57570
C         -0.13890        0.79550       -4.02920
C          0.22940        0.32850       -2.76020
H          4.22740        1.63690        0.07850
H          3.08540       -0.14950       -0.95250
H          0.73100        1.42050        0.32050
H          3.84570       -0.76500        3.27560
H          2.21550       -2.76800        4.97950
H         -0.58580       -3.84850        4.08590
H         -1.14330       -2.22490        0.97970
H          2.31840        2.98890       -0.86420
H          1.15740        4.71240       -2.94190
H         -0.09730        3.54330       -5.55630
H         -0.57780        0.12080       -4.75860
H          0.05320       -0.72240       -2.53590

