HF BASIS=def2-svp cutoff=1.0e-9 denserms=1.0e-6  zmake GRADIENT DIPOLE CHARGE=0

C         -2.19510       -5.22340       -1.39210
O         -1.44050       -4.48800       -0.43730
C         -1.57460       -3.12740       -0.45990
C         -0.81560       -2.44940        0.49560
C         -0.85690       -1.05440        0.58380
C         -1.65410       -0.31260       -0.29430
C         -1.75230        1.15090       -0.22280
C         -0.71700        1.95570        0.06230
C         -0.91450        3.42820        0.09080
O         -1.94360        3.95020       -0.34040
C          0.19040        4.30980        0.55290
C          0.30350        5.58720       -0.02920
O         -0.57410        6.06090       -0.97260
C          1.33160        6.45890        0.32850
C          2.24380        6.06540        1.29800
O          3.26510        6.88100        1.68590
C          2.13760        4.82510        1.91820
C          1.10780        3.95240        1.55280
O          0.99820        2.76100        2.21770
C         -2.42660       -0.99790       -1.23960
C         -2.38390       -2.39550       -1.32720
H         -1.90130       -4.96170       -2.41410
H         -1.97620       -6.28540       -1.24480
H         -3.27010       -5.08100       -1.24020
H         -0.18970       -3.01290        1.18340
H         -0.26860       -0.56250        1.35430
H         -2.73290        1.57270       -0.43700
H          0.27640        1.56750        0.24480
H         -1.35280        5.45790       -0.98850
H          1.39370        7.43070       -0.15090
H          3.21340        7.70910        1.17800
H          2.86080        4.56080        2.68420
H          1.64710        2.73710        2.94290
H         -3.06700       -0.44840       -1.92690
H         -2.99640       -2.87610       -2.08250

