HF BASIS=def2-svp cutoff=1.0e-9 denserms=1.0e-6  zmake GRADIENT DIPOLE CHARGE=0

C          1.31270        5.27490       -5.75630
O          0.86490        6.61150       -5.95880
C         -0.26090        6.99190       -5.27330
C         -1.03590        6.17950       -4.44070
C         -2.16630        6.70110       -3.78450
C         -3.02520        5.87520       -2.92160
C         -2.58210        4.87930       -2.13900
C         -3.54140        4.10080       -1.32930
O         -4.72090        4.37140       -1.18030
O         -2.88510        3.02190       -0.84020
C         -3.66000        2.09840       -0.03890
C         -2.79240        1.77290        1.19990
O         -2.89170        2.82820        2.16460
C         -3.19360        0.45850        1.86090
C         -2.89220       -0.77340        0.94710
C         -3.97200       -1.84840        1.27830
C         -3.05670       -0.37070       -0.58160
C         -1.74450       -0.14820       -1.37330
C         -0.42830       -0.57650       -0.75940
C         -0.48470       -1.76130        0.21640
C         -1.05170       -3.01070       -0.50870
C         -1.44020       -1.32520        1.36570
C         -1.48710       -2.41470        2.46310
C         -0.15270       -2.94600        2.86250
C          0.98280       -2.81020        2.15650
C          2.35480       -3.18540        2.74550
C          2.41390       -4.26110        3.88040
C          1.82930       -5.60010        3.39110
C          3.87580       -4.47020        4.37060
C          3.97190       -5.43450        5.55910
C          4.54290       -3.14360        4.75330
C          4.51050       -2.13630        3.61060
C          3.08440       -1.85260        3.09650
C          3.18740       -0.99750        1.79960
C          1.83890       -0.77430        1.08500
C          1.01550       -2.07470        0.80010
C          1.79600       -2.91250       -0.25640
C          2.35370       -1.06490        4.19810
O          2.56390        0.26560        4.14580
O          1.68800       -1.51550        5.11680
C         -4.07320        0.82840       -0.85870
C         -4.17950        1.11290       -2.38440
C         -5.52840        0.45830       -0.46130
C         -2.52880        8.03850       -4.00310
C         -1.76350        8.85370       -4.83760
C         -0.64110        8.32520       -5.45910
O          0.09180        9.14430       -6.27450
H          0.57320        4.55300       -6.11950
H          1.55880        5.09560       -4.70440
H          2.22900        5.13900       -6.33800
H         -0.78510        5.13370       -4.30000
H         -4.08560        6.12710       -2.93530
H         -1.54040        4.59560       -2.06770
H         -4.56310        2.60910        0.31830
H         -1.73370        1.73940        0.92070
H         -3.82720        2.93770        2.40700
H         -4.25300        0.50860        2.13990
H         -2.68590        0.36270        2.83030
H         -4.97590       -1.55930        0.97050
H         -4.04230       -2.03850        2.35460
H         -3.76180       -2.79500        0.77180
H         -3.51490       -1.24290       -1.07260
H         -1.85100       -0.65990       -2.34000
H         -1.61300        0.90820       -1.62750
H          0.28400       -0.76950       -1.56960
H         -0.04640        0.30830       -0.23660
H         -2.10550       -2.91080       -0.77060
H         -0.96200       -3.91410        0.10360
H         -0.53110       -3.19890       -1.45370
H         -0.93310       -0.46950        1.83580
H         -1.96240       -1.99430        3.35780
H         -2.08250       -3.28070        2.15720
H         -0.14020       -3.41410        3.84460
H          2.92640       -3.65810        1.93590
H          1.81510       -3.93200        4.73650
H          0.84200       -5.48570        2.93660
H          1.70520       -6.30000        4.22280
H          2.48220       -6.06750        2.64720
H          4.45670       -4.90870        3.54690
H          3.65450       -6.44570        5.28390
H          5.00730       -5.51210        5.91260
H          3.35270       -5.09290        6.39670
H          5.58920       -3.32410        5.02950
H          4.06130       -2.72010        5.64240
H          4.98670       -1.20630        3.94530
H          5.12940       -2.52560        2.79120
H          3.63740       -0.01790        2.00620
H          3.88250       -1.47760        1.10010
H          2.06130       -0.25560        0.14360
H          1.24680       -0.07960        1.69260
H          2.86730       -2.98750       -0.05290
H          1.42270       -3.94080       -0.31320
H          1.72240       -2.46610       -1.25460
H          2.05690        0.60560        4.91190
H         -4.94570        1.86740       -2.59640
H         -3.25090        1.48010       -2.82950
H         -4.46250        0.20430       -2.92840
H         -6.23430        1.22140       -0.81160
H         -5.83330       -0.49030       -0.91550
H         -5.68410        0.39500        0.61510
H         -3.40850        8.46130       -3.52170
H         -2.04160        9.89010       -5.00470
H          0.82020        8.58360       -6.60590

