HF BASIS=def2-svp cutoff=1.0e-9 denserms=1.0e-6  zmake GRADIENT DIPOLE CHARGE=0

O         -1.52990       -2.97920        3.96610
C         -0.31860       -2.93280        3.76430
C          0.20680       -2.18390        2.59230
C         -0.52800       -2.10120        1.47370
C         -0.02880       -1.31640        0.31570
C         -1.00910       -1.22290       -0.90540
C         -0.48210        0.24050       -1.09760
C         -1.49700        1.23220       -1.53760
C         -1.10820        2.41980       -2.02800
C         -2.13510        3.41540       -2.45250
O         -3.30870        3.26520       -2.11630
N         -1.70190        4.47790       -3.23520
C         -0.32330        4.67700       -3.68700
C         -0.12790        5.97280       -4.46790
C         -1.12930        6.10030       -5.61310
C         -2.54220        5.65620       -5.22540
C         -2.69840        5.43040       -3.72510
C         -0.17730        0.23990        0.43870
C          1.07000        1.08220        0.96810
C          0.92080        1.99800        2.04610
C          1.98720        2.75260        2.55130
C          3.21860        2.58530        1.96600
O          4.36540        3.22340        2.31880
C          5.29530        2.64780        1.37840
O          4.68800        1.69130        0.48370
C          3.40100        1.71390        0.92280
C          2.36170        0.96220        0.41050
C         -0.83920       -2.25240       -2.11280
C         -1.96000       -2.92300       -2.65140
C         -1.79380       -3.80460       -3.70110
C         -0.56030       -4.05560       -4.24470
O         -0.61250       -4.95120       -5.26550
C         -2.02720       -5.23160       -5.30520
O         -2.78390       -4.50920       -4.31180
C          0.57110       -3.43840       -3.76850
C          0.42240       -2.53860       -2.70510
N          0.62660       -3.52430        4.60100
C          1.93280       -3.98130        4.11640
C          2.96090       -4.08440        5.24000
C          2.43300       -4.91630        6.40360
C          1.10100       -4.35720        6.88840
C          0.09410       -4.26130        5.74640
H          1.15390       -1.67270        2.69970
H         -1.49010       -2.60290        1.40190
H          0.98220       -1.63660        0.02850
H         -2.05970       -1.22440       -0.56630
H          0.42110        0.27780       -1.72320
H         -2.55300        0.98370       -1.45220
H         -0.06040        2.67010       -2.10190
H         -0.05050        3.81690       -4.31020
H          0.33460        4.68350       -2.81120
H         -0.25200        6.82630       -3.78890
H          0.89480        6.03000       -4.85690
H         -0.79110        5.49870       -6.46620
H         -1.14690        7.14010       -5.96080
H         -3.27310        6.39570       -5.57250
H         -2.77340        4.72090       -5.75190
H         -2.55680        6.36840       -3.17510
H         -3.71590        5.08630       -3.51470
H         -1.07830        0.50490        1.01990
H         -0.06260        2.11840        2.50140
H          1.84560        3.44250        3.37560
H          5.73510        3.45510        0.78150
H          6.09470        2.14700        1.93690
H          2.55060        0.28350       -0.41500
H         -2.95360       -2.74810       -2.24760
H         -2.17590       -6.30560       -5.14650
H         -2.40850       -4.96600       -6.29770
H          1.54300       -3.63990       -4.20380
H          1.31390       -2.04170       -2.32590
H          1.77650       -4.96410        3.65400
H          2.32550       -3.32530        3.33620
H          3.20790       -3.07780        5.59960
H          3.88720       -4.52590        4.85650
H          3.15980       -4.91460        7.22360
H          2.30360       -5.95750        6.08530
H          0.69750       -4.98970        7.68710
H          1.26270       -3.35980        7.31520
H         -0.18270       -5.26310        5.39320
H         -0.81910       -3.77980        6.11500

