HF BASIS=def2-svp cutoff=1.0e-9 denserms=1.0e-6  zmake GRADIENT DIPOLE CHARGE=0

C          1.37580       -7.72250        1.53850
O          1.49020       -6.44870        2.16210
C          0.78060       -5.39810        1.48140
C          0.78360       -4.17950        2.42050
C          0.01360       -4.48830        3.71670
O          0.06640       -3.38010        4.61760
O          0.16200       -3.04650        1.79660
C          0.87010       -2.58470        0.63380
C          0.89430       -3.69880       -0.43610
O          1.71630       -3.41550       -1.58360
C          1.44020       -5.01230        0.14790
O          1.23560       -6.03870       -0.84130
C          0.18570       -1.31860        0.12340
C          0.89670       -0.41920       -0.69210
O          2.19980       -0.73910       -1.00060
C          0.29050        0.74240       -1.19850
C         -1.04120        1.01820       -0.91420
O         -1.69390        2.12840       -1.38650
C         -0.99070        3.01930       -2.18120
C          0.29360        2.86630       -2.53430
C          1.02610        1.69180       -2.04260
O          2.20710        1.50560       -2.31620
C         -1.78730        4.16920       -2.64820
C         -1.29760        5.48570       -2.54580
C         -2.06830        6.56460       -2.98470
O         -1.71050        7.88760       -2.94090
C         -0.44930        8.19140       -2.35660
C         -3.33370        6.31460       -3.52600
O         -4.11110        7.35040       -3.96770
C         -3.83980        5.02670       -3.62760
C         -3.06710        3.95420       -3.18380
C         -1.76900        0.14320       -0.11660
C         -1.15630       -1.00100        0.39880
O         -1.94830       -1.78260        1.19310
H          2.04930       -7.79180        0.68120
H          1.68620       -8.48020        2.26370
H          0.34380       -7.93220        1.24230
H         -0.25270       -5.72190        1.29850
H          1.80980       -3.90220        2.69720
H         -1.04420       -4.66860        3.49970
H          0.41790       -5.36210        4.23620
H          1.00020       -3.22320        4.83580
H          1.88940       -2.32080        0.94500
H         -0.12000       -3.87380       -0.81710
H          1.98200       -2.47400       -1.54770
H          2.52740       -4.94480        0.28210
H          1.55810       -5.64650       -1.67900
H          2.58510        0.00810       -1.52090
H          0.83320        3.55170       -3.17460
H         -0.31790        5.64660       -2.10810
H         -0.41270        7.87490       -1.30900
H         -0.32350        9.27800       -2.38070
H          0.36880        7.74820       -2.93350
H         -3.58300        8.15410       -3.79780
H         -4.82760        4.86040       -4.04650
H         -3.47050        2.94670       -3.26490
H         -2.81030        0.34920        0.11820
H         -1.35250       -2.34840        1.73070

