HF BASIS=def2-svp cutoff=1.0e-9 denserms=1.0e-6  zmake GRADIENT DIPOLE CHARGE=0

O          1.69090        7.12290       -2.95150
C          1.58700        6.07200       -2.09020
C          2.38920        5.97790       -0.96050
C          2.24780        4.87960       -0.10900
C          1.30320        3.86950       -0.37270
C          0.52030        3.98110       -1.53410
C          0.65550        5.08320       -2.38190
C          1.22310        2.68540        0.59170
O          2.38320        1.83910        0.34190
C          1.87240        0.78770       -0.36930
C          2.65740       -0.12400       -1.04250
C          2.00180       -1.12430       -1.74790
O          2.69870       -2.07910       -2.42960
C          0.60320       -1.19590       -1.78450
C         -0.18620       -0.25600       -1.09880
C          0.48470        0.71960       -0.36040
C         -0.06390        1.78800        0.53530
C         -0.54660        1.37870        1.92770
C         -0.67910        0.08540        2.43950
C         -0.59820       -1.28010        1.81930
C         -0.18290       -2.07730        3.09380
O         -0.81050       -1.41330        4.22490
C         -0.93790       -0.10680        3.80330
C         -1.23320        0.92010        4.67510
C         -1.23320        2.19950        4.15020
O         -1.53260        3.28440        4.92040
C         -0.88640        2.43050        2.81390
C          1.33630       -2.21340        3.24520
C          2.04290       -3.01410        2.32860
C          3.43230       -3.13260        2.40470
C          4.12850       -2.45510        3.39600
O          5.48520       -2.58720        3.42310
C          3.45340       -1.67220        4.32610
C          2.06170       -1.55480        4.25260
C         -1.91560       -1.72760        1.16880
C         -2.27730       -1.33270       -0.12760
C         -1.68660       -0.31620       -1.05290
C         -2.42030       -0.68520       -2.36500
O         -3.68180       -1.30360       -1.99280
C         -3.45640       -1.78610       -0.72540
C         -4.34460       -2.61370       -0.07820
C         -4.03260       -2.98280        1.21970
O         -4.92170       -3.78180        1.87860
C         -2.84880       -2.55040        1.84080
C         -2.63690        0.53860       -3.24050
C         -3.80170        1.31530       -3.14310
C         -3.95300        2.46840       -3.91540
C         -2.93910        2.85480       -4.78360
O         -3.12560        3.99290       -5.51120
C         -1.77510        2.10320       -4.89790
C         -1.62470        0.94800       -4.12780
H          2.38070        7.72450       -2.62170
H          3.13020        6.73710       -0.72960
H          2.89400        4.80380        0.76400
H         -0.20350        3.21960       -1.81190
H          0.03750        5.16340       -3.27160
H          1.35830        3.09650        1.60050
H          3.73610       -0.04020       -1.01010
H          3.64840       -1.90070       -2.32270
H          0.15100       -2.01870       -2.33420
H         -0.89560        2.32040        0.06190
H          0.20900       -1.38950        1.09950
H         -0.55670       -3.10760        3.07620
H         -1.43880        0.71390        5.71740
H         -1.82060        2.97350        5.79510
H         -0.86960        3.46460        2.47070
H          1.51640       -3.54730        1.53770
H          3.96900       -3.74610        1.68770
H          5.82870       -2.05210        4.15670
H          3.98830       -1.13960        5.10870
H          1.55410       -0.93180        4.98450
H         -2.07990        0.65330       -0.72000
H         -1.89070       -1.44600       -2.95440
H         -5.26020       -2.94430       -0.55470
H         -4.61590       -3.90590        2.79220
H         -2.67910       -2.85190        2.87020
H         -4.60150        1.02900       -2.46100
H         -4.85810        3.06450       -3.83590
H         -2.34640        4.13350       -6.07340
H         -0.97680        2.39970       -5.57170
H         -0.70460        0.37210       -4.22070

