HF BASIS=def2-svp cutoff=1.0e-9 denserms=1.0e-6  zmake GRADIENT DIPOLE CHARGE=0

C          3.49490       -1.60500       -5.81750
C          2.74880       -0.36110       -5.36320
C          1.57510       -0.71340       -4.44890
C          0.89170        0.54760       -3.91690
C         -0.42060        0.26250       -3.18330
C         -0.24860       -0.55100       -1.89830
C         -1.59740       -0.75830       -1.20580
C         -1.46430       -1.58430        0.07540
C         -2.81730       -1.82840        0.68310
C         -3.32360       -3.04900        0.92010
C         -4.70460       -3.29360        1.45890
C         -4.71690       -3.94720        2.84390
C         -4.10380       -3.11320        3.97530
C         -4.77480       -1.74910        4.15780
C         -4.25340       -1.03500        5.40670
C         -4.82380        0.37700        5.58290
C         -4.50170        1.37250        4.46050
C         -3.00070        1.54120        4.21300
C         -2.71790        2.59660        3.14020
C         -1.22340        2.88850        2.96280
C         -0.42400        1.68370        2.46230
C          1.05430        2.02850        2.26850
C          1.85930        0.78630        1.87990
C          3.34590        1.10680        1.71760
C          4.21110       -0.14250        1.52490
C          3.89980       -0.97860        0.27970
C          4.03640       -0.24850       -1.05920
C          5.44560        0.29050       -1.31240
C          5.57680        0.85820       -2.72390
C          6.94640        1.42810       -2.97240
O          6.99380        2.13830       -4.11730
O          7.94530        1.28950       -2.28810
H          3.90480       -2.15080       -4.96180
H          4.32520       -1.33040       -6.47460
H          2.83260       -2.27930       -6.36910
H          3.44230        0.30660       -4.84210
H          2.38290        0.18030       -6.24350
H          0.85260       -1.32280       -5.00510
H          1.93630       -1.32170       -3.61170
H          1.57740        1.08740       -3.25270
H          0.67130        1.21940       -4.75620
H         -1.10940       -0.25740       -3.86040
H         -0.88950        1.22320       -2.93620
H          0.19120       -1.52810       -2.12530
H          0.43990       -0.03120       -1.22300
H         -2.04000        0.21800       -0.97010
H         -2.28540       -1.26080       -1.89800
H         -0.96070       -2.53330       -0.14550
H         -0.84020       -1.05180        0.80160
H         -3.40770       -0.94540        0.92180
H         -2.73470       -3.93290        0.68270
H         -5.21970       -3.96160        0.75720
H         -5.29160       -2.36810        1.47140
H         -4.19050       -4.90910        2.79660
H         -5.75720       -4.17950        3.10480
H         -3.03070       -2.97360        3.79730
H         -4.19180       -3.68790        4.90580
H         -4.58180       -1.13450        3.27420
H         -5.86110       -1.87500        4.23860
H         -4.52220       -1.62620        6.29130
H         -3.15840       -0.99790        5.38960
H         -5.91410        0.31160        5.68780
H         -4.44620        0.78290        6.52980
H         -4.99910        1.06750        3.53270
H         -4.93350        2.34360        4.73390
H         -2.50530        1.82460        5.14950
H         -2.57790        0.58390        3.89290
H         -3.14630        2.27500        2.18310
H         -3.21920        3.53300        3.41370
H         -0.80650        3.23800        3.91540
H         -1.11400        3.71340        2.24810
H         -0.50080        0.85930        3.17940
H         -0.84650        1.33240        1.51340
H          1.15730        2.79670        1.49320
H          1.45730        2.44810        3.19820
H          1.46130        0.37700        0.94560
H          1.73360        0.01620        2.65070
H          3.70060        1.62480        2.61740
H          3.48930        1.80320        0.88360
H          5.26480        0.15930        1.50970
H          4.09990       -0.78700        2.40610
H          4.57090       -1.84700        0.27540
H          2.88480       -1.38590        0.35510
H          3.30800        0.56790       -1.12080
H          3.77510       -0.95500       -1.85670
H          5.68610        1.07470       -0.58500
H          6.18080       -0.51100       -1.16960
H          5.40350        0.06910       -3.46310
H          4.83830        1.65490       -2.86830
H          7.92790        2.42870       -4.17720

