HF BASIS=def2-svp cutoff=1.0e-9 denserms=1.0e-6  zmake GRADIENT DIPOLE CHARGE=0

C         -3.57950        2.00820        1.72090
C         -3.56520        1.74330        0.23630
C         -4.92860        1.72430       -0.39560
C         -2.39640        1.55540       -0.40790
C         -2.16510        1.26840       -1.86220
C         -1.25820        0.07870       -2.10890
C          0.01860        0.29730       -2.66180
C          0.84050       -0.78340       -3.00700
C          2.24180       -0.58200       -3.44370
O          2.69410       -1.30070       -4.34060
C          3.12580        0.41150       -2.68470
O          4.05030        0.97940       -3.61930
C          3.91900       -0.30630       -1.58000
C          3.05660       -0.77880       -0.43380
C          2.64130        0.11790        0.56160
C          1.75690       -0.27730        1.58340
C          1.39280        0.69470        2.68880
C          0.99880        2.03770        2.14970
O          2.01380        3.05020        2.24810
C          0.82650        3.26540        3.02810
C         -0.02280        4.39470        2.52790
C          1.04690        3.20090        4.50670
C          1.29720       -1.60270        1.58210
O          0.45440       -2.05890        2.56240
S         -1.15650       -2.07630        2.27340
O         -1.34500       -3.07510        1.02150
O         -1.81120       -2.69170        3.40670
O         -1.57670       -0.77170        1.80470
C          1.75350       -2.51920        0.63440
C          2.63160       -2.10920       -0.36670
C          0.35950       -2.08900       -2.88130
O          1.07530       -3.18360       -3.28470
C         -0.86600       -2.32260       -2.27470
C         -1.64510       -1.24530       -1.85340
O         -2.76730       -1.57490       -1.14300
H         -4.07740        2.96040        1.93170
H         -2.57140        2.06190        2.14630
H         -4.11840        1.20940        2.24200
H         -5.54420        0.94090        0.05930
H         -4.91060        1.53910       -1.47050
H         -5.42810        2.68660       -0.24030
H         -1.48300        1.60500        0.18060
H         -1.72290        2.16630       -2.31280
H         -3.09430        1.09230       -2.41190
H          0.35830        1.31580       -2.83560
H          2.54120        1.23940       -2.27690
H          4.34890        0.24730       -4.19430
H          4.69690        0.36270       -1.19000
H          4.47130       -1.15490       -2.00500
H          3.01920        1.14050        0.54480
H          2.25030        0.76450        3.36930
H          0.55020        0.31680        3.27820
H          0.40990        1.98260        1.24470
H         -1.03490        4.31680        2.93820
H         -0.10070        4.39480        1.43520
H          0.40390        5.35680        2.83300
H          1.26080        4.19720        4.90720
H          0.14920        2.81970        5.00450
H          1.88800        2.55680        4.77840
H         -1.83500       -2.58700        0.31980
H          1.42360       -3.55490        0.66450
H          2.96070       -2.83700       -1.10670
H          1.78130       -2.87740       -3.89630
H         -1.20140       -3.34280       -2.11310
H         -3.21440       -0.75650       -0.84980

