HF BASIS=def2-svp cutoff=1.0e-9 denserms=1.0e-6  zmake GRADIENT DIPOLE CHARGE=0

O          2.27310        0.95290        3.71540
C          2.25860        1.14970        2.36380
C          1.47740        0.38680        1.48580
C          0.61040       -0.69120        1.97620
O          0.54300       -0.95870        3.17090
C         -0.17180       -1.43220        0.97750
C         -0.06610       -1.09440       -0.31570
O          0.75690       -0.08720       -0.79470
C          1.50380        0.63480        0.10390
C          2.30980        1.64730       -0.42170
C          3.06860        2.38330        0.46490
C          3.04730        2.14500        1.82150
O          3.87200        2.98940        2.50040
C          4.41020        3.78120        1.42550
O          3.90530        3.40140        0.12790
C         -0.81930       -1.80820       -1.36510
C         -2.17570       -2.13110       -1.20480
C         -2.87440       -2.79920       -2.21410
C         -2.22810       -3.14790       -3.39780
C         -0.88490       -2.82580       -3.57600
C         -0.18600       -2.15730       -2.56750
H          1.66260        0.21280        3.92920
H         -0.79750       -2.23520        1.34520
H          2.34000        1.85120       -1.48610
H          5.50110        3.67450        1.42160
H          4.16060        4.83350        1.60400
H         -2.71000       -1.85540       -0.29830
H         -3.92510       -3.04270       -2.07730
H         -2.77230       -3.66660       -4.18290
H         -0.37950       -3.09340       -4.50040
H          0.86300       -1.91650       -2.72760

