HF BASIS=def2-svp cutoff=1.0e-9 denserms=1.0e-6  zmake GRADIENT DIPOLE CHARGE=0

C          0.94680       -5.43380       -4.40430
C          1.93630       -6.16850       -3.48370
O          2.52560       -5.30200       -2.50170
C          2.50800       -5.71110       -1.20740
O          1.90050       -6.67870       -0.77420
C          3.43380       -4.82950       -0.39970
C          3.03790       -4.75030        1.07210
C          4.00750       -3.85430        1.84870
C          3.55380       -3.55400        3.28150
C          2.34520       -2.61540        3.31850
C          1.99640       -2.16570        4.74030
C          0.65320       -1.42940        4.81260
C          0.62980       -0.11610        4.02800
C         -0.78130        0.47050        3.96070
C         -0.82390        1.69250        3.04060
C         -2.25650        2.19520        2.85160
C         -2.34370        3.47960        2.02330
C         -1.90950        3.29640        0.56500
C         -2.06250        4.60190       -0.22020
C         -1.69520        4.47930       -1.70240
C         -0.24350        4.05390       -1.93290
C          0.17220        4.22900       -3.39470
C          1.61000        3.75460       -3.61480
C          2.06090        3.97500       -5.05960
C          3.54030        3.65110       -5.27950
C          3.86420        2.17220       -5.13850
C         -0.47060       -5.35790       -3.81780
O         -0.51320       -4.66230       -2.56650
C         -1.77950       -4.43250       -2.12810
O         -2.79290       -4.74350       -2.74710
C         -1.83670       -3.82240       -0.74870
C         -0.54110       -3.23080       -0.20940
C         -0.17880       -1.88840       -0.84880
C          1.07970       -1.32080       -0.19390
C          1.41850        0.08460       -0.68620
C          2.64200        0.62750        0.05600
C          2.94470        2.07420       -0.33140
C          4.24380        2.60690        0.28130
C          4.24660        2.60690        1.81270
C          5.51520        3.20990        2.34740
C          5.63610        4.26080        3.17330
C          4.53350        5.10570        3.74420
C          4.22710        4.69570        5.18550
C          3.16520        5.60110        5.81170
C          2.87430        5.25840        7.27700
C          2.31780        3.85210        7.53100
C          1.03840        3.49940        6.76530
C         -0.14180        4.40620        7.11610
C         -1.39880        3.99760        6.36620
O          1.46860       -4.13500       -4.72620
C          0.98960       -3.61380       -5.96250
C          1.59680       -2.23410       -6.19320
C          1.20970       -1.18420       -5.14570
C         -0.29320       -0.89130       -5.10460
C         -0.58180        0.39680       -4.32950
C         -2.06460        0.77370       -4.30840
C         -2.90200       -0.12460       -3.39620
C         -4.36220        0.33560       -3.36510
C         -5.21270       -0.40960       -2.33420
C         -5.37120       -1.90160       -2.63280
C         -6.26920       -2.56950       -1.59000
C         -6.33030       -4.08460       -1.78610
C         -7.19260       -4.80240       -0.74220
C         -6.80680       -4.55500        0.72210
C         -5.35780       -4.93300        1.04170
C         -4.99420       -4.74360        2.51790
C         -5.01000       -3.29610        3.01980
C         -4.00680       -2.39360        2.31640
H          0.88000       -6.02650       -5.32700
H          1.47440       -7.06270       -3.05120
H          2.77690       -6.51010       -4.09940
H          4.44920       -5.22660       -0.50520
H          3.41460       -3.82130       -0.82820
H          2.01450       -4.36990        1.14530
H          3.02960       -5.75250        1.51750
H          4.98640       -4.34880        1.88740
H          4.15580       -2.90860        1.31250
H          4.38790       -3.08250        3.81530
H          3.32280       -4.48880        3.80690
H          2.56900       -1.73670        2.70390
H          1.47510       -3.11150        2.87610
H          2.79440       -1.52400        5.13270
H          1.94150       -3.04400        5.39460
H         -0.13530       -2.09670        4.44240
H          0.42050       -1.22140        5.86390
H          1.31410        0.60480        4.49160
H          0.98290       -0.27870        3.00660
H         -1.47490       -0.29040        3.58140
H         -1.11900        0.74570        4.96660
H         -0.19750        2.48970        3.45890
H         -0.39700        1.42100        2.06850
H         -2.70210        2.38880        3.83530
H         -2.86360        1.41300        2.37970
H         -3.38190        3.83220        2.04540
H         -1.73470        4.26020        2.49540
H         -2.51250        2.51020        0.09510
H         -0.86490        2.97370        0.53250
H         -1.44190        5.37990        0.24170
H         -3.10120        4.94700       -0.15110
H         -2.36850        3.76560       -2.19190
H         -1.86890        5.45380       -2.17550
H          0.42220        4.64760       -1.29540
H         -0.11800        3.00330       -1.64690
H         -0.50580        3.66720       -4.04650
H          0.08570        5.28540       -3.67480
H          2.28080        4.29500       -2.93510
H          1.67670        2.69100       -3.36200
H          1.89720        5.02520       -5.33040
H          1.44350        3.37290       -5.73720
H          3.82080        3.97240       -6.29020
H          4.15660        4.22810       -4.58110
H          3.67010        1.81070       -4.12400
H          3.27380        1.57630       -5.83980
H          4.92250        1.99670       -5.35600
H         -0.84770       -6.37620       -3.66040
H         -1.12970       -4.85200       -4.53350
H         -2.15230       -4.62700       -0.07440
H         -2.61860       -3.05510       -0.75000
H          0.28370       -3.93780       -0.33750
H         -0.66010       -3.08250        0.87110
H         -0.01650       -2.00770       -1.92560
H         -1.00900       -1.18430       -0.71780
H          0.93160       -1.29120        0.89080
H          1.92600       -1.99010       -0.38380
H          1.61920        0.06460       -1.76380
H          0.56100        0.74780       -0.52290
H          2.45840        0.56700        1.13470
H          3.51090       -0.00570       -0.16210
H          3.03010        2.14410       -1.42150
H          2.10810        2.71850       -0.03480
H          4.39970        3.63010       -0.08430
H          5.08680        2.01060       -0.09020
H          4.19120        1.57890        2.18840
H          3.35700        3.12500        2.18400
H          6.43210        2.70510        2.04090
H          6.64110        4.54630        3.48370
H          4.85390        6.15380        3.71110
H          3.62590        5.05000        3.13490
H          3.88540        3.65440        5.19430
H          5.14330        4.73920        5.78830
H          2.24170        5.56070        5.22270
H          3.51350        6.64100        5.76870
H          2.17740        6.00370        7.67880
H          3.79900        5.37120        7.85740
H          3.08620        3.10780        7.28980
H          2.12770        3.74700        8.60690
H          0.77360        2.46160        7.00440
H          1.22510        3.52560        5.68580
H          0.08790        5.44710        6.86730
H         -0.33350        4.36390        8.19420
H         -1.67060        2.96060        6.58560
H         -1.25610        4.09750        5.28670
H         -2.23710        4.63830        6.65650
H         -0.10240       -3.55880       -5.96760
H          1.30360       -4.28030       -6.77400
H          1.30780       -1.87720       -7.18890
H          2.69020       -2.32410       -6.18530
H          1.55090       -1.49590       -4.15070
H          1.75100       -0.26200       -5.38640
H         -0.81500       -1.73530       -4.64240
H         -0.67750       -0.78860       -6.12640
H         -0.03190        1.21810       -4.80400
H         -0.20580        0.31450       -3.30450
H         -2.46830        0.75680       -5.32790
H         -2.14850        1.80820       -3.95240
H         -2.48890       -0.09820       -2.38120
H         -2.84740       -1.16000       -3.74630
H         -4.39670        1.40490       -3.12190
H         -4.80710        0.22420       -4.36120
H         -4.77180       -0.27680       -1.33830
H         -6.20490        0.05690       -2.30410
H         -4.39050       -2.38810       -2.62490
H         -5.79780       -2.04050       -3.63300
H         -5.87810       -2.33540       -0.59520
H         -7.28030       -2.14950       -1.64710
H         -5.31810       -4.50340       -1.77160
H         -6.73660       -4.30290       -2.78120
H         -7.15390       -5.88050       -0.94310
H         -8.23880       -4.50070       -0.87920
H         -6.99460       -3.50590        0.97360
H         -7.47790       -5.14640        1.35690
H         -5.20370       -5.98820        0.78310
H         -4.66380       -4.35880        0.42210
H         -5.68210       -5.33510        3.13420
H         -3.99360       -5.16130        2.68390
H         -4.77380       -3.30380        4.09140
H         -6.01400       -2.86780        2.92900
H         -3.97670       -1.41460        2.80430
H         -4.27710       -2.23080        1.27060
H         -3.00000       -2.81950        2.35190

