HF BASIS=def2-svp cutoff=1.0e-9 denserms=1.0e-6  zmake GRADIENT DIPOLE CHARGE=0

C          1.36210        0.20960        4.39050
C          1.59270        1.56010        3.72730
C          1.35980        1.52150        2.21890
C         -0.09870        1.32830        1.85570
O         -1.04340        1.73760        2.52220
C         -0.37330        0.62770        0.58940
C         -0.60300       -0.74820        0.60200
O         -0.49300       -1.38340        1.80950
C         -0.37230       -2.81810        1.80360
C         -0.67740       -3.26610        3.24230
C          1.08040       -3.20290        1.47840
C         -1.38570       -3.43940        0.82420
O         -2.73700       -3.17160        1.23110
C         -1.19790       -2.88880       -0.58760
C         -0.93830       -1.40030       -0.58940
C         -0.97110       -0.65130       -1.79150
O         -1.28840       -1.30850       -2.95140
C         -0.67580        0.72970       -1.83850
C         -0.39990        1.34610       -0.61100
O         -0.13130        2.72970       -0.52190
C         -0.15790        3.55280       -1.62720
O          0.05300        4.75700       -1.56240
C         -0.42640        2.89910       -2.90980
C         -0.64790        1.58170       -3.05400
C         -0.87690        1.03850       -4.44830
C          0.32950        0.30510       -5.05240
C          1.52290        1.21580       -5.30790
H          1.99730       -0.56190        3.94340
H          0.31870       -0.10670        4.29910
H          1.60100        0.26780        5.45700
H          0.94490        2.30920        4.19690
H          2.62790        1.86920        3.91490
H          1.96430        0.72530        1.76990
H          1.68090        2.47300        1.77920
H         -0.64560       -4.35630        3.33890
H         -1.66110       -2.91400        3.57210
H          0.04580       -2.83630        3.94540
H          1.21920       -4.28870        1.50330
H          1.39600       -2.84000        0.49530
H          1.77030       -2.74910        2.19950
H         -1.28580       -4.53060        0.80290
H         -2.77460       -2.24150        1.52720
H         -0.34710       -3.38320       -1.07100
H         -2.10130       -3.11130       -1.16610
H         -2.03280       -1.90970       -2.78280
H         -0.40630        3.57270       -3.76020
H         -1.76510        0.39820       -4.46860
H         -1.13920        1.86250       -5.12760
H          0.02060       -0.13670       -6.00750
H          0.65020       -0.52320       -4.41250
H          2.31620        0.66010       -5.81840
H          1.24280        2.06330       -5.94140
H          1.93860        1.60350       -4.37300

