HF BASIS=def2-svp cutoff=1.0e-9 denserms=1.0e-6  zmake GRADIENT DIPOLE CHARGE=0

O          0.89970        3.42160        0.23000
C          0.74650        2.33420       -0.54250
O          1.56070        2.06550       -1.40960
C         -0.46900        1.55240       -0.21300
C         -0.66640        0.28150       -0.63040
O         -1.85560       -0.38010       -0.28110
C         -1.77420       -1.64250       -0.79760
O         -2.64920       -2.48520       -0.67240
C         -0.49930       -1.82870       -1.51430
C          0.11740       -0.65010       -1.39540
O          1.33560       -0.36670       -1.94980
C         -0.06690       -3.04940       -2.21020
C          1.29280       -3.41170       -2.26550
C          1.70750       -4.57930       -2.91470
C          0.76000       -5.39640       -3.50610
O          1.16040       -6.53820       -4.13700
C         -0.58900       -5.06470       -3.45650
O         -1.47630       -5.91990       -4.05130
C         -1.00790       -3.90030       -2.81730
C         -1.53030        2.19210        0.60020
C         -1.64120        1.91960        1.97250
C         -2.64940        2.51820        2.73230
C         -3.54410        3.38790        2.11710
O         -4.54310        3.99350        2.81960
C         -3.44810        3.66820        0.75910
C         -2.44240        3.07050       -0.00230
H          1.72030        3.85360       -0.08470
H          1.53080        0.59230       -1.90860
H          2.05310       -2.78840       -1.79850
H          2.75930       -4.84520       -2.95330
H          0.33090       -6.93800       -4.46670
H         -2.37550       -5.59160       -3.87470
H         -2.06560       -3.65330       -2.79450
H         -0.94420        1.24020        2.45780
H         -2.71950        2.29470        3.79220
H         -4.50240        3.69180        3.74190
H         -4.15610        4.34880        0.29430
H         -2.38040        3.29500       -1.06440

