HF BASIS=def2-svp cutoff=1.0e-9 denserms=1.0e-6  zmake GRADIENT DIPOLE CHARGE=0

C          3.15930       -0.48590        1.45540
C          1.63020       -0.54920        1.50110
C          1.09430        0.55710        2.41080
C          1.18220       -1.95350        1.95750
C         -0.33880       -2.17980        1.99490
C         -1.11580       -2.00450        0.69900
C         -2.51880       -1.49300        0.90610
C         -0.59040       -2.30570       -0.50730
C         -1.21570       -2.13050       -1.86740
C         -0.27710       -1.45180       -2.85150
C         -0.05860       -0.04830       -2.85570
C          0.81780        0.50760       -3.81680
C          1.49410       -0.29090       -4.74000
C          1.29410       -1.65990       -4.71200
O          1.93310       -2.50020       -5.58330
C          0.42340       -2.23160       -3.78380
O          0.26870       -3.59340       -3.80420
C         -0.76490        0.88240       -1.87540
C         -2.06950        1.40270       -2.46400
C         -2.73880        2.24780       -1.41670
O         -3.95780        2.34180       -1.32090
C         -1.84600        3.02200       -0.53130
C         -0.46540        2.86170       -0.66500
O          0.10730        1.98340       -1.54700
C          0.39890        3.63490        0.10580
C         -0.12550        4.53330        1.03080
O          0.75500        5.25900        1.77720
C         -1.50190        4.68280        1.18890
C         -2.36930        3.92540        0.39910
H          3.55960       -1.24770        0.77790
H          3.49770        0.49110        1.09380
H          3.59450       -0.64990        2.44710
H          1.26650       -0.35980        0.48500
H          0.00540        0.63890        2.33780
H          1.35490        0.37140        3.45810
H          1.51230        1.52900        2.12880
H          1.57230       -2.13960        2.96740
H          1.64930       -2.71290        1.31830
H         -0.75740       -1.50820        2.75520
H         -0.53240       -3.19540        2.36420
H         -3.03160       -2.10120        1.65920
H         -2.49210       -0.45660        1.25860
H         -3.13440       -1.52550        0.00510
H          0.41360       -2.72660       -0.55180
H         -2.14680       -1.55890       -1.83440
H         -1.50960       -3.11980       -2.23740
H          0.98580        1.58380       -3.84240
H          2.16450        0.17280       -5.45570
H          2.50910       -1.96130       -6.15280
H          0.85630       -3.89660       -4.52550
H         -0.94480        0.34810       -0.93780
H         -1.90390        2.02850       -3.34850
H         -2.73830        0.57870       -2.73300
H          1.47460        3.52740       -0.00020
H          0.25750        5.82830        2.38770
H         -1.91450        5.38410        1.90810
H         -3.44560        4.04740        0.50110

