HF BASIS=def2-svp cutoff=1.0e-9 denserms=1.0e-6  zmake GRADIENT DIPOLE CHARGE=0

C         -1.50440        0.43020        0.08380
C         -1.40580       -0.34830        1.42490
C          0.07380       -0.68160        1.65340
C          0.79640        0.05510        0.53640
C          2.22110       -0.40000        0.17900
C          3.14960       -0.44390        1.40810
O          3.07250        0.78190        2.13040
C          4.60340       -0.74340        1.03250
C          5.16650        0.13570       -0.10280
C          5.49820        1.55530        0.40500
C          6.07010        2.44620       -0.69280
O          6.28620        3.75730       -0.18270
C          5.13180        2.51140       -1.89090
C          4.84410        1.11360       -2.42340
C          4.24240        0.14020       -1.36610
C          4.27070       -1.26600       -2.02380
C          2.77840        0.53910       -0.93900
C          1.78860        0.65980       -2.12580
C          0.34310        0.98300       -1.70680
C         -0.19560       -0.00200       -0.65450
C         -0.35100       -1.41270       -1.27180
C         -2.88600        0.24210       -0.61130
C         -2.93910        0.92770       -1.98290
C         -4.05370        0.81200        0.24940
C         -4.72960       -0.19660        1.18210
C         -5.47050       -1.29800        0.44460
O         -5.75880       -1.25440       -0.74570
N         -5.82050       -2.34910        1.25610
C         -6.52990       -3.50420        0.73260
C         -6.73220       -4.52490        1.83510
O         -7.38690       -5.62860        1.42200
O         -6.36160       -4.41570        2.99580
H         -1.40680        1.50070        0.32150
H         -1.80020        0.25480        2.25030
H         -1.97160       -1.28560        1.39150
H          0.40550       -0.35410        2.64400
H          0.23490       -1.76420        1.59310
H          0.86900        1.10610        0.86220
H          2.16870       -1.42310       -0.20740
H          2.80220       -1.22870        2.09100
H          3.62850        0.69110        2.92330
H          5.24300       -0.63690        1.91820
H          4.67370       -1.79570        0.72990
H          6.13000       -0.30980       -0.39250
H          6.21910        1.49760        1.23100
H          4.61820        2.04970        0.82750
H          7.04530        2.05820       -1.00800
H          5.42850        4.10620        0.11440
H          5.58820        3.12370       -2.67850
H          4.20130        3.02680       -1.62440
H          5.79350        0.69780       -2.79080
H          4.20080        1.18450       -3.30730
H          3.73260       -1.27520       -2.97760
H          5.30140       -1.57240       -2.24050
H          3.83710       -2.04500       -1.39220
H          2.82580        1.54650       -0.50340
H          2.11480        1.45970       -2.79950
H          1.78680       -0.25970       -2.71890
H         -0.27380        0.98350       -2.60890
H          0.31240        2.00700       -1.31220
H         -1.03190       -1.39240       -2.12890
H          0.59470       -1.82150       -1.63750
H         -0.75420       -2.13880       -0.55910
H         -3.05640       -0.82760       -0.78060
H         -2.30810        0.41530       -2.71130
H         -3.95280        0.90140       -2.39890
H         -2.62810        1.97550       -1.91770
H         -4.83470        1.22440       -0.40270
H         -3.69240        1.65900        0.84640
H         -4.01500       -0.64080        1.87800
H         -5.47530        0.33530        1.78700
H         -5.56950       -2.35140        2.23980
H         -5.93260       -3.94380       -0.07210
H         -7.49950       -3.17120        0.35080
H         -7.44070       -6.19570        2.22010

