HF BASIS=def2-svp cutoff=1.0e-9 denserms=1.0e-6  zmake GRADIENT DIPOLE CHARGE=0

O         -2.15720        0.31040       -4.43250
C         -1.21630        0.48640       -3.47930
O         -0.41990       -0.40790       -3.24060
C         -1.34880        1.82360       -2.79200
C         -0.10860        2.26510       -2.04200
C          0.59180        3.40060       -2.48710
C          1.72150        3.85330       -1.80720
C          2.16830        3.17660       -0.67760
C          1.48470        2.04720       -0.22520
C          0.33530        1.58710       -0.88620
N         -0.32970        0.39440       -0.48180
C         -0.26880       -0.19800        0.81340
C         -0.69820        0.47860        1.97510
Cl         -1.42480        2.05070        1.91150
C         -0.60140       -0.11920        3.23820
C         -0.08140       -1.40190        3.35160
O          0.03010       -2.02040        4.56100
C          0.33670       -2.10160        2.22880
C          0.24010       -1.50440        0.97030
Cl          0.77860       -2.41470       -0.40000
H         -1.97840       -0.59000       -4.77680
H         -2.19630        1.77810       -2.09830
H         -1.59580        2.57000       -3.55700
H          0.25860        3.94470       -3.36830
H          2.25380        4.73240       -2.16080
H          3.05370        3.52130       -0.15040
H          1.87010        1.52390        0.64510
H         -0.11010       -0.31770       -1.19480
H         -0.94250        0.42170        4.11590
H         -0.30130       -1.42930        5.25820
H          0.73600       -3.10640        2.33710

