HF BASIS=def2-svp cutoff=1.0e-9 denserms=1.0e-6  zmake GRADIENT DIPOLE CHARGE=0

C          1.87280       -2.93130        2.83980
C          2.40190       -3.63600        4.04790
C          2.49600       -2.01560        2.07290
C          3.90830       -1.54170        2.24640
C          1.70460       -1.43850        0.94070
O          0.62710       -1.86580        0.54920
O          2.36180       -0.37770        0.41810
C          1.67460        0.31360       -0.63720
C          1.84380       -0.40630       -2.00090
O          2.99750        0.18280       -2.68590
C          3.21110        1.37560       -2.05430
C          2.47010        1.53640       -0.90030
C          2.59620        2.69740       -0.16250
C          3.46110        3.70670       -0.59340
C          4.20910        3.52460       -1.76900
C          4.08830        2.34150       -2.50670
C          3.56440        4.92160        0.19890
C          2.84360        5.04000        1.31730
C          1.93890        3.97770        1.79510
O          1.30100        4.12160        2.83090
O          1.84930        2.83070        1.01800
C          0.61180       -0.38900       -2.95830
C          0.07110        1.01270       -3.28460
C          1.02420       -1.02600       -4.30620
O         -0.40660       -1.31450       -2.46910
C         -1.39040       -0.96340       -1.59730
O         -1.58130        0.15740       -1.15360
C         -2.21880       -2.20130       -1.26800
O         -3.37280       -1.90030       -0.48840
C         -3.90430       -3.05930        0.14330
O         -3.10270       -3.42050        1.27820
C         -3.12950       -2.42120        2.31740
C         -4.54660       -2.15150        2.83240
O         -4.59950       -1.05830        3.76380
C         -5.46220       -1.78590        1.66130
O         -6.82270       -1.72780        2.13020
C         -5.37320       -2.81700        0.53910
O         -5.98670       -4.04100        0.98080
C         -2.29600       -2.97480        3.46750
O         -1.58230       -4.07470        3.11700
O         -2.26840       -2.49320        4.59380
H          0.84640       -3.20560        2.60150
H          1.69150       -3.52360        4.87500
H          2.51080       -4.70510        3.84070
H          3.36050       -3.24960        4.39620
H          4.46890       -2.12350        2.98250
H          4.45700       -1.62850        1.30040
H          3.92930       -0.49140        2.56420
H          0.64800        0.54100       -0.34700
H          2.10730       -1.45650       -1.81690
H          4.89150        4.29710       -2.11580
H          4.66210        2.18810       -3.41460
H          4.22260        5.71850       -0.13460
H          2.88990        5.92800        1.93540
H         -0.86260        0.94590       -3.85410
H         -0.14870        1.59930       -2.38870
H          0.78820        1.59080       -3.87700
H          0.15270       -1.14130       -4.96180
H          1.77230       -0.43090       -4.84010
H          1.42900       -2.03370       -4.15310
H         -2.55610       -2.64970       -2.20790
H         -1.56470       -2.89880       -0.73630
H         -3.87160       -3.90990       -0.54900
H         -2.62860       -1.51140        1.96880
H         -4.94930       -3.02970        3.35150
H         -3.98260       -1.27100        4.49690
H         -5.21400       -0.78820        1.28190
H         -6.79730       -1.11320        2.89400
H         -5.94770       -2.46710       -0.32730
H         -6.82370       -3.75820        1.40510
H         -1.81260       -4.29420        2.18280

