HF BASIS=def2-svp cutoff=1.0e-9 denserms=1.0e-6  zmake GRADIENT DIPOLE CHARGE=0

C         -1.81050       -1.27850        3.25670
O         -1.64940       -1.89390        1.97420
C         -2.66710       -2.18290        4.14570
O         -2.97860       -1.49950        5.36460
C         -3.65180       -2.25540        6.27350
O         -4.00090       -3.41500        6.10740
C         -3.89540       -1.46680        7.53270
C         -3.05180       -1.95130        8.71090
C         -1.55380       -1.65390        8.56460
C         -0.77300       -2.81930        7.95200
C          0.69760       -2.45800        7.73540
C          1.57430       -3.64470        7.32100
C          1.08720       -4.35300        6.05460
C          2.09810       -5.39260        5.56450
C          1.55450       -6.28460        4.44200
C          1.02950       -5.55520        3.20160
C          2.10590       -4.75320        2.46870
C          1.52300       -4.06600        1.23140
C          2.59450       -3.28780        0.46650
C          2.06080       -2.59280       -0.79140
C          1.07970       -1.46170       -0.47680
C          0.67170       -0.69030       -1.73290
C         -0.28190        0.45590       -1.38680
C         -0.74600        1.19640       -2.64130
C         -1.70500        2.33420       -2.29070
C         -2.28220        2.97810       -3.54980
C         -3.18910        4.15070       -3.21670
C         -0.43230       -1.03650        3.88400
O          0.28490       -0.05270        3.11910
C          1.48820        0.28260        3.65900
O          1.93120       -0.14590        4.71890
C          2.23100        1.24470        2.76850
C          1.53380        2.59880        2.68370
C          2.37160        3.58960        1.87330
C          1.68800        4.95120        1.75140
C          2.57460        6.02400        1.10600
C          3.11210        5.68510       -0.28800
C          2.01070        5.52560       -1.33630
C          2.60020        5.12550       -2.69030
C          1.51810        5.05230       -3.76860
C          2.07550        4.48030       -5.07420
C          1.01290        4.47310       -6.17400
C          1.48450        3.83310       -7.48310
C          1.87570        2.35400       -7.39620
C          0.76370        1.45910       -6.84490
C          1.14610       -0.01980       -6.92440
C          0.13630       -0.94560       -6.23950
C         -1.25180       -0.91430       -6.88340
C         -2.20560       -1.97520       -6.32450
C         -2.55870       -1.74980       -4.85280
C         -3.58730       -2.76870       -4.36120
C         -3.91670       -2.55470       -2.89140
H         -2.30240       -0.31050        3.10210
H         -2.50690       -1.84270        1.51320
H         -3.59930       -2.43840        3.62440
H         -2.13260       -3.11690        4.35630
H         -3.72030       -0.39990        7.34570
H         -4.96150       -1.56370        7.77090
H         -3.41340       -1.42430        9.60420
H         -3.21550       -3.02020        8.89340
H         -1.39970       -0.73820        7.98260
H         -1.14410       -1.46120        9.56390
H         -1.22050       -3.10570        6.99700
H         -0.84540       -3.68900        8.61530
H          1.11200       -2.03390        8.65790
H          0.76480       -1.67540        6.97130
H          2.59590       -3.27540        7.16270
H          1.62300       -4.36510        8.14640
H          0.13040       -4.84770        6.25620
H          0.91850       -3.60850        5.27030
H          3.01630       -4.89030        5.23590
H          2.38200       -6.04210        6.40170
H          2.34270       -6.98580        4.14120
H          0.73850       -6.89610        4.84690
H          0.19110       -4.90090        3.47110
H          0.62150       -6.30880        2.51560
H          2.52920       -3.99290        3.13390
H          2.92500       -5.41940        2.17280
H          1.06750       -4.81220        0.56940
H          0.72460       -3.39230        1.55480
H          3.05290       -2.54340        1.12890
H          3.39240       -3.98010        0.16770
H          1.58240       -3.32980       -1.44680
H          2.91620       -2.18310       -1.34290
H          0.18040       -1.87340       -0.00930
H          1.53630       -0.77300        0.24330
H          0.18410       -1.37550       -2.43850
H          1.56260       -0.28850       -2.23080
H          0.21220        1.15550       -0.70250
H         -1.15650        0.05350       -0.86050
H         -1.24860        0.49020       -3.31050
H          0.12150        1.59390       -3.18250
H         -2.52450        1.95000       -1.67330
H         -1.17290        3.08710       -1.69630
H         -2.84800        2.23330       -4.12010
H         -1.47060        3.32780       -4.19480
H         -4.01750        3.83560       -2.57590
H         -3.60810        4.57680       -4.13420
H         -2.63180        4.93700       -2.69850
H         -0.54510       -0.67710        4.91350
H          0.14750       -1.96550        3.87030
H          3.23890        1.36250        3.17650
H          2.34550        0.79040        1.77810
H          0.54560        2.48190        2.22020
H          1.36230        2.99140        3.69220
H          3.35470        3.71160        2.34820
H          2.54420        3.17000        0.87770
H          1.40830        5.30320        2.75290
H          0.75250        4.84750        1.19250
H          3.42850        6.21710        1.76610
H          2.00860        6.96240        1.05170
H          3.73020        4.78160       -0.24360
H          3.78240        6.49540       -0.60170
H          1.46260        6.47040       -1.43270
H          1.29100        4.76160       -1.02390
H          3.09440        4.15050       -2.59480
H          3.36640        5.84990       -2.99190
H          1.10270        6.05210       -3.94080
H          0.69420        4.41670       -3.42110
H          2.43100        3.46250       -4.88320
H          2.94050        5.06820       -5.40390
H          0.71420        5.50760       -6.38850
H          0.11010        3.96880       -5.81710
H          2.33960        4.39790       -7.87450
H          0.68280        3.93880       -8.22370
H          2.14350        2.01450       -8.40390
H          2.77890        2.24140       -6.78650
H          0.56180        1.72030       -5.80160
H         -0.15730        1.63550       -7.41220
H          2.12170       -0.16340       -6.44380
H          1.26600       -0.31680       -7.97390
H          0.52940       -1.96940       -6.27550
H          0.06680       -0.67320       -5.18110
H         -1.14850       -1.07950       -7.96260
H         -1.70540        0.07550       -6.75440
H         -3.12580       -1.95950       -6.92230
H         -1.76460       -2.97040       -6.45230
H         -2.95550       -0.73640       -4.72250
H         -1.65700       -1.83190       -4.23530
H         -4.50660       -2.68810       -4.95300
H         -3.19900       -3.78480       -4.49800
H         -3.02280       -2.66540       -2.27050
H         -4.65640       -3.28780       -2.55580
H         -4.32840       -1.55370       -2.72120

