HF BASIS=def2-svp cutoff=1.0e-9 denserms=1.0e-6  zmake GRADIENT DIPOLE CHARGE=0

O         -0.19630        7.10440       -2.04740
C          0.40470        5.89540       -1.57510
C          1.54060        6.27890       -0.62100
O          1.01310        7.13740        0.40250
C          2.24980        5.08780        0.03170
O          2.66220        4.08710       -0.92390
C          2.46120        2.78440       -0.31230
C          2.13630        3.03770        1.14330
O          1.40090        1.99870        1.78360
C          0.48550        1.22800        1.15370
O         -0.22760        0.48760        1.81530
C          0.40160        1.30600       -0.34540
C         -0.61050        0.58360       -1.05450
C         -0.65900        0.73180       -2.45290
O         -1.66840        0.14740       -3.17670
C          0.27250        1.49460       -3.13710
O          0.17780        1.59280       -4.49850
C          1.27190        2.15970       -2.44920
O          2.13770        2.90030       -3.21230
C          1.34960        2.09000       -1.05070
C         -1.59670       -0.32600       -0.41110
C         -2.93420        0.07880       -0.28490
O         -3.41830        1.22800       -0.86130
C         -3.83930       -0.67170        0.44870
O         -5.11400       -0.21210        0.65760
C         -3.47250       -1.89810        0.99070
O         -4.38930       -2.52270        1.79640
C         -2.19990       -2.44090        0.76810
C         -1.25060       -1.60290        0.12970
C          0.17460       -2.05310        0.13390
O          1.02840       -1.62960       -0.63420
O          0.52070       -2.91580        1.16660
C         -0.40660       -3.89940        1.55080
C         -1.76510       -3.76470        1.24890
C         -2.56100       -4.91980        1.43220
C         -2.03920       -6.07680        2.04830
C         -0.70820       -6.11330        2.42730
O         -0.20670       -7.23970        3.00940
C          0.11960       -5.03800        2.15820
O          1.44760       -5.14340        2.46900
C         -3.90070       -5.04940        0.81580
O         -4.76350       -5.69980        1.61740
O         -4.21680       -4.67010       -0.29650
C          1.41650        4.37380        1.09630
O          1.44770        5.05440        2.34210
H         -0.87010        6.84890       -2.70320
H         -0.37600        5.32370       -1.06600
H          0.77720        5.33090       -2.43340
H          2.27390        6.86810       -1.18510
H          0.47260        7.79530       -0.08690
H          3.16230        5.47410        0.50790
H          3.37890        2.19500       -0.42190
H          3.06640        3.15600        1.71430
H         -1.41290        0.27380       -4.11580
H          0.96550        2.11390       -4.76210
H          2.67070        3.46370       -2.61080
H         -3.01660        1.25830       -1.75290
H         -5.13290        0.65870        0.20850
H         -5.17890       -1.94320        1.77380
H         -2.65850       -6.95850        2.19450
H          0.74120       -7.04690        3.15800
H          1.86060       -4.29920        2.20080
H         -5.60230       -5.68530        1.11300
H          0.36820        4.24070        0.80970
H          1.16420        5.97590        2.16000

