HF BASIS=def2-svp cutoff=1.0e-9 denserms=1.0e-6  zmake GRADIENT DIPOLE CHARGE=0

C          3.18250       -1.10280       -3.20270
C          1.88350       -1.42320       -2.44190
O          2.10710       -2.68640       -1.79810
C          0.72150       -1.56770       -3.47860
O          0.91890       -1.97860       -4.62150
N         -0.54630       -1.25410       -3.02290
C         -1.73260       -1.10450       -3.90450
C         -1.55220       -0.50840       -5.29850
O         -0.76180       -1.16070       -6.16500
N         -2.14480        0.53640       -5.75660
C         -2.99630        1.17100       -4.93660
O         -3.55230        2.21150       -5.56020
N         -3.29590        0.88900       -3.73010
C         -2.69200       -0.17120       -3.13220
N         -2.96310       -0.30150       -1.87340
C         -2.30760       -1.44440       -1.24670
C         -0.79630       -1.52850       -1.60280
O         -0.46090       -2.90300       -1.44270
C          0.06740       -0.55430       -0.77110
C          0.02610       -0.94620        0.68550
O         -0.10040       -2.09700        1.07970
O          0.09870        0.15600        1.47720
C         -0.01420       -0.04440        2.90110
C          1.11390        0.73160        3.60640
O          1.15380        0.46920        5.01940
C          0.97340        2.24770        3.39670
O          1.97260        2.94480        4.15930
C         -0.40200        2.75520        3.84330
O         -0.53910        4.14610        3.50910
C         -1.53600        1.97880        3.16450
O         -2.78550        2.38920        3.74410
C         -1.38980        0.46240        3.36520
O         -1.55980        0.16470        4.76210
C          1.49880       -0.37290       -1.36200
C          1.54250        1.04150       -1.95130
O          0.76490        1.37920       -2.97090
N          2.33200        1.90500       -1.40320
C          2.99650        1.19390       -0.39430
C          2.58980       -0.14600       -0.32390
C          3.18530       -1.02650        0.56690
C          4.18280       -0.53350        1.41180
C          4.56400        0.81660        1.35280
Br          5.90160        1.45300        2.52870
C          3.97460        1.69400        0.44300
H          4.03660       -1.01150       -2.52420
H          3.10020       -0.18530       -3.79350
H          3.43840       -1.91530       -3.89400
H          2.16090       -3.36440       -2.49980
H         -2.20300       -2.08880       -4.01140
H         -0.16730       -1.80870       -5.72850
H         -3.18670        2.23070       -6.45810
H         -2.82890       -2.36270       -1.55320
H         -2.45130       -1.38840       -0.16210
H         -0.32820       -3.08380       -0.48780
H         -0.45610        0.41410       -0.81810
H          0.08490       -1.10100        3.18130
H          2.08670        0.41980        3.21580
H          0.25040        0.20390        5.30540
H          1.14190        2.51100        2.34650
H          2.13220        2.38850        4.95220
H         -0.49910        2.70790        4.93490
H          0.30840        4.55800        3.77700
H         -1.58230        2.22360        2.09720
H         -2.77750        3.36810        3.69540
H         -2.19110       -0.05430        2.82400
H         -2.39780        0.61700        5.00680
H          0.92510        2.32100       -3.17060
H          2.89870       -2.07390        0.61210
H          4.66090       -1.20740        2.12020
H          4.27160        2.73440        0.37930

