HF BASIS=def2-svp cutoff=1.0e-9 denserms=1.0e-6  zmake GRADIENT DIPOLE CHARGE=0

C          2.65170        0.33850        3.22190
C          2.93950        0.38220        1.72910
C          1.72150        0.05660        0.86210
C          0.60370        1.09600        0.97190
C         -0.54310        0.78050        0.00740
C         -1.66440        1.81800        0.12090
C         -2.79510        1.59960       -0.89090
N         -3.50070        0.29850       -0.68260
C         -3.83740        2.73140       -0.79440
O         -5.10150        2.23410       -0.86460
O         -3.58940        3.92150       -0.69110
H          2.22490       -0.62680        3.51200
H          3.57820        0.48260        3.78700
H          1.95670        1.12870        3.52010
H          3.33440        1.36950        1.46250
H          3.72880       -0.34550        1.50570
H          2.05170       -0.00570       -0.18220
H          1.33380       -0.93390        1.13020
H          0.21340        1.12150        1.99550
H          1.00560        2.09220        0.75120
H         -0.16320        0.76350       -1.02130
H         -0.93160       -0.22030        0.22790
H         -1.23840        2.81830       -0.03100
H         -2.06920        1.81440        1.14170
H         -2.41030        1.61620       -1.91700
H         -2.88530       -0.44710       -1.02110
H         -3.56290        0.12860        0.32760
H         -4.99370        1.25220       -0.94150

