HF BASIS=def2-svp cutoff=1.0e-9 denserms=1.0e-6  zmake GRADIENT DIPOLE CHARGE=0

C          0.48810        2.21350        1.14080
C         -0.79980        2.05070        0.33180
O         -1.84860        1.73650        1.27000
C         -2.92470        2.56500        1.30930
O         -3.17480        3.43860        0.48820
C         -3.80900        2.23420        2.48790
C         -3.01640        2.13360        3.79270
C         -3.91830        1.75510        4.96730
C         -3.21580        1.81920        6.32830
C         -2.00900        0.88330        6.45550
C         -1.51560        0.83430        7.90500
C         -0.31320       -0.09080        8.11200
C          0.99780        0.49300        7.57760
C          2.18160       -0.41890        7.91510
C          3.54400        0.19000        7.56540
C          3.77740        0.33830        6.06070
C          5.16220        0.85030        5.77660
C          5.51020        2.02110        5.21780
C          4.60270        3.12770        4.75420
C          4.71850        3.42540        3.25300
C          6.08360        3.99920        2.85520
C          6.09890        4.62330        1.45570
C          5.85430        3.61530        0.33130
C          5.91540        4.29490       -1.03980
C          5.67260        3.29320       -2.16770
C          5.69230        3.96310       -3.53110
C          1.65210        2.73560        0.29670
O          1.91290        1.88680       -0.83460
C          2.86480        0.92580       -0.65230
O          3.45970        0.70700        0.39470
C          3.07030        0.16450       -1.93990
C          4.43450       -0.52500       -1.96270
C          4.73600       -1.12870       -3.33380
C          6.12320       -1.70250       -3.37030
C          6.47690       -2.98950       -3.52800
C          5.57750       -4.17270       -3.73720
C          5.43330       -4.97370       -2.47380
C          4.30160       -5.26590       -1.80790
C          2.89940       -4.85320       -2.15280
C          2.07030       -6.04530       -2.54030
C          0.86170       -6.39370       -2.06950
C          0.05250       -5.68720       -1.01950
C         -1.09020       -4.85350       -1.60960
C         -0.59080       -3.66320       -2.43530
C         -1.72520       -2.69570       -2.77460
C         -1.24430       -1.60530       -3.73620
C         -2.30210       -0.52760       -3.99050
C         -2.38750        0.48440       -2.84650
C         -3.48400        1.50800       -3.08620
O          0.83670        0.90470        1.64310
C          1.03610        0.77230        2.97700
O          0.95750        1.68360        3.79330
C          1.41810       -0.64360        3.33970
C          0.78020       -1.72880        2.46790
C         -0.74680       -1.76950        2.59120
C         -1.34320       -2.79870        1.62930
C         -2.87140       -2.89670        1.70450
C         -3.57840       -1.62910        1.21790
C         -5.07000       -1.81040        1.20810
C         -5.89710       -1.79080        0.14760
C         -5.55500       -1.58420       -1.30000
C         -5.80100       -2.83840       -2.08720
C         -6.81580       -3.10170       -2.93010
C         -7.96780       -2.20540       -3.28700
C         -8.24440       -2.23370       -4.76440
C         -8.08680       -1.24650       -5.66130
C         -7.54820        0.13670       -5.42590
C         -6.46020        0.48010       -6.45030
C         -5.96920        1.92020       -6.28130
C         -5.02190        2.37510       -7.39530
C         -3.75840        1.53760       -7.50870
H          0.30170        2.91680        1.96210
H         -1.01440        2.95690       -0.24330
H         -0.72710        1.20120       -0.35450
H         -4.55860        3.02920        2.57890
H         -4.34140        1.30310        2.26930
H         -2.22350        1.38400        3.69200
H         -2.51980        3.09260        3.99140
H         -4.31560        0.74450        4.80860
H         -4.78060        2.43260        4.99620
H         -3.95570        1.56680        7.09830
H         -2.89760        2.85040        6.52500
H         -2.28600       -0.12610        6.12980
H         -1.20400        1.23100        5.80000
H         -2.33420        0.47300        8.54120
H         -1.26970        1.84470        8.25430
H         -0.20510       -0.26730        9.19010
H         -0.50740       -1.06730        7.65100
H          1.16190        1.48370        8.01810
H          0.92710        0.62570        6.49380
H          2.06560       -1.38220        7.40430
H          2.17420       -0.62890        8.99190
H          3.64720        1.16470        8.06040
H          4.32290       -0.45780        7.99060
H          3.67210       -0.64090        5.57780
H          3.01390        0.98440        5.62530
H          5.96810        0.17370        6.05890
H          6.57580        2.21630        5.10190
H          4.84450        4.03250        5.32540
H          3.55500        2.90530        4.97790
H          3.93500        4.14610        2.98990
H          4.51550        2.51240        2.68180
H          6.36920        4.77900        3.57080
H          6.85160        3.21890        2.91120
H          5.34980        5.42360        1.40580
H          7.07700        5.09810        1.30210
H          4.87240        3.14860        0.45370
H          6.60330        2.81540        0.38160
H          6.89550        4.76820       -1.17520
H          5.16160        5.09100       -1.08910
H          4.70250        2.80650       -2.02900
H          6.43750        2.50950       -2.14060
H          6.65390        4.45020       -3.71790
H          4.90550        4.71870       -3.60840
H          5.52920        3.22280       -4.32070
H          2.54950        2.84830        0.91410
H          1.41190        3.72760       -0.10060
H          2.26120       -0.56850       -2.04440
H          3.01110        0.87440       -2.77390
H          4.45950       -1.31030       -1.19490
H          5.21630        0.19790       -1.69390
H          4.67210       -0.35150       -4.10650
H          3.97380       -1.87530       -3.57900
H          6.92620       -0.97660       -3.23950
H          7.54060       -3.22190       -3.51460
H          6.03140       -4.81560       -4.50160
H          4.61430       -3.86980       -4.15460
H          6.36420       -5.36850       -2.07020
H          4.39220       -5.86940       -0.90380
H          2.87690       -4.14000       -2.98220
H          2.48420       -4.32390       -1.28980
H          2.50120       -6.67010       -3.32290
H          0.39380       -7.28480       -2.48760
H          0.67840       -5.05690       -0.37890
H         -0.37400       -6.45010       -0.35460
H         -1.71280       -4.49200       -0.78430
H         -1.73630       -5.48540       -2.23120
H         -0.12860       -4.02500       -3.36120
H          0.18170       -3.12140       -1.87630
H         -2.55830       -3.24080       -3.23290
H         -2.10090       -2.25010       -1.84790
H         -0.98950       -2.07570       -4.69480
H         -0.32300       -1.14120       -3.36070
H         -2.03580        0.00800       -4.91010
H         -3.27990       -0.99340       -4.16600
H         -2.57640       -0.02070       -1.89490
H         -1.42860        1.00570       -2.74790
H         -3.52770        2.21810       -2.25460
H         -3.29710        2.07450       -4.00370
H         -4.46150        1.02470       -3.17070
H          1.13610       -0.81320        4.38610
H          2.50980       -0.71690        3.26840
H          1.18920       -2.70170        2.76750
H          1.06380       -1.58160        1.41830
H         -1.02840       -2.01730        3.62150
H         -1.15920       -0.78080        2.37280
H         -0.92180       -3.78680        1.85360
H         -1.04780       -2.55370        0.60220
H         -3.19170       -3.74780        1.08790
H         -3.17270       -3.12730        2.73510
H         -3.35060       -0.79900        1.89330
H         -3.19270       -1.34780        0.23480
H         -5.51990       -1.97440        2.18770
H         -6.95940       -1.94170        0.34180
H         -4.50980       -1.29890       -1.43780
H         -6.14120       -0.74080       -1.67970
H         -5.06150       -3.62440       -1.93250
H         -6.83580       -4.09100       -3.38750
H         -7.82230       -1.18290       -2.92990
H         -8.86330       -2.57940       -2.77460
H         -8.65380       -3.17490       -5.12990
H         -8.38530       -1.45780       -6.68900
H         -7.13960        0.24890       -4.41580
H         -8.37830        0.84690       -5.52220
H         -6.85060        0.34660       -7.46840
H         -5.62130       -0.21710       -6.33070
H         -6.83060        2.59900       -6.27020
H         -5.47250        2.02730       -5.31020
H         -4.73670        3.41730       -7.20190
H         -5.55020        2.36660       -8.35460
H         -3.98240        0.52460       -7.85690
H         -3.24320        1.47130       -6.54710
H         -3.07230        1.99110       -8.23190

