HF BASIS=def2-svp cutoff=1.0e-9 denserms=1.0e-6  zmake GRADIENT DIPOLE CHARGE=0

C         -1.11770        3.06620        5.57750
O         -1.72450        1.85670        6.01820
C         -1.85230        0.86110        5.08340
C         -2.53880       -0.27570        5.52150
O         -3.02540       -0.33660        6.79940
C         -2.74990       -1.36450        4.68740
C         -2.26340       -1.32760        3.38160
C         -1.56450       -0.20320        2.90970
C         -1.36240        0.88870        3.77670
C         -1.01530       -0.20630        1.49800
O         -0.89310        1.13810        0.98340
C          0.42980        1.31990        0.46240
C          1.03460       -0.05350        0.31320
C          0.37930       -0.83460        1.41860
C          0.39250       -2.24690        0.88870
O          0.29000       -2.15620       -0.53800
C          0.58520       -0.80270       -0.94480
C          1.63680       -0.77780       -2.03390
C          1.64210        0.27590       -2.96520
C          2.62800        0.29190       -3.92970
C          3.59270       -0.68410       -3.99810
O          4.46690       -0.47990       -5.01920
C          3.93340        0.73090       -5.59410
O          2.77390        1.23510       -4.89860
C          3.62610       -1.73160       -3.10550
C          2.63890       -1.77430       -2.11520
H         -1.13020        3.76990        6.41540
H         -1.68340        3.51720        4.75550
H         -0.07210        2.90180        5.29700
H         -2.78040        0.52010        7.20000
H         -3.29140       -2.23210        5.05220
H         -2.43820       -2.18310        2.73250
H         -0.82070        1.75110        3.40140
H         -1.73460       -0.71280        0.84180
H          0.98840        1.91390        1.19410
H          0.38150        1.88470       -0.47270
H          2.12660       -0.03350        0.40460
H          0.91740       -0.74710        2.36940
H          1.34450       -2.73920        1.11610
H         -0.41730       -2.87140        1.27540
H         -0.35260       -0.40200       -1.35040
H          0.89330        1.06090       -2.94220
H          4.71390        1.50030       -5.57640
H          3.65860        0.53300       -6.63660
H          4.38970       -2.49810       -3.17080
H          2.64500       -2.59770       -1.40300

