HF BASIS=def2-svp cutoff=1.0e-9 denserms=1.0e-6  zmake GRADIENT DIPOLE CHARGE=0

C         -7.52370       -1.64010       -1.17350
C         -7.21940       -1.34200       -2.63080
C         -6.11400       -0.29640       -2.77220
C         -5.83230        0.02210       -4.24280
C         -4.61660        0.93540       -4.43370
C         -3.33640        0.22940       -4.15600
C         -2.41560        0.26580       -3.12360
C         -2.45780        1.10650       -1.89970
C         -1.41290       -0.70680       -3.45630
C         -0.20910       -1.05200       -2.65920
C         -1.81500       -1.26960       -4.65560
C         -1.27710       -2.33950       -5.53440
C         -1.35720       -3.74510       -4.92960
C         -2.76630       -4.35230       -4.85010
C         -3.67460       -3.85810       -3.71760
C         -3.10820       -4.11610       -2.31720
C         -4.05670       -3.60100       -1.23070
C         -3.58300       -3.92180        0.19010
C         -2.31970       -3.15720        0.58850
C         -1.89380       -3.48540        2.02400
C         -0.67450       -2.67970        2.47110
C          0.53730       -3.00200        1.63580
O          0.96380       -4.13330        1.44260
O          1.06300       -1.86700        1.09830
C          2.14490       -2.09100        0.17330
C          3.48020       -2.26140        0.90710
C          4.53660       -2.88660       -0.01240
O          4.51840       -2.25140       -1.28450
P          5.60280       -2.73120       -2.36400
O          5.27990       -4.28890       -2.52010
O          7.02430       -2.42010       -2.04390
O          5.02090       -2.12300       -3.74090
C          5.90100       -2.05100       -4.85620
C          5.39610       -2.94940       -5.99150
N          3.95860       -2.70950       -6.33250
C          5.54420       -4.42550       -5.60290
O          4.58950       -5.18800       -6.19090
O          6.38320       -4.87710       -4.83520
O          3.90860       -0.93300        1.30560
C          4.80770       -0.85970        2.31640
O          5.25840       -1.82880        2.91210
C          5.25280        0.56060        2.59140
C          4.22650        1.64570        2.24780
C          4.25750        2.04640        0.76680
C          3.28490        3.18010        0.42030
C          1.81860        2.81440        0.67060
C          0.82700        3.86000        0.14960
C          1.01810        5.28400        0.67630
C          1.02140        5.38420        2.20370
C          1.05970        6.84760        2.65920
C          1.24170        7.00860        4.17100
C          0.14540        6.42290        4.99070
C          0.12500        5.78410        6.22020
C          1.28960        5.50170        7.09700
C         -1.24840        5.44450        6.46510
C         -1.79400        4.74200        7.65530
C         -1.95500        5.92030        5.37390
C         -3.38860        5.89580        4.98010
C         -4.07630        7.24900        5.16120
C         -4.22870        7.65150        6.62250
O         -1.11340        6.51950        4.48990
O         -2.95860       -0.68100       -5.09080
H         -7.95130       -0.76360       -0.67860
H         -8.24540       -2.45830       -1.09880
H         -6.62150       -1.93240       -0.62970
H         -6.91120       -2.26820       -3.12950
H         -8.13060       -0.99440       -3.12720
H         -5.20770       -0.66820       -2.28690
H         -6.40060        0.62410       -2.25040
H         -6.71180        0.51970       -4.66840
H         -5.69340       -0.90680       -4.80870
H         -4.71070        1.82800       -3.80510
H         -4.59820        1.28910       -5.47200
H         -2.57160        0.47580       -1.01040
H         -3.29380        1.81240       -1.92170
H         -1.53210        1.68320       -1.80130
H         -0.49010       -1.64710       -1.78600
H          0.51180       -1.62720       -3.24750
H          0.29660       -0.14660       -2.31060
H         -1.79240       -2.32670       -6.50360
H         -0.22450       -2.10730       -5.74380
H         -0.85760       -3.78040       -3.95670
H         -0.76630       -4.39940       -5.58600
H         -2.65440       -5.43950       -4.74200
H         -3.27860       -4.19600       -5.80820
H         -3.89900       -2.79610       -3.84240
H         -4.63650       -4.38060       -3.80870
H         -2.94520       -5.19190       -2.18320
H         -2.14080       -3.62090       -2.21340
H         -5.04720       -4.04880       -1.37490
H         -4.17770       -2.51830       -1.33430
H         -3.41620       -5.00120        0.28750
H         -4.38980       -3.66140        0.88760
H         -2.49700       -2.07970        0.49540
H         -1.50400       -3.41290       -0.09560
H         -1.67910       -4.55800        2.10330
H         -2.72240       -3.27600        2.70890
H         -0.89650       -1.61030        2.41110
H         -0.42760       -2.90160        3.51460
H          2.17360       -1.20640       -0.46840
H          1.91370       -2.94990       -0.46740
H          3.34860       -2.87320        1.80620
H          5.54300       -2.79110        0.41100
H          4.30680       -3.94880       -0.15260
H          5.91940       -4.74450       -3.11680
H          6.92640       -2.32020       -4.57490
H          5.91860       -1.00690       -5.19140
H          6.00230       -2.79410       -6.89270
H          3.87860       -1.75890       -6.70440
H          3.46190       -2.64690       -5.43000
H          3.98040       -4.55780       -6.65290
H          5.44020        0.61450        3.67190
H          6.20200        0.73510        2.07320
H          4.45360        2.53650        2.84680
H          3.22740        1.30660        2.53830
H          5.27010        2.37530        0.50580
H          4.03780        1.18820        0.12370
H          3.41670        3.43410       -0.63940
H          3.55870        4.06970        0.99760
H          1.59470        1.85790        0.18220
H          1.64250        2.66430        1.74120
H         -0.18770        3.52500        0.39870
H          0.87780        3.88530       -0.94640
H          0.20930        5.90690        0.27450
H          1.95210        5.70160        0.27990
H          0.12720        4.89050        2.60010
H          1.89170        4.85830        2.61300
H          0.14560        7.35580        2.33170
H          1.89380        7.35610        2.16070
H          2.19760        6.55920        4.46320
H          1.31370        8.07600        4.40470
H          1.73060        4.53420        6.83790
H          0.99470        5.47560        8.15190
H          2.06090        6.27110        6.99120
H         -1.12000        3.94040        7.97480
H         -1.91660        5.44520        8.48580
H         -2.76770        4.29010        7.44420
H         -3.45670        5.60100        3.92590
H         -3.92680        5.12620        5.54690
H         -3.53100        8.03240        4.62350
H         -5.07610        7.19190        4.71330
H         -4.74750        6.87340        7.19180
H         -3.25530        7.83050        7.08950
H         -4.80920        8.57550        6.70050

