HF BASIS=def2-svp cutoff=1.0e-9 denserms=1.0e-6  zmake GRADIENT DIPOLE CHARGE=0

C         -3.47820        8.00970       -2.31940
C         -3.24470        6.58220       -1.92280
O         -4.10630        5.71370       -1.93550
O         -1.91340        6.43370       -1.55170
C         -1.60290        5.12970       -1.16180
C         -1.76540        4.76020        0.17190
C         -1.40870        3.46670        0.53100
C         -0.88780        2.55880       -0.40720
C         -0.71510        2.95230       -1.73230
C         -1.06920        4.25030       -2.11140
C         -0.56930        1.26410        0.12160
C         -0.73220        0.87120        1.42390
C         -0.28750       -0.47350        1.48430
C         -0.17640       -1.45490        2.48710
C          0.34410       -2.70350        2.12670
O          0.43720       -3.68250        3.12020
C          1.72070       -3.80580        3.63670
C          1.71460       -4.86920        4.69410
O          2.71240       -3.17330        3.30000
C          0.70150       -2.99280        0.80460
O          1.22140       -4.24710        0.47050
C          0.23390       -5.20440        0.28820
O         -0.97980       -5.03850        0.33820
C          0.88850       -6.54050       -0.03160
O         -0.03580       -7.62180       -0.01970
C          0.61870       -2.03150       -0.20480
C          0.11450       -0.79130        0.18230
O         -0.05820        0.28060       -0.65040
C         -1.26500        1.79430        2.39800
O         -1.43270        1.50720        3.57800
O         -1.58630        3.08510        1.89780
H         -2.84420        8.26600       -3.17180
H         -3.27100        8.66830       -1.47220
H         -4.52430        8.13750       -2.61220
H         -2.16310        5.45410        0.90380
H         -0.31020        2.26230       -2.46820
H         -0.93630        4.57020       -3.14120
H         -0.47700       -1.24700        3.50980
H          1.02070       -4.59460        5.49250
H          2.71730       -4.96050        5.12140
H          1.43450       -5.82860        4.25200
H          1.65880       -6.75390        0.71450
H          1.33760       -6.48370       -1.02690
H         -0.90280       -7.25340       -0.28180
H          0.91650       -2.22830       -1.22610

