HF BASIS=def2-svp cutoff=1.0e-9 denserms=1.0e-6  zmake GRADIENT DIPOLE CHARGE=0

C         -1.48100        3.78970       -2.44370
C         -1.72040        2.42140       -1.79790
C         -2.38140        2.55800       -0.40890
C         -1.53660        3.27050        0.65240
C         -2.28940        3.51420        1.96470
C         -2.89920        2.29060        2.68300
C         -3.83840        2.80830        3.78680
C         -1.86150        1.34620        3.32770
C         -1.23620        0.32300        2.37130
C         -0.45410       -0.74280        3.15620
C          0.38520       -1.72470        2.29490
C          1.08080       -2.69610        3.27070
C         -0.48950       -2.44650        1.26720
C          0.35130       -3.36500        0.39600
C          1.62650       -2.69760       -0.05540
C          2.06610       -1.52390        0.58590
O          1.38560       -0.94040        1.62800
C          3.23720       -0.85790        0.17180
C          3.67130        0.40730        0.87150
C          3.95790       -1.35340       -0.93580
C          5.18550       -0.63870       -1.44270
C          3.53530       -2.54830       -1.54320
O          4.27420       -2.99510       -2.60940
C          2.40110       -3.25330       -1.10000
C          1.99490       -4.54780       -1.75760
C         -0.43140        1.57930       -1.73070
C          0.07080        1.13920       -3.11170
C          1.33630        0.28510       -2.98160
C          1.86230       -0.31080       -4.29990
C          2.06190        0.75200       -5.37880
C          0.98190       -1.44770       -4.78490
O          1.30270       -1.87320       -6.02380
O          0.09810       -2.01770       -4.16590
H         -2.37750        4.41570       -2.37660
H         -1.23950        3.68610       -3.50600
H         -0.65340        4.32380       -1.96620
H         -2.44230        1.88580       -2.42980
H         -2.63650        1.55120       -0.05940
H         -3.33300        3.09230       -0.52560
H         -0.61050        2.72630        0.84780
H         -1.22850        4.25160        0.27240
H         -3.09700        4.22520        1.74210
H         -1.61510        4.03750        2.65530
H         -3.52420        1.72200        1.98550
H         -4.34590        1.97760        4.28900
H         -4.61420        3.45850        3.36760
H         -3.28690        3.37770        4.54300
H         -1.06950        1.93240        3.81020
H         -2.35600        0.78230        4.13010
H         -2.03170       -0.15710        1.79150
H         -0.56300        0.81720        1.66920
H         -1.15990       -1.31140        3.77570
H          0.22400       -0.21730        3.84290
H          0.35090       -3.30980        3.80840
H          1.78550       -3.36510        2.76700
H          1.67600       -2.14180        4.00580
H         -0.96360       -1.71490        0.60080
H         -1.29160       -3.01520        1.75110
H         -0.25310       -3.65430       -0.47190
H          0.60230       -4.27760        0.94890
H          3.30440        1.28050        0.32250
H          3.30060        0.46010        1.90050
H          4.76230        0.46140        0.94850
H          5.03800        0.44640       -1.43540
H          6.04800       -0.89210       -0.81880
H          5.42010       -0.89810       -2.47970
H          3.74920       -3.62790       -3.12140
H          2.87320       -5.14540       -2.02510
H          1.40810       -5.18550       -1.09140
H          1.40890       -4.34260       -2.65830
H         -0.62110        0.68230       -1.12730
H          0.36050        2.14220       -1.22230
H          0.28780        2.01990       -3.72300
H         -0.71630        0.57220       -3.61980
H          1.14130       -0.52730       -2.27370
H          2.12740        0.90250       -2.53780
H          2.83780       -0.76390       -4.08200
H          1.10620        1.10620       -5.77910
H          2.61700        1.61050       -4.98610
H          2.63420        0.34850       -6.22170
H          0.66650       -2.59830       -6.19340

