HF BASIS=def2-svp cutoff=1.0e-9 denserms=1.0e-6  zmake GRADIENT DIPOLE CHARGE=0

O          0.26820       -3.70310       -2.85920
C          0.50110       -3.10750       -1.65530
C          1.63900       -2.32060       -1.53210
C          1.91570       -1.68860       -0.31940
C          1.05280       -1.84280        0.77450
C          1.33290       -1.12860        2.07500
C          0.77330        0.26900        2.16810
O          1.28390        1.16860        2.82930
C         -0.58360        0.50440        1.55580
O         -1.55160       -0.00930        2.11790
C         -0.76620        1.32820        0.33670
C         -2.07460        1.61840       -0.09460
O         -3.20170        1.17210        0.54900
C         -2.30690        2.39720       -1.22860
C         -1.22510        2.88920       -1.94550
O         -1.39890        3.65410       -3.06030
C          0.07820        2.61270       -1.54920
C          0.30610        1.83230       -0.41190
O          1.59780        1.55900       -0.06020
C         -0.09010       -2.64470        0.63160
C         -0.36730       -3.27640       -0.58270
H         -0.55360       -4.21690       -2.79620
H          2.30840       -2.19850       -2.37890
H          2.80740       -1.07050       -0.23720
H          2.41800       -1.07170        2.22460
H          0.93020       -1.70970        2.91320
H         -2.92670        0.62070        1.31560
H         -3.32910        2.60360       -1.53020
H         -2.35210        3.76310       -3.21990
H          0.89940        3.00500       -2.14190
H          2.19970        2.10950       -0.59230
H         -0.77940       -2.77610        1.46460
H         -1.25960       -3.88820       -0.67070

