HF BASIS=def2-svp cutoff=1.0e-9 denserms=1.0e-6  zmake GRADIENT DIPOLE CHARGE=0

C         -0.85590        3.12080        7.65710
C         -0.39170        2.87950        6.22130
C          0.31240        4.12190        5.67120
O          0.55160        1.81070        6.24860
C         -1.57230        2.51410        5.34410
C         -1.81330        1.31600        4.78430
C         -3.01440        1.01260        3.92690
C         -2.79720        0.08430        2.68060
C         -4.20460       -0.36990        2.24620
O         -2.08390       -1.08200        3.10330
C         -2.02340        0.77500        1.49610
C         -0.57820        1.21490        1.86380
O         -0.53330        2.62250        2.09510
C          0.32830        0.93110        0.66150
C         -0.61150        0.74880       -0.54000
C         -1.00450        2.17150       -1.05320
C          0.01270       -0.03350       -1.75120
C          1.31680        0.58960       -2.30070
C          1.88890       -0.17800       -3.46340
C          1.47550       -1.39940       -3.86120
C          0.39280       -2.15620       -3.08470
C         -0.83450       -2.17690       -4.01580
C         -0.47500       -2.80570       -5.35040
O         -1.32940       -3.01110       -6.21660
C          0.98230       -3.23140       -5.56890
O          1.19130       -3.65120       -6.91630
C          1.96380       -2.08930       -5.15520
C          3.35350       -2.70430       -4.89900
C          2.09010       -1.07460       -6.31950
C          0.18440       -1.57640       -1.63250
C          1.40270       -2.04240       -0.78410
C         -1.03050       -2.18080       -0.93800
O         -1.52780       -3.24880       -1.29830
C         -1.52010       -1.49490        0.31980
C         -1.84040        0.00190        0.11510
C         -3.10000        0.11910       -0.77430
H         -1.31980        2.22060        8.07790
H         -1.57640        3.94330        7.72100
H         -0.00360        3.35770        8.30580
H          1.18800        4.37530        6.28010
H          0.68660        3.94680        4.65610
H         -0.35130        4.99220        5.64610
H          0.89460        1.70590        5.34460
H         -2.28800        3.32130        5.18200
H         -1.13950        0.48270        4.98480
H         -3.49880        1.94190        3.60190
H         -3.71770        0.51240        4.60780
H         -4.76540        0.44640        1.77910
H         -4.17280       -1.22460        1.56790
H         -4.78550       -0.72780        3.10530
H         -2.59060       -1.50690        3.81990
H         -2.60190        1.68570        1.28350
H         -0.17020        0.70750        2.74210
H         -1.06930        2.80860        2.88200
H          0.89390        0.02510        0.87050
H          1.06270        1.72860        0.49770
H         -1.59250        2.11740       -1.97600
H         -0.11810        2.77770       -1.26750
H         -1.59660        2.74110       -0.33240
H         -0.72990        0.10920       -2.54890
H          1.12110        1.60760       -2.65480
H          2.08020        0.66600       -1.51850
H          2.66910        0.34490       -4.01250
H          0.72840       -3.19500       -2.95640
H         -1.65090       -2.77230       -3.60110
H         -1.20940       -1.16920       -4.22380
H          1.13910       -4.12230       -4.94800
H          0.31660       -3.94520       -7.24550
H          4.09140       -1.93790       -4.63630
H          3.32240       -3.42650       -4.07420
H          3.72610       -3.22800       -5.78660
H          2.81720       -0.28360       -6.10800
H          1.12790       -0.59510       -6.52970
H          2.43080       -1.55680       -7.24190
H          1.52480       -3.13030       -0.85970
H          1.28880       -1.84960        0.28350
H          2.34780       -1.59490       -1.10220
H         -0.75720       -1.64770        1.08880
H         -2.40750       -2.04340        0.65090
H         -3.50010        1.13890       -0.78430
H         -2.88770       -0.16180       -1.81130
H         -3.90640       -0.53760       -0.44020

