HF BASIS=def2-svp cutoff=1.0e-9 denserms=1.0e-6  zmake GRADIENT DIPOLE CHARGE=0

C          2.01880       -1.77810        0.39280
C          2.07170       -0.24820        0.44360
C          1.50000        0.33590        1.74780
N          0.12250       -0.14330        2.03230
C         -0.90860        0.54760        1.21640
C         -0.94560       -0.02390       -0.19930
C          0.14100        0.49890       -1.11410
C          1.51630        0.38700       -0.82410
C          2.44790        0.87270       -1.76770
C          2.02960        1.45930       -2.96040
Cl          3.19450        2.04410       -4.08310
C          0.67750        1.57000       -3.24650
C         -0.25820        1.08830       -2.33170
S         -0.25340       -0.30420        3.67140
O         -0.23190        1.21400        4.19810
O         -1.61450       -0.76420        3.80670
O          0.82870       -0.98060        4.34570
H          2.50090       -2.20840        1.27730
H          2.54660       -2.15510       -0.49060
H          0.99710       -2.16460        0.35000
H          3.14090        0.00880        0.48020
H          1.51960        1.43260        1.72370
H          2.17440        0.03100        2.55630
H         -0.73890        1.63080        1.21140
H         -1.89990        0.38130        1.65180
H         -0.91360       -1.11920       -0.18830
H         -1.92290        0.23820       -0.62600
H          3.51560        0.78880       -1.57350
H          0.34330        2.02060       -4.17680
H         -1.31470        1.17310       -2.58220
H         -0.38260        1.18790        5.16520

