HF BASIS=def2-svp cutoff=1.0e-9 denserms=1.0e-6  zmake GRADIENT DIPOLE CHARGE=0

C         -3.33120        1.34620        6.04930
C         -1.97650        1.49390        5.37060
C         -0.94160        2.10240        6.31840
C          0.39650        2.32450        5.61010
C          1.41780        3.07680        6.46590
C          1.89430        2.29330        7.65710
C          3.13120        1.81520        7.88210
C          4.34700        1.92280        6.99900
C          5.46930        2.62220        7.70860
C          6.06800        3.78360        7.39040
C          5.79040        4.68660        6.22270
C          5.33750        6.04710        6.68990
C          4.27020        6.75440        6.27120
C          3.25100        6.37010        5.23490
C          3.39180        7.22250        4.00790
C          3.78230        6.85050        2.77480
C          4.18700        5.46910        2.32020
C          3.51150        5.09630        0.99550
C          3.81700        3.63960        0.61550
C          3.23190        3.28100       -0.75680
C          3.45610        1.81330       -1.11960
C          2.51350        0.84040       -0.42540
O          1.58060        1.23180        0.28180
C          2.72970       -0.62260       -0.73080
C          2.26540       -1.61680        0.30350
O          1.53500       -2.57070        0.00730
S          2.98490       -1.44380        1.90190
C          1.81660       -2.39890        2.92490
C          0.60310       -1.59210        3.40560
N         -0.37910       -1.42490        2.33100
C         -0.61380       -0.23180        1.90310
O          0.01460        0.83970        2.41280
C         -1.57740        0.04730        0.78600
C         -1.18860       -0.76020       -0.44760
N         -1.92780       -0.31510       -1.62560
C         -1.75550       -0.94270       -2.73840
O         -1.01950       -2.05890       -2.88720
C         -2.45210       -0.53790       -4.04480
O         -2.59920       -1.67650       -4.90340
C         -1.80030        0.59040       -4.87780
C         -2.77230        0.96520       -6.02160
C         -1.55370        1.84100       -4.01740
C         -0.49250        0.11320       -5.53840
O          0.50570       -0.20540       -4.57570
P          1.65390       -1.25790       -4.99860
O          2.07720       -0.73120       -6.44760
O          2.78880       -1.30150       -4.03310
O          0.88640       -2.62970       -5.25300
P          1.56530       -3.84070       -6.01020
O          2.76390       -4.28240       -5.04560
O          1.99750       -3.53860       -7.40500
O          0.57510       -5.08910       -5.85130
C         -0.78140       -4.96760       -6.22180
C         -1.56000       -6.14780       -5.62800
O         -2.99220       -5.99780       -5.78850
C         -3.64330       -6.31950       -4.52310
C         -2.56020       -7.09090       -3.72110
O         -2.63880       -7.22940       -2.30530
C         -1.27720       -6.41050       -4.14660
O         -1.12720       -5.22040       -3.36880
P          0.09680       -5.19550       -2.31690
O         -0.15290       -6.50460       -1.43930
O         -0.26780       -3.99560       -1.32110
O          1.43280       -5.07000       -2.97290
N         -4.19590       -5.08580       -4.00320
C         -4.52300       -3.99060       -4.76790
N         -5.03180       -3.01110       -4.04450
C         -5.15510       -3.53460       -2.78300
C         -5.65770       -2.99960       -1.58910
N         -6.14970       -1.71080       -1.48920
N         -5.66070       -3.77710       -0.48720
C         -5.22310       -5.04060       -0.59960
N         -4.68240       -5.65350       -1.68250
C         -4.66880       -4.83250       -2.74680
H         -3.70050        2.31260        6.40970
H         -4.06810        0.93980        5.34850
H         -3.26370        0.66420        6.90710
H         -1.63610        0.51390        5.02360
H         -2.09510        2.13120        4.48290
H         -1.31700        3.06390        6.70080
H         -0.81010        1.43800        7.18020
H          0.81550        1.35860        5.29800
H          0.22830        2.90220        4.69470
H          2.25270        3.36120        5.82450
H          0.97890        4.01800        6.82520
H          1.14710        2.11710        8.42880
H          3.29060        1.27030        8.81240
H          4.67840        0.90600        6.75350
H          4.11530        2.39160        6.04500
H          5.83410        2.10890        8.59850
H          6.87250        4.11690        8.04020
H          6.72140        4.81540        5.65990
H          5.07680        4.24080        5.52920
H          5.97520        6.51390        7.44300
H          4.10840        7.72750        6.73340
H          3.30260        5.30730        5.00100
H          2.25600        6.52780        5.65200
H          3.14920        8.27720        4.15370
H          3.84190        7.63370        2.01290
H          5.27370        5.45440        2.19670
H          3.93730        4.71600        3.07290
H          3.87350        5.75940        0.20310
H          2.42620        5.23180        1.07010
H          3.41430        2.96970        1.38530
H          4.90490        3.48770        0.58890
H          2.16550        3.52550       -0.78690
H          3.72010        3.90330       -1.51250
H          3.31140        1.68360       -2.19400
H          4.48950        1.52480       -0.88480
H          3.79170       -0.81540       -0.92250
H          2.17560       -0.82360       -1.64900
H          2.37860       -2.71730        3.80910
H          1.51080       -3.31820        2.41100
H          0.92550       -0.65960        3.89000
H          0.11390       -2.17770        4.19250
H         -0.06380        1.61820        1.83090
H         -2.58290       -0.21940        1.11570
H         -1.59350        1.11400        0.55620
H         -1.37250       -1.81810       -0.24290
H         -0.12570       -0.63420       -0.64810
H         -0.73760       -2.43950       -2.03420
H         -3.47500       -0.24510       -3.76320
H         -2.84360       -2.40010       -4.29890
H         -2.45940        1.87930       -6.53530
H         -2.83420        0.16780       -6.77960
H         -3.78750        1.12980       -5.64070
H         -1.10540        2.64420       -4.62360
H         -0.87000        1.64880       -3.18990
H         -2.49270        2.22380       -3.60170
H         -0.08570        0.89440       -6.18780
H         -0.68370       -0.76460       -6.17470
H          2.85000       -1.21170       -6.80600
H          2.40820       -4.63460       -4.18870
H         -0.85530       -4.97700       -7.31310
H         -1.20030       -4.01980       -5.88270
H         -1.29370       -7.05690       -6.18170
H         -4.50250       -6.97070       -4.72380
H         -2.54750       -8.11160       -4.12780
H         -3.37280       -6.67670       -1.97770
H         -0.39660       -7.05540       -4.01640
H         -1.09320       -6.76750       -1.38270
H          0.48490       -3.78710       -0.70340
H         -4.31890       -3.93290       -5.82700
H         -6.18240       -1.35090       -0.54380
H         -5.89160       -1.06780       -2.23440
H         -5.33220       -5.64700        0.29140

