HF BASIS=def2-svp cutoff=1.0e-9 denserms=1.0e-6  zmake GRADIENT DIPOLE CHARGE=+1

C         -2.57320       -4.74430       -4.10330
O         -3.33870       -4.97180       -2.92570
C         -3.70910       -3.86170       -2.20840
C         -4.68290       -4.09570       -1.23130
O         -5.19180       -5.35360       -1.04220
C         -5.16470       -3.07340       -0.42650
C         -4.64470       -1.78950       -0.57290
C         -3.64430       -1.53530       -1.52190
C         -3.18710       -2.57530       -2.35060
C         -3.05110       -0.19390       -1.57640
C         -1.79960        0.06110       -1.14070
O         -0.97540       -0.90310       -0.60350
C          0.33930       -0.98030       -1.18960
O          1.20010       -0.02130       -0.56420
C          2.59360       -0.36710       -0.46270
C          3.42950        0.92920       -0.52890
O          3.08160        1.77390        0.55830
C          2.25250        2.72250        0.31110
O          1.79110        2.96230       -0.92020
C          1.75250        3.67220        1.32070
C          2.36390        3.91410        2.49170
C          3.64470        3.35980        2.95550
C          4.81590        3.48400        2.19440
C          6.00640        2.94010        2.66790
O          7.10890        2.98280        1.86440
C          6.05350        2.32860        3.91490
O          7.23140        1.85290        4.40980
C          4.90650        2.20610        4.68250
C          3.70100        2.72820        4.20600
C          3.04910       -1.32540       -1.55820
O          2.90570       -0.66360       -2.82580
C          2.23020       -2.62590       -1.54970
O          2.18520       -3.11860       -2.89750
C          0.81810       -2.43160       -0.98920
O          0.85480       -2.74540        0.41680
C         -1.35190        1.43240       -1.08860
C         -2.13820        2.41570       -1.54240
C         -1.64690        3.82470       -1.49870
O         -0.51520        4.12390       -1.10560
C         -2.60000        4.86050       -1.97800
C         -3.80830        4.50490       -2.43530
O         -4.73690        5.39850       -2.89690
C         -4.25580        3.13160       -2.47290
C         -3.46780        2.13360       -2.05020
O         -3.90270        0.80770       -2.04550
H         -3.06830       -4.04020       -4.78590
H         -1.56390       -4.40700       -3.85170
H         -2.48200       -5.70360       -4.62750
H         -4.75260       -5.91670       -1.70940
H         -5.92610       -3.28080        0.31850
H         -5.00620       -0.99460        0.07820
H         -2.42300       -2.35980       -3.08750
H          0.28410       -0.75750       -2.26580
H          2.73920       -0.82830        0.52530
H          3.34270        1.43560       -1.49680
H          4.48880        0.67760       -0.39930
H          1.07580        3.65530       -0.97850
H          0.81180        4.16940        1.11090
H          1.88170        4.58340        3.20740
H          4.80860        3.98120        1.22780
H          7.70770        2.28140        2.18090
H          7.88090        2.57810        4.32150
H          4.94760        1.72690        5.65640
H          2.80860        2.63370        4.82170
H          4.11440       -1.56550       -1.45580
H          2.84280       -1.39290       -3.49050
H          2.76660       -3.36710       -0.94340
H          1.89590       -4.05330       -2.85260
H          0.10760       -3.12740       -1.45230
H         -0.04440       -2.56720        0.76560
H         -0.39800        1.65000       -0.64130
H         -2.25740        5.88330       -1.93500
H         -4.36750        6.30070       -2.87820
H         -5.25940        2.92770       -2.83910

