HF BASIS=def2-svp cutoff=1.0e-9 denserms=1.0e-6  zmake GRADIENT DIPOLE CHARGE=0

C          0.06880        7.02300        0.23210
O         -0.88720        5.97320        0.25340
C         -0.44410        4.70010       -0.00620
C         -1.41890        3.68410        0.03730
O         -2.69770        4.08730        0.33250
C         -3.70060        3.08730        0.43900
C         -1.04740        2.35850       -0.21880
C          0.28520        2.02510       -0.51760
C          1.24350        3.04330       -0.55460
C          0.88200        4.36950       -0.30200
C          0.68430        0.59050       -0.78940
O         -0.15340        0.06020       -1.82360
C          0.60080       -0.28670        0.47520
O          1.28800       -1.53410        0.29610
C          0.44190       -2.56210       -0.23070
O         -0.46770       -2.98950        0.78950
C         -1.33590       -4.05560        0.34620
C         -2.30280       -4.35480        1.49470
O         -3.07090       -3.18100        1.77600
C         -0.52780       -5.29800       -0.06210
O          0.13680       -5.87040        1.07610
C          0.50730       -4.90080       -1.12760
O          1.33940       -6.01960       -1.44510
C          1.36350       -3.73000       -0.63620
O          2.13540       -4.15670        0.51450
H          0.83700        6.87380        0.99800
H         -0.45370        7.95610        0.46380
H          0.51520        7.13050       -0.76190
H         -3.46530        2.37350        1.23540
H         -3.85230        2.57790       -0.51830
H         -4.63980        3.58240        0.70370
H         -1.78340        1.55980       -0.19740
H          2.28430        2.81690       -0.77960
H          1.66160        5.12310       -0.34330
H          1.70640        0.55040       -1.18430
H         -0.31570        0.78480       -2.45470
H          1.10910        0.22050        1.30310
H         -0.43760       -0.45900        0.78300
H         -0.11620       -2.20750       -1.10220
H         -1.90970       -3.67480       -0.50890
H         -2.99530       -5.16000        1.23260
H         -1.77320       -4.62260        2.41450
H         -2.41110       -2.48490        1.95930
H         -1.18900       -6.07800       -0.45470
H          0.87440       -5.26440        1.31000
H         -0.01110       -4.60960       -2.04860
H          1.73900       -6.29470       -0.59500
H          2.09040       -3.42210       -1.39540
H          2.44790       -3.32060        0.92090

