HF BASIS=def2-svp cutoff=1.0e-9 denserms=1.0e-6  zmake GRADIENT DIPOLE CHARGE=0

O          5.98690       -2.40590       -0.48220
C          4.74270       -2.47590        0.22850
C          4.68240       -1.32540        1.24030
C          3.28070       -0.91450        1.60880
C          3.06480        0.13450        2.50340
O          4.17480        0.79840        2.95780
C          1.77150        0.56300        2.84800
C          1.59780        1.80120        3.74910
C          1.68550        3.02500        2.81820
O          3.08590        3.33520        2.61850
C          0.92000        4.23190        3.39660
O         -0.43840        3.91210        3.70760
C         -0.55580        2.86220        4.57610
C          0.38840        1.83010        4.66150
C          0.19100        0.80810        5.60880
C         -0.94700        0.80110        6.41790
C         -1.88840        1.81570        6.28420
O         -3.01400        1.84000        7.05550
C         -1.70380        2.84300        5.36630
C          0.89330        5.36220        2.36910
C          0.23440        5.19740        1.13350
C          0.31290        6.18330        0.15030
O         -0.21520        6.10920       -1.10970
C         -0.58430        4.81910       -1.62160
O          0.52430        3.90310       -1.57930
C          0.14670        2.60980       -2.08300
C         -0.17430        2.69970       -3.57860
O          0.97710        3.19800       -4.27470
C         -1.34740        3.67820       -3.77390
O         -2.54410        3.09860       -3.24790
C         -1.05980        5.02520       -3.08980
O         -0.07440        5.72760       -3.87040
C          1.28330        1.62280       -1.84570
O          2.36170        2.20520       -1.26650
O          1.23180        0.43420       -2.12850
C          0.99140        7.37080        0.42710
C          1.61820        7.56100        1.65710
C          1.57620        6.55960        2.62350
C          0.67590       -0.07850        2.22370
O         -0.54940        0.47570        2.45700
C          0.83330       -1.14550        1.32000
C         -0.29640       -1.86620        0.56130
C         -1.63430       -1.11180        0.38770
O         -2.33150       -1.03540        1.65540
C         -2.45650       -1.87380       -0.68040
O         -2.74930       -3.22230       -0.28800
C         -1.81720       -3.87730        0.47440
C         -0.64250       -3.29440        0.97960
C          0.17670       -4.08210        1.80520
C         -0.15380       -5.41180        2.09560
C         -1.30380       -5.96620        1.56350
O         -1.58220       -7.26910        1.84940
C         -2.14690       -5.20710        0.76160
C         -3.75740       -1.13670       -1.01180
C         -3.70750        0.15740       -1.56030
C         -4.88170        0.85300       -1.83760
O         -4.84450        2.12260       -2.33830
C         -6.12330        0.27590       -1.61270
C         -6.19270       -1.00930       -1.08010
C         -5.02010       -1.70870       -0.78090
C          2.16500       -1.51420        1.00950
O          2.31910       -2.49650        0.06250
C          3.52360       -2.37330       -0.70390
C          3.45630       -3.44760       -1.77370
C          3.55130       -3.09110       -3.13090
C          3.41620       -4.06700       -4.11260
O          3.48740       -3.76250       -5.44440
C          3.18460       -5.39480       -3.76190
O          3.03130       -6.33940       -4.73480
C          3.09920       -5.76880       -2.43080
C          3.23090       -4.79750       -1.43710
H          5.96820       -1.61460       -1.04530
H          4.72070       -3.42910        0.77100
H          5.23720       -1.61460        2.14060
H          5.19620       -0.45210        0.82190
H          3.97580        1.76030        2.95170
H          2.44970        1.82780        4.44220
H          1.26880        2.76660        1.83700
H          3.11570        4.06590        1.97330
H          1.41720        4.59780        4.30620
H          0.91210       -0.00240        5.69410
H         -1.08220       -0.00750        7.12810
H         -2.92200        1.16590        7.74800
H         -2.44390        3.63030        5.28120
H         -0.32200        4.28060        0.96220
H         -1.41810        4.42310       -1.02750
H         -0.70190        2.24220       -1.49710
H         -0.41720        1.70770       -3.97560
H          0.83680        3.07690       -5.23060
H         -1.48830        3.84650       -4.84810
H         -3.19910        3.10770       -3.98000
H         -1.95870        5.65610       -3.08450
H          0.78200        5.28720       -3.70160
H          2.17290        3.16860       -1.16770
H          1.04240        8.14910       -0.33140
H          2.14760        8.48870        1.85470
H          2.08650        6.71490        3.57180
H         -1.22760       -0.23730        2.49950
H          0.08990       -1.95490       -0.46680
H         -1.44460       -0.08200        0.06330
H         -3.28690       -1.15390        1.48270
H         -1.89090       -1.93530       -1.62140
H          1.09260       -3.68600        2.23190
H          0.49800       -6.01130        2.72290
H         -2.26550       -7.57420        1.22950
H         -3.06440       -5.62140        0.35910
H         -2.74940        0.62270       -1.76530
H         -3.94330        2.46600       -2.20160
H         -7.02850        0.82770       -1.84060
H         -7.16210       -1.46770       -0.90230
H         -5.10940       -2.70960       -0.36150
H          3.52200       -1.39610       -1.21020
H          3.70360       -2.04940       -3.40440
H          3.67180       -2.81210       -5.52510
H          3.12440       -5.83960       -5.56950
H          2.90640       -6.80430       -2.16710
H          3.13200       -5.09300       -0.39580

