HF BASIS=def2-svp cutoff=1.0e-9 denserms=1.0e-6  zmake GRADIENT DIPOLE CHARGE=0

F          0.55400        2.01260        2.08330
C          1.48060        1.13800        1.66900
C          2.75420        1.25670        2.21560
C          3.73260        0.31510        1.91010
C          3.44110       -0.77650        1.08340
C          2.14600       -0.87550        0.54150
C          1.14960        0.08520        0.80670
N         -0.14710       -0.03080        0.23370
C         -0.72830       -1.20500       -0.17320
O         -0.31840       -2.35240       -0.12120
C         -2.05250       -0.86740       -0.69890
C         -2.20490        0.45300       -0.61960
C         -3.40060        1.20140       -1.07550
C         -4.31530        0.30190       -1.92610
C         -4.43790       -1.11910       -1.35240
C         -3.07190       -1.81390       -1.21010
C         -0.97060        1.02470       -0.07330
O         -0.77770        2.22720       -0.03690
N          4.44590       -1.75900        0.84710
C          4.15920       -3.00070        0.13910
C          4.19970       -2.80290       -1.31930
C          4.23360       -2.64140       -2.50920
C          5.74610       -1.54290        1.28660
O          6.65870       -2.36060        1.16700
C          6.00340       -0.15790        1.86670
O          4.93930        0.50300        2.52320
H          2.96880        2.07760        2.89330
H          1.91440       -1.69230       -0.13440
H         -3.95260        1.55940       -0.19860
H         -3.11110        2.07960       -1.66290
H         -3.91440        0.23930       -2.94620
H         -5.30800        0.75980       -2.00400
H         -4.92060       -1.06390       -0.36790
H         -5.09100       -1.72440       -1.99130
H         -2.75000       -2.19180       -2.18760
H         -3.17290       -2.67570       -0.54130
H          3.19140       -3.39710        0.46560
H          4.89640       -3.76390        0.41440
H          4.27070       -2.49970       -3.56480
H          6.81190       -0.25780        2.59950
H          6.37250        0.48340        1.05690

