HF BASIS=def2-svp cutoff=1.0e-9 denserms=1.0e-6  zmake GRADIENT DIPOLE CHARGE=0

C         -3.89660        2.32310       -1.47780
C         -2.80970        1.33760       -1.87630
C         -2.36230        0.48660       -0.68800
C         -1.26840       -0.50410       -1.09340
C         -0.81910       -1.35070        0.09930
C          0.19210       -2.44180       -0.27070
C          1.51730       -1.93320       -0.83600
C          2.27540       -1.05140        0.14180
O          2.23560        0.17470        0.02150
C          3.01580       -1.70610        1.20060
C          3.76720       -1.18000        2.23500
C          4.26900       -2.27710        2.97480
C          3.79680       -3.40600        2.34940
O          3.03800       -3.07260        1.27420
H         -4.78010        1.80020       -1.09770
H         -4.20150        2.92110       -2.34220
H         -3.54060        3.00660       -0.70030
H         -3.18680        0.69050       -2.67680
H         -1.95430        1.89040       -2.28170
H         -1.98910        1.13850        0.11120
H         -3.22280       -0.06050       -0.28380
H         -0.41760        0.05210       -1.50210
H         -1.64290       -1.15900       -1.88930
H         -1.69690       -1.83970        0.54050
H         -0.40270       -0.70210        0.87890
H          0.38310       -3.04540        0.62470
H         -0.26480       -3.11600       -1.00570
H          1.35670       -1.36510       -1.75910
H          2.15380       -2.77990       -1.11930
H          3.92520       -0.12590        2.42160
H          4.89720       -2.24870        3.85420
H          3.90490       -4.46590        2.53540

