HF BASIS=def2-svp cutoff=1.0e-9 denserms=1.0e-6  zmake GRADIENT DIPOLE CHARGE=0

C          3.55090        2.12710        1.88090
O          3.16900        0.82490        1.45540
C          1.99380        0.35020        2.11450
C          0.74020        0.95640        1.55660
C          0.42130        0.93870        0.20590
C          1.22200        0.39630       -0.93930
C          0.14890        0.30050       -2.03370
C         -0.86000        1.43180       -1.75030
C         -2.24620        1.11770       -2.29100
C         -0.76320        1.52010       -0.25680
C         -1.61730        2.10840        0.64770
N         -1.36030        2.13080        1.97410
C         -0.19970        1.55700        2.39140
H          2.78060        2.86300        1.63320
H          3.75070        2.13660        2.95670
H          4.46990        2.40140        1.35570
H          2.08300        0.51260        3.19560
H          1.94860       -0.73430        1.96280
H          2.00900        1.10420       -1.21910
H          1.65520       -0.58470       -0.72570
H         -0.34660       -0.67830       -1.96230
H          0.57910        0.37050       -3.03820
H         -0.49370        2.37150       -2.18230
H         -2.94390        1.93530       -2.08060
H         -2.21310        0.97580       -3.37620
H         -2.65930        0.20780       -1.84130
H         -2.54070        2.58900        0.34340
H         -0.04570        1.60660        3.46670

