HF BASIS=def2-svp cutoff=1.0e-9 denserms=1.0e-6  zmake GRADIENT DIPOLE CHARGE=0

O          0.93870        2.75300        0.44000
C          0.54920        1.38610        0.54350
C         -0.37380        1.03000       -0.63360
N         -0.84310       -0.36560       -0.73490
C         -1.78720       -0.67910        0.35390
C         -2.43930       -2.05400        0.18480
O         -3.29570       -2.33150        1.29850
C         -1.35900       -3.12490        0.10870
O         -1.97710       -4.40430       -0.11690
C         -0.36220       -2.81930       -1.00980
O          0.64880       -3.84030       -0.93160
C          0.22990       -1.38370       -0.86530
C          1.16520       -1.10030       -2.07370
O          2.14940       -2.12730       -2.21760
H          1.46140        2.96050        1.23390
H          1.45930        0.78010        0.53460
H          0.03860        1.25030        1.50120
H          0.11570        1.32120       -1.57090
H         -1.24640        1.69760       -0.60050
H         -1.29070       -0.63390        1.33240
H         -2.58870        0.06990        0.38730
H         -3.06840       -2.07510       -0.71310
H         -3.51390       -3.28180        1.21100
H         -0.84140       -3.21620        1.07210
H         -1.22990       -4.99640       -0.34190
H         -0.85060       -2.93680       -1.98560
H          1.40730       -3.51090       -1.46450
H          0.85920       -1.39240        0.03550
H          1.70570       -0.15840       -1.94170
H          0.59030       -1.04960       -3.00490
H          2.72750       -1.85380       -2.95450

