HF BASIS=def2-svp cutoff=1.0e-9 denserms=1.0e-6  zmake GRADIENT DIPOLE CHARGE=0

O          6.24450        3.22110        2.69700
C          5.21970        2.32020        3.11100
C          3.83410        2.81160        2.66480
O          2.86990        1.83850        3.11020
C          1.51560        2.14870        2.69790
C          1.10460        3.54260        3.22570
O         -0.25260        3.91210        2.93380
C          2.10600        4.63070        2.83880
O          1.75030        5.84420        3.52750
C          3.52760        4.21360        3.22590
O          4.42310        5.22190        2.74270
C          1.31050        1.65890        1.27200
C          1.52040        0.28280        1.00530
O          2.12120       -0.51840        1.94800
C          1.12090       -0.32940       -0.19850
C          0.63290        0.48520       -1.21620
O          0.23010        0.01790       -2.43330
C          0.84360       -1.21710       -2.82110
C          0.66680       -2.32200       -1.76150
O          1.38390       -3.50510       -2.17590
C          1.17140       -1.83760       -0.37890
C          0.44000       -2.66450        0.69700
C          1.01960       -3.85740        1.15360
O          2.19020       -4.28280        0.58770
C          0.40480       -4.63370        2.12950
C         -0.81960       -4.23410        2.65680
O         -1.35130       -5.06560        3.60370
C         -1.45300       -3.06490        2.21850
C         -0.83180       -2.31200        1.20570
O         -1.41790       -1.20150        0.65830
C         -2.80720       -0.99460        0.92610
C         -3.13550       -1.19300        2.41530
O         -4.52130       -1.00150        2.72010
C         -2.77390       -2.62730        2.78860
C         -3.12250        0.41280        0.44220
C         -2.51970        1.53600        1.03510
C         -2.78040        2.81060        0.54010
O         -2.14200        3.90980        1.03170
C         -3.65900        2.99670       -0.52010
C         -4.27500        1.89230       -1.10600
C         -4.00310        0.60660       -0.63290
C          0.19900       -1.58950       -4.15240
C         -1.18340       -1.81090       -4.24610
C         -1.76250       -2.13850       -5.47060
O         -3.10450       -2.39160       -5.51480
S         -4.11110       -1.18420       -5.95990
O         -3.57470        0.10650       -5.14720
O         -3.88840       -0.88090       -7.35760
O         -5.43200       -1.48670       -5.45270
C         -0.98550       -2.26550       -6.61740
C          0.38740       -2.04140       -6.54100
C          0.97760       -1.70860       -5.31730
C          0.47880        1.85170       -1.01420
C          0.80270        2.42250        0.21920
O          0.59760        3.76080        0.35870
H          7.09110        2.73840        2.79500
H          5.26410        2.21410        4.20070
H          5.41570        1.33240        2.67800
H          3.83890        2.85950        1.56780
H          0.87910        1.46770        3.28210
H          1.13400        3.48130        4.32350
H         -0.28320        4.86630        3.16730
H          2.05850        4.88210        1.77800
H          2.48850        6.46280        3.33470
H          3.61030        4.21060        4.32190
H          5.30730        4.79670        2.65680
H          2.57990        0.06040        2.58950
H          1.91450       -1.03590       -2.99490
H         -0.38970       -2.60500       -1.69210
H          1.78810       -3.89950       -1.37290
H          2.24470       -2.06650       -0.32100
H          2.50850       -5.05410        1.09110
H          0.85200       -5.55720        2.48200
H         -2.24670       -4.77360        3.83960
H         -3.38640       -1.70690        0.32100
H         -2.55540       -0.50450        3.04160
H         -4.87030       -0.29790        2.13510
H         -2.76310       -2.70020        3.88220
H         -3.55710       -3.31160        2.43550
H         -1.81200        1.40840        1.84960
H         -1.53670        3.64620        1.76470
H         -3.85520        3.99580       -0.90140
H         -4.94320        2.02550       -1.95520
H         -4.46940       -0.24500       -1.12900
H         -1.81300       -1.71980       -3.36320
H         -2.87760        0.52330       -5.69680
H         -1.44230       -2.53860       -7.56360
H          1.00400       -2.13850       -7.43280
H          2.05330       -1.55220       -5.27630
H          0.08190        2.46530       -1.82070
H         -0.24220        3.98540       -0.09390

