HF BASIS=def2-svp cutoff=1.0e-9 denserms=1.0e-6  zmake GRADIENT DIPOLE CHARGE=0

C          0.11330       -0.32070        3.92400
C         -0.08560       -1.41250        2.88000
C         -0.81480       -0.90270        1.63370
O         -0.00770        0.05010        0.94930
C         -1.20700       -2.02270        0.65670
C         -0.09620       -2.98210        0.19890
C          1.09110       -2.36710       -0.55270
C          0.70830       -1.63870       -1.82200
N          0.53670       -0.26060       -1.73420
C         -0.16280        0.57570       -2.71320
C         -0.34550        1.99740       -2.19290
O         -0.77360        2.84790       -3.15130
O         -0.17830        2.39840       -1.05030
C          0.57370       -2.26120       -2.96450
O          0.43620       -2.81340       -3.99420
H         -0.84550        0.11160        4.22700
H          0.59440       -0.73610        4.81530
H          0.75090        0.48350        3.54440
H         -0.65410       -2.23300        3.33240
H          0.90410       -1.79830        2.61030
H         -1.73770       -0.38960        1.93150
H         -0.05660        0.89350        1.43730
H         -1.66820       -1.57160       -0.23060
H         -1.98750       -2.63030        1.13300
H          0.28920       -3.52810        1.06850
H         -0.55850       -3.74320       -0.44390
H          1.65490       -1.70190        0.11180
H          1.79030       -3.17560       -0.80600
H          0.41150        0.06010       -0.75810
H          0.42150        0.61760       -3.63820
H         -1.15820        0.16610       -2.91520
H         -0.84580        3.70940       -2.68900

