HF BASIS=def2-svp cutoff=1.0e-9 denserms=1.0e-6  zmake GRADIENT DIPOLE CHARGE=0

N          0.65390       -3.80660        0.61310
C          0.08430       -2.49750        0.15780
C          1.23230       -1.51990       -0.13350
C          0.77680       -0.09970       -0.48410
C          0.05600        0.58860        0.65680
O          0.05020        0.16520        1.80860
N         -0.55560        1.75960        0.29640
C         -1.39240        2.54390        1.21850
C         -0.58060        3.17650        2.35620
O         -0.38030        2.26420        3.43750
C         -2.08420        3.63280        0.40910
O         -3.09790        4.23280        1.06060
O         -1.79980        3.96130       -0.73440
C         -0.74360       -2.76200       -1.11250
O         -0.46490       -3.98440       -1.63620
O         -1.53120       -1.97680       -1.61570
H         -0.09040       -4.30210        1.11920
H          1.34440       -3.60610        1.34440
H         -0.58880       -2.13820        0.94110
H          1.89860       -1.46790        0.73780
H          1.83600       -1.89870       -0.96880
H          0.13970       -0.09920       -1.37360
H          1.66140        0.50500       -0.71890
H         -0.58580        2.02610       -0.68540
H         -2.15400        1.85830        1.60830
H          0.40260        3.51070        2.00680
H         -1.09340        4.04710        2.77730
H         -0.11170        1.40340        3.04620
H         -3.46150        4.88090        0.42020
H          0.20210       -4.38890       -1.02470

