HF BASIS=def2-svp cutoff=1.0e-9 denserms=1.0e-6  zmake GRADIENT DIPOLE CHARGE=0

C         -3.43380       -2.37560        1.40660
C         -2.27680       -2.53760        0.43520
S         -2.66870       -1.83480       -1.20550
C         -2.54990       -0.09270       -0.83810
C         -1.32660        0.48800       -0.47170
C         -1.18690        1.86160       -0.15940
C         -2.35620        2.64030       -0.26140
S         -2.41970        4.37580        0.10700
C         -0.70370        4.78480        0.31680
C         -0.42890        6.16070        0.45670
C          0.86930        6.61960        0.64340
C          1.90470        5.70340        0.69010
C          1.63590        4.33540        0.55300
C          0.32920        3.82620        0.36730
N          0.06570        2.43310        0.22000
C          1.17000        1.48830        0.52310
C          2.00580        1.18460       -0.73050
C          3.05050        0.09200       -0.47470
N          2.44860       -1.22440       -0.20940
C          1.97660       -1.86610       -1.46170
C          1.41740       -3.28810       -1.22340
N          2.40170       -4.17160       -0.57110
C          1.81990       -5.48390       -0.30210
C          2.87340       -3.54000        0.67480
C          3.43930       -2.12340        0.42550
C         -3.58150        2.06310       -0.65010
C         -3.67860        0.70620       -0.94060
H         -3.65690       -1.32250        1.60540
H         -3.18000       -2.84340        2.36390
H         -4.34180       -2.86010        1.03210
H         -1.36640       -2.08500        0.84030
H         -2.07180       -3.60390        0.29410
H         -0.46790       -0.17370       -0.45480
H         -1.23870        6.88730        0.41970
H          1.06600        7.68260        0.74840
H          2.92780        6.04380        0.82950
H          2.50270        3.68480        0.58320
H          0.78260        0.57010        0.98050
H          1.81520        1.87400        1.32300
H          2.53300        2.09070       -1.05020
H          1.36410        0.91630       -1.57580
H          3.64700        0.40840        0.39170
H          3.74520        0.03980       -1.32290
H          1.17910       -1.26900       -1.91650
H          2.79490       -1.92540       -2.19260
H          0.50540       -3.21540       -0.61710
H          1.13350       -3.71260       -2.19410
H          1.50540       -5.96160       -1.23650
H          0.95120       -5.42620        0.36450
H          2.56220       -6.14620        0.15700
H          3.66750       -4.15330        1.11730
H          2.05800       -3.47690        1.40900
H          4.34280       -2.19970       -0.19510
H          3.74180       -1.70620        1.39360
H         -4.47740        2.67720       -0.72640
H         -4.63570        0.28700       -1.23840

