HF BASIS=def2-svp cutoff=1.0e-9 denserms=1.0e-6  zmake GRADIENT DIPOLE CHARGE=0

C         -2.24700        3.18950       -1.48860
C         -2.53050        1.95690       -2.33200
C         -1.56010        0.81930       -2.01080
C         -1.86040       -0.41820       -2.85800
C         -0.86500       -1.56220       -2.64500
C         -0.91280       -2.15720       -1.23480
C         -0.04410       -3.41390       -1.13730
C         -0.14200       -4.11530        0.22090
C          0.36760       -3.31220        1.42250
C          1.85280       -2.95620        1.32080
C          2.43360       -2.39750        2.62590
C          1.82700       -1.07020        3.09670
C          2.05280        0.08150        2.14590
C          0.96770        0.68170        1.49020
C          1.17170        1.74540        0.61050
C          2.46740        2.21280        0.38740
C          3.56000        1.62960        1.03100
C          3.34830        0.56930        1.91310
S          2.73610        3.53010       -0.76220
O          4.10150        3.13360       -1.52650
O          2.98120        4.73490       -0.00390
O          1.71230        3.45620       -1.78290
H         -2.95940        3.98490       -1.72870
H         -1.23840        3.57000       -1.67700
H         -2.33620        2.96430       -0.42110
H         -3.56070        1.62810       -2.15170
H         -2.45560        2.22260       -3.39280
H         -0.53140        1.15020       -2.19680
H         -1.63770        0.57330       -0.94600
H         -1.83810       -0.13920       -3.91890
H         -2.87660       -0.77330       -2.64730
H         -1.09360       -2.34840       -3.37530
H          0.15160       -1.21370       -2.86430
H         -0.56520       -1.41260       -0.51220
H         -1.94840       -2.40830       -0.97620
H          0.99890       -3.16660       -1.36450
H         -0.36490       -4.12780       -1.90660
H         -1.18800       -4.39080        0.40470
H          0.41730       -5.05760        0.16430
H          0.20530       -3.91640        2.32380
H         -0.23470       -2.40630        1.54520
H          2.41900       -3.85950        1.06130
H          2.01630       -2.24150        0.50700
H          2.29740       -3.14160        3.42080
H          3.51730       -2.28360        2.49860
H          2.27220       -0.80000        4.06330
H          0.75610       -1.19640        3.29500
H         -0.04530        0.32130        1.65900
H          0.32200        2.20090        0.10830
H          4.56890        1.99740        0.85850
H          4.20140        0.12380        2.42130
H          3.88800        3.06210       -2.48110

