HF BASIS=def2-svp cutoff=1.0e-9 denserms=1.0e-6  zmake GRADIENT DIPOLE CHARGE=0

C          3.16680        0.23180       -0.62330
S          2.09300       -1.17240       -0.44310
O          2.88040       -2.31310       -0.02670
O          1.19480       -1.24230       -1.57840
O          1.24870       -0.63680        0.84250
C          0.29150       -1.51920        1.40630
C         -0.82660       -0.72750        2.08670
O         -1.87040       -1.62540        2.48320
C         -1.42400        0.39770        1.22140
O         -2.50940        0.98450        1.97010
C         -1.97600       -0.09200       -0.12430
O         -2.41280        1.01730       -0.90960
S         -1.33580        1.80460       -1.85080
C         -1.48660        0.79480       -3.30820
O         -1.87790        3.11540       -2.13710
O         -0.00850        1.64750       -1.29280
H          3.82420        0.04670       -1.47530
H          3.75860        0.34020        0.28760
H          2.56700        1.12400       -0.80270
H         -0.12940       -2.19000        0.64710
H          0.78980       -2.16250        2.14080
H         -0.43560       -0.27530        3.00670
H         -2.58060       -1.04420        2.82690
H         -0.68300        1.19000        1.08250
H         -2.89620        1.67620        1.39880
H         -2.85950       -0.71840        0.03900
H         -1.25320       -0.68190       -0.69100
H         -0.83620        1.21600       -4.07770
H         -2.52490        0.81650       -3.64450
H         -1.17440       -0.22390       -3.07550

