HF BASIS=def2-svp cutoff=1.0e-9 denserms=1.0e-6  zmake GRADIENT DIPOLE CHARGE=+1

O         -1.82810       -4.38440        4.15180
C         -1.17290       -3.27000        3.52470
C         -1.42280       -3.25840        2.00340
O         -0.56040       -2.27670        1.41620
C         -0.40960       -2.25840        0.04830
C         -1.05360       -3.03660       -0.85470
C         -0.81680       -2.93280       -2.29100
O         -1.55190       -3.80900       -3.04910
C          0.05230       -2.04700       -2.80940
C          0.76170       -1.18740       -1.89410
O          1.64890       -0.27560       -2.43460
C          2.35090        0.57410       -1.57740
C          2.19210        0.51720       -0.23840
O          2.89000        1.31310        0.64280
C          1.26340       -0.43050        0.34210
C          0.56120       -1.26420       -0.44800
C          3.27580        1.48860       -2.27810
C          3.35860        2.84970       -1.94010
C          4.22640        3.68510       -2.63700
O          4.34490        5.01490       -2.33610
C          5.00660        3.18500       -3.67500
O          5.85240        4.01460       -4.35340
C          4.93560        1.84890       -4.03290
C          4.06840        1.00300       -3.33570
O         -2.80570       -3.01770        1.71540
C         -3.29440       -1.77740        2.22550
C         -3.15500       -1.71930        3.75310
O         -3.51290       -0.43560        4.29260
C         -1.69660       -1.97680        4.14630
O         -1.60130       -2.07120        5.57900
C         -4.76490       -1.61130        1.85530
O         -5.05640       -1.98610        0.59370
O         -5.63370       -1.13490        2.57400
H         -1.78210       -4.19430        5.11190
H         -0.10230       -3.37120        3.73760
H         -1.17440       -4.25550        1.61830
H         -1.79370       -3.77360       -0.56080
H         -1.33400       -3.66160       -3.98480
H          0.24320       -1.95100       -3.87010
H          2.76740        0.97190        1.54370
H          1.13920       -0.45010        1.41830
H          2.74190        3.24360       -1.13800
H          3.76800        5.19980       -1.57470
H          5.72830        4.88690       -3.92890
H          5.54700        1.46710       -4.84440
H          4.01890       -0.04620       -3.62030
H         -2.76870       -0.93730        1.75410
H         -3.80090       -2.46180        4.23900
H         -4.47250       -0.32100        4.12020
H         -1.07090       -1.12750        3.84510
H         -2.08300       -1.28730        5.91480
H         -6.01840       -1.83720        0.49290

