HF BASIS=def2-svp cutoff=1.0e-9 denserms=1.0e-6  zmake GRADIENT DIPOLE CHARGE=0

C         -0.72720        0.84570       -3.49420
C         -0.56170        1.84620       -2.36070
N          0.29020        1.31270       -1.29810
C          1.70540        1.67780       -1.33060
C          1.94430        3.08660       -0.80600
C         -0.31980        0.54400       -0.30300
O         -1.53950        0.38460       -0.25540
C          0.54270       -0.13130        0.74930
C          1.52820       -1.21810        0.31000
C          0.28690       -1.63570        1.03030
C         -0.74150       -2.44920        0.31560
N         -2.03010       -2.19010        0.93800
C          0.83190        0.70090        2.00540
C          2.11640        1.17900        2.32000
C          2.35300        1.93850        3.46970
C          1.30560        2.23610        4.33600
C          0.02460        1.77320        4.05370
C         -0.20520        1.01500        2.90320
H          0.24100        0.59180       -3.93810
H         -1.36550        1.26240       -4.27930
H         -1.18440       -0.08340       -3.13830
H         -1.54710        2.09510       -1.95120
H         -0.13020        2.77690       -2.74320
H          2.29960        0.98050       -0.74090
H          2.05710        1.59470       -2.36510
H          1.54050        3.21060        0.20300
H          3.01660        3.30350       -0.77830
H          1.46690        3.83630       -1.44470
H          2.46710       -1.32930        0.84000
H          1.60610       -1.43900       -0.74940
H          0.40360       -1.98120        2.05410
H         -0.49740       -3.51210        0.41310
H         -0.78410       -2.21870       -0.75450
H         -2.74840       -2.70640        0.43370
H         -2.25200       -1.20150        0.75590
H          2.95270        0.95900        1.66170
H          3.35610        2.29490        3.68810
H          1.48690        2.82490        5.23100
H         -0.79900        1.99740        4.72650
H         -1.21370        0.65600        2.69860

