HF BASIS=def2-svp cutoff=1.0e-9 denserms=1.0e-6  zmake GRADIENT DIPOLE CHARGE=0

C          1.98880       -2.13010        1.03850
C          0.88990       -1.05090        1.13400
C          0.60110       -0.41520       -0.25920
O          0.10320        0.90630       -0.04110
C          1.80650       -0.33940       -1.23020
C          1.48400        0.30870       -2.57620
C          0.79110       -0.64330       -3.52190
C          1.81630        1.58190       -2.90690
C          1.51870        2.24940       -4.22370
C          2.45130        2.48920       -1.90380
O          2.12580        2.55260       -0.72600
O          3.41020        3.23000       -2.50180
C          3.96230        4.26590       -1.67810
O          5.15110        4.76500       -2.30580
C          5.89800        5.67930       -1.47830
C          7.02320        4.93960       -0.74900
O          7.91430        5.86440       -0.13520
C          5.00620        6.52050       -0.53880
O          4.73340        5.84750        0.70120
C          3.66810        6.76210       -1.23110
O          2.86030        7.61380       -0.40210
C          2.94160        5.42420       -1.47180
O          2.07940        5.59480       -2.61710
C         -0.39280       -1.67190        1.80310
C         -0.05000       -2.38230        3.14120
C         -1.29190       -2.32740        4.02590
C         -2.40420       -1.73910        3.15120
C         -3.22080       -2.86780        2.44480
C         -4.10210       -3.60370        3.47000
C         -4.96940       -4.63800        2.83710
C         -5.33720       -4.62190        1.54560
C         -6.08570       -5.80390        0.95720
C         -5.38470       -6.35720       -0.29190
O         -4.19350       -7.05480        0.08450
C         -5.04380       -5.26400       -1.30730
C         -4.26930       -4.09800       -0.66810
O         -2.97140       -4.59060       -0.30560
C         -4.97980       -3.47480        0.58240
C         -6.31930       -2.82110        0.13840
C         -4.11090       -2.33710        1.29190
C         -3.25970       -1.48530        0.32640
O         -4.06940       -0.92130       -0.70420
C         -2.56280       -0.34440        1.05930
C         -1.62380       -0.78620        2.19180
C         -1.18800        0.48800        2.95800
H          2.23380       -2.56030        2.01420
H          1.68130       -2.94530        0.37570
H          2.92840       -1.71110        0.66680
H          1.26740       -0.26460        1.80110
H         -0.19650       -0.98550       -0.74660
H          0.86710        1.52060        0.00090
H          2.17820       -1.34960       -1.43910
H          2.64340        0.17590       -0.74590
H         -0.19250       -0.91390       -3.12810
H          1.37780       -1.56040       -3.63090
H          0.64330       -0.24710       -4.52570
H          0.65000        1.82490       -4.73280
H          2.38530        2.17510       -4.88970
H          1.28650        3.31120       -4.08110
H          4.26270        3.82250       -0.72100
H          6.36350        6.37820       -2.18600
H          7.59480        4.33520       -1.46080
H          6.62660        4.25800        0.01130
H          8.54650        5.34120        0.38710
H          5.50280        7.46090       -0.28000
H          4.17330        6.46730        1.20710
H          3.82830        7.29750       -2.17550
H          2.10680        7.90690       -0.94280
H          2.27720        5.17400       -0.63460
H          1.28950        6.08030       -2.31440
H         -0.73860       -2.45690        1.11790
H          0.78110       -1.89140        3.66000
H          0.24050       -3.42210        2.95640
H         -1.10360       -1.66770        4.88070
H         -1.51850       -3.30850        4.44650
H         -3.09680       -1.15740        3.77340
H         -2.51360       -3.59430        2.02500
H         -4.73660       -2.89950        4.02140
H         -3.47230       -4.11110        4.20830
H         -5.25630       -5.47110        3.47530
H         -6.17210       -6.60790        1.69990
H         -7.10670       -5.49520        0.70700
H         -6.03570       -7.09980       -0.76480
H         -3.55430       -6.36400        0.36580
H         -4.42740       -5.70210       -2.10330
H         -5.96540       -4.89300       -1.76940
H         -4.12930       -3.33620       -1.44270
H         -2.37090       -4.35750       -1.04070
H         -6.84080       -2.36760        0.99220
H         -7.01650       -3.53540       -0.30880
H         -6.16810       -2.04130       -0.61230
H         -4.83320       -1.64690        1.75890
H         -2.50380       -2.09660       -0.17220
H         -4.54490       -0.16180       -0.32760
H         -3.33780        0.31480        1.47860
H         -2.05950        0.28670        0.32690
H         -0.47310        0.28350        3.75920
H         -0.72340        1.22110        2.29500
H         -2.05360        0.97770        3.41770

