HF BASIS=def2-svp cutoff=1.0e-9 denserms=1.0e-6  zmake GRADIENT DIPOLE CHARGE=0

C          0.30400        0.35710        3.52700
C          0.43290       -0.48090        4.56780
C          0.19690       -0.05690        5.95260
C         -0.70940       -0.77880        6.73820
C         -0.94810       -0.38640        8.05080
O         -1.84640       -1.08040        8.80700
C         -0.28210        0.70330        8.59190
O         -0.54060        1.06850        9.88680
C          0.63630        1.41100        7.82530
O          1.27500        2.46640        8.41340
C          0.88260        1.03880        6.50620
C          0.51830       -0.03100        2.12750
C          1.10610        0.88720        1.25280
C          1.29590        0.56430       -0.09330
C          0.89080       -0.67460       -0.59100
O          1.11770       -0.84760       -1.92720
C          0.78700       -2.11250       -2.51560
O         -0.62150       -2.34330       -2.63830
C         -1.29870       -1.44460       -3.52900
C         -0.67950       -1.49600       -4.92840
O         -1.32780       -0.63600       -5.86560
C          0.82270       -1.21320       -4.87170
O          1.37210       -1.39340       -6.18760
C          1.48530       -2.18080       -3.88910
O          2.88770       -1.87190       -3.81390
C         -1.43770       -0.01960       -2.97890
O         -2.26110        0.03220       -1.90620
O         -0.88130        0.99270       -3.37250
C          0.28210       -1.58670        0.26830
C          0.09590       -1.26340        1.61890
H          0.02370        1.39580        3.68630
H          0.70770       -1.52300        4.43460
H         -1.24250       -1.63260        6.33200
H         -1.83890       -0.62570        9.67290
H          0.04720        1.83780       10.03490
H          1.88780        2.85170        7.76280
H          1.60490        1.58100        5.90360
H          1.42380        1.86290        1.60970
H          1.75320        1.29370       -0.75840
H          1.21660       -2.91300       -1.90210
H         -2.32970       -1.80910       -3.62360
H         -0.81250       -2.51270       -5.32250
H         -0.69040       -0.53470       -6.60790
H          1.03400       -0.17000       -4.61140
H          2.33850       -1.47660       -6.05920
H          1.40630       -3.20020       -4.29020
H          2.98040       -1.14920       -3.16070
H         -2.22590        0.97440       -1.62880
H         -0.08270       -2.54890       -0.07730
H         -0.40290       -1.98370        2.26150

