HF BASIS=def2-svp cutoff=1.0e-9 denserms=1.0e-6  zmake GRADIENT DIPOLE CHARGE=0

C         -2.47660       -0.36770       -2.88680
O         -1.86860        0.90100       -2.68360
C         -0.81450        0.87280       -1.71190
C         -1.39930        0.85710       -0.28530
C         -0.38200        1.30330        0.78660
N         -1.11550        1.77810        1.99840
C         -0.30380        2.86080        2.57850
C          0.35210        3.46070        1.37890
C          0.25810        2.60930        0.35160
C          0.53880        2.88310       -1.02970
C          0.04960        2.07950       -1.98730
C         -1.53030        0.72880        2.91010
C         -0.39200       -0.14870        3.41580
C          0.58890       -0.52400        2.33330
C          1.51410       -1.55400        2.61320
C          2.50890       -1.89930        1.69940
O          3.45180       -2.87340        1.88820
C          3.44260       -3.56060        3.13170
C          2.57010       -1.19120        0.49720
O          3.55190       -1.43110       -0.43340
C          3.21250       -2.56780       -1.22700
C          1.67810       -0.14830        0.22360
C          0.64870        0.19420        1.11820
H         -3.23640       -0.25980       -3.66570
H         -1.73560       -1.09970       -3.22630
H         -2.96730       -0.71900       -1.97410
H         -0.20270       -0.01970       -1.88870
H         -2.27860        1.51960       -0.27260
H         -1.79150       -0.14250       -0.05690
H          0.46050        2.51730        3.28350
H         -0.95250        3.58830        3.07520
H          0.73610        4.46820        1.34130
H          1.11600        3.76610       -1.28590
H          0.26630        2.29800       -3.02950
H         -2.26440        0.09370        2.39660
H         -2.06950        1.15950        3.76270
H          0.15800        0.37640        4.20660
H         -0.81850       -1.05640        3.86070
H          1.43740       -2.06040        3.57060
H          4.26530       -4.28160        3.12050
H          3.61380       -2.87280        3.96660
H          2.51160       -4.12100        3.26370
H          3.97920       -2.67490       -2.00030
H          2.24750       -2.42650       -1.72700
H          3.20120       -3.48850       -0.63460
H          1.82160        0.39440       -0.70510

