HF BASIS=def2-svp cutoff=1.0e-9 denserms=1.0e-6  zmake GRADIENT DIPOLE CHARGE=0

C         -3.53400        1.86800       -1.73020
C         -2.61520        0.69920       -2.10400
O         -2.18710        0.82050       -3.47300
C         -1.48190       -0.25020       -3.93430
O         -1.21930       -1.24650       -3.27720
C         -1.11220       -0.03400       -5.38490
C         -0.00920       -0.98400       -5.85280
C          1.36170       -0.58880       -5.29690
C          2.40640       -1.66910       -5.58320
C          3.78430       -1.24710       -5.06780
C          4.84580       -2.34640       -5.17790
C          4.55890       -3.62830       -4.38450
C          4.28910       -3.38060       -2.89770
C          4.11780       -4.69610       -2.13600
C          3.79140       -4.44200       -0.66470
C          3.64020       -5.75270        0.10910
C          3.31450       -5.49640        1.57990
C          3.19940       -6.79850        2.35730
C         -4.66870        2.02330       -2.76050
O         -5.61090        3.01370       -2.36830
P         -6.65890        2.61810       -1.22730
O         -6.68620        3.92900       -0.31480
O         -8.06780        2.76590       -1.96110
O         -6.42350        1.35220       -0.48050
O         -2.73280        3.07650       -1.70750
C         -3.12690        4.05650       -0.84690
O         -4.09140        3.99460       -0.09240
C         -2.23780        5.26880       -1.00530
C         -2.03660        6.01830        0.30960
C         -1.03050        5.31600        1.22890
C         -0.86160        6.08490        2.54210
C          0.18550        5.47430        3.47740
C          1.61710        5.62320        2.95640
C          2.68110        5.31380        4.01500
C          2.64240        3.89860        4.59670
C          2.98650        2.81500        3.57230
C          2.90650        1.42220        4.20440
C          3.43470        0.30480        3.30050
C          2.76960        0.17740        1.92690
C          1.25510       -0.03310        1.99680
C          0.69190       -0.31390        0.63190
C          0.13890       -1.46110        0.20650
C         -0.01360       -2.74030        0.98060
C         -1.45880       -2.93360        1.44800
C         -1.61300       -4.23110        2.24350
C         -3.01500       -4.42260        2.82830
C         -4.09960       -4.59660        1.76070
C         -5.45220       -5.02740        2.33720
C         -6.09240       -3.97330        3.24260
C         -7.46910       -4.41430        3.71620
H         -3.91650        1.68060       -0.72210
H         -3.15650       -0.24510       -1.97270
H         -1.72720        0.70960       -1.46300
H         -2.01460       -0.20790       -5.98000
H         -0.79550        1.00500       -5.52880
H         -0.25020       -2.01460       -5.56490
H          0.03490       -0.96680       -6.94880
H          1.67480        0.36340       -5.74180
H          1.29900       -0.42920       -4.21350
H          2.08340       -2.59780       -5.10360
H          2.46190       -1.86380       -6.66090
H          4.12730       -0.37910       -5.64550
H          3.70770       -0.90550       -4.02960
H          5.80370       -1.92940       -4.83980
H          4.98030       -2.61290       -6.23460
H          5.42650       -4.29300       -4.49070
H          3.70680       -4.15990       -4.82740
H          3.37630       -2.78450       -2.77950
H          5.11600       -2.80710       -2.46070
H          3.31320       -5.28270       -2.59440
H          5.03630       -5.29130       -2.21560
H          2.86350       -3.86340       -0.59120
H          4.58920       -3.83910       -0.21220
H          4.57280       -6.32570        0.03640
H          2.84730       -6.36010       -0.34570
H          2.37270       -4.94070        1.66290
H          4.09830       -4.87910        2.03290
H          4.12620       -7.37460        2.29390
H          2.99620       -6.59460        3.41150
H          2.38640       -7.41740        1.96590
H         -4.26760        2.35260       -3.72390
H         -5.19100        1.07420       -2.92070
H         -5.80510        4.01820        0.11780
H         -8.30560        3.70740       -2.02100
H         -2.72540        5.92310       -1.73630
H         -1.26750        4.96890       -1.41770
H         -1.66320        7.02510        0.08210
H         -2.99090        6.15020        0.83290
H         -1.36620        4.29410        1.44370
H         -0.06860        5.24200        0.70970
H         -0.59950        7.12970        2.33570
H         -1.82510        6.09740        3.06680
H         -0.04660        4.41710        3.64770
H          0.10870        5.97840        4.44880
H          1.76660        4.98680        2.07850
H          1.77230        6.65680        2.61870
H          3.67140        5.49080        3.57890
H          2.57610        6.03110        4.83900
H          1.66260        3.69940        5.04520
H          3.36860        3.84860        5.41780
H          2.29690        2.87130        2.72340
H          3.99680        2.99120        3.18510
H          1.87000        1.20980        4.49580
H          3.49530        1.40970        5.13100
H          4.51260        0.44810        3.14960
H          3.32360       -0.64940        3.83410
H          2.99480        1.06410        1.32480
H          3.23000       -0.67340        1.40600
H          0.76640        0.86730        2.38330
H          1.02210       -0.83320        2.70460
H          0.73460        0.51820       -0.07080
H         -0.22830       -1.50130       -0.82020
H          0.27710       -3.57210        0.32910
H          0.66900       -2.77730        1.83740
H         -2.12290       -2.94870        0.57620
H         -1.76710       -2.08420        2.07100
H         -0.89450       -4.23230        3.07230
H         -1.35790       -5.08800        1.60820
H         -3.00040       -5.30950        3.47450
H         -3.25030       -3.56700        3.47100
H         -3.77520       -5.35600        1.03870
H         -4.23130       -3.66380        1.20200
H         -5.33220       -5.96810        2.88810
H         -6.13000       -5.23810        1.49960
H         -5.46390       -3.79140        4.11990
H         -6.18520       -3.02190        2.70430
H         -8.14490       -4.57550        2.87050
H         -7.91080       -3.65360        4.36650
H         -7.40950       -5.34760        4.28250

