HF BASIS=def2-svp cutoff=1.0e-9 denserms=1.0e-6  zmake GRADIENT DIPOLE CHARGE=0

C          3.24040        0.84120        1.27060
C          1.83810        1.01030        1.85930
C          1.75010        0.32880        3.21220
O          0.92980        0.97240        4.06940
O          2.31360       -0.69840        3.55650
C          0.76170        0.51760        0.90870
C          0.68350       -0.83300        0.52830
C         -0.31270       -1.28910       -0.35210
C         -1.25540       -0.37010       -0.86530
C         -1.17670        0.97690       -0.48320
C         -0.18110        1.41540        0.39340
C         -2.25040       -0.82450       -1.74470
C         -2.30750       -2.16630       -2.10670
O         -3.29590       -2.55110       -2.96430
C         -1.38700       -3.07950       -1.60850
C         -0.39210       -2.63970       -0.73260
H          3.99610        1.24400        1.95440
H          3.33080        1.36990        0.31530
H          3.49050       -0.21110        1.09540
H          1.70580        2.08630        2.03740
H          0.93290        0.40780        4.87050
H          1.40680       -1.54430        0.92630
H         -1.89510        1.69840       -0.86660
H         -0.15260        2.46740        0.67000
H         -2.98650       -0.13660       -2.15240
H         -3.21260       -3.50530       -3.12470
H         -1.42470       -4.12800       -1.88530
H          0.32520       -3.36050       -0.34590

