HF BASIS=def2-svp cutoff=1.0e-9 denserms=1.0e-6  zmake GRADIENT DIPOLE CHARGE=0

C          1.42510        4.48010        3.74270
C         -0.04050        4.32670        4.12580
C         -1.00100        4.79900        3.03360
C         -1.04020        3.87750        1.86910
C         -0.39290        3.85470        0.65370
C         -0.85920        2.70260       -0.03930
C         -0.43610        2.23430       -1.38120
C         -1.78520        2.11230        0.80190
C         -2.65560        0.91210        0.68120
C         -2.01270       -0.31450        1.32970
C         -2.88640       -1.57060        1.24920
C         -3.21650       -2.05980       -0.16620
C         -2.00760       -2.32930       -1.06870
C         -1.12010       -3.46770       -0.55900
C          0.05050       -3.78700       -1.49580
C          1.07560       -2.66220       -1.67890
C          1.78730       -2.27280       -0.38010
C          2.82530       -1.17540       -0.62490
C          3.67890       -0.84370        0.60620
C          2.90020       -0.42700        1.85390
C          2.08480        0.82040        1.64430
O          1.02720        0.86990        2.47710
O          2.31310        1.71810        0.85140
O         -1.87730        2.80870        1.96860
H          2.06520        4.18340        4.57920
H          1.68590        3.85270        2.88630
H          1.65690        5.51980        3.49200
H         -0.22100        4.92170        5.02910
H         -0.23950        3.28060        4.38690
H         -2.00980        4.87200        3.45790
H         -0.72990        5.80820        2.70180
H          0.33970        4.57250        0.31010
H         -0.09310        1.19580       -1.33440
H         -1.27030        2.29250       -2.08690
H          0.38490        2.84300       -1.77290
H         -2.85170        0.72580       -0.38020
H         -3.62490        1.11610        1.15090
H         -1.82020       -0.10140        2.38950
H         -1.03160       -0.50910        0.88140
H         -2.39090       -2.37540        1.80500
H         -3.83020       -1.38000        1.77620
H         -3.86370       -1.32570       -0.66070
H         -3.81340       -2.97700       -0.08520
H         -2.37960       -2.59210       -2.06710
H         -1.42740       -1.40950       -1.18990
H         -1.73230       -4.37310       -0.45940
H         -0.74060       -3.24390        0.44290
H         -0.34690       -4.06030       -2.48120
H          0.56730       -4.67670       -1.11450
H          0.59680       -1.78150       -2.12110
H          1.82390       -3.00190       -2.40620
H          1.05180       -1.91580        0.34700
H          2.27580       -3.15550        0.04990
H          2.31990       -0.27100       -0.98400
H          3.50200       -1.48960       -1.42960
H          4.29160       -1.71830        0.85610
H          4.37800       -0.04420        0.33220
H          2.24170       -1.24130        2.17440
H          3.60080       -0.22740        2.67270
H          0.53580        1.68390        2.22700

