HF BASIS=def2-svp cutoff=1.0e-9 denserms=1.0e-6  zmake GRADIENT DIPOLE CHARGE=0

C         -4.48460        2.33720      -10.11970
C         -4.25870        1.63090       -8.79210
C         -4.62200        0.14870       -8.87430
C         -4.36010       -0.56080       -7.54330
C         -4.72670       -2.04410       -7.62060
C         -4.53770       -2.78770       -6.29500
C         -3.11160       -2.79410       -5.72940
C         -2.02840       -3.35560       -6.65880
C         -2.20760       -4.81860       -6.95650
C         -1.32630       -5.80770       -6.73380
C          0.06630       -5.68560       -6.18470
C          0.12680       -6.06030       -4.70320
C          1.55780       -5.96490       -4.17200
C          1.62620       -6.26390       -2.67310
C          3.06280       -6.15030       -2.15730
C          3.16870       -6.23500       -0.63180
C          2.79030       -7.60650       -0.07110
C          3.12990       -7.77980        1.41620
C          2.22390       -6.99920        2.37030
C          2.56500       -5.53060        2.45040
O          3.69550       -5.06840        2.39410
O          1.42370       -4.80370        2.60160
C          1.57250       -3.37060        2.56510
C          0.20440       -2.80110        2.18700
C          0.21220       -1.27400        2.18570
C          0.68430       -0.63110        3.52270
C         -0.38820       -0.86390        4.61250
C          0.92370        0.91060        3.26840
C         -0.37360        1.70590        2.95480
C         -0.15290        3.21960        2.79660
C          0.59700        3.81170        3.99950
C         -0.28180        3.72060        5.26490
C          1.15000        5.24770        3.77500
C          2.30120        5.34900        4.80730
C          2.74790        3.90100        5.09600
C          1.93620        3.05220        4.12280
C          1.76740        1.55630        4.40570
C          3.13380        0.86180        4.51130
C          3.05870       -0.62920        4.40100
C          1.98140       -1.31610        3.97970
C          2.01750       -2.83170        3.92820
C          0.13460        6.42750        3.71140
C          0.65990        7.47400        2.71260
C         -0.17990        7.10610        5.06510
C         -1.22890        8.22990        5.03160
C         -2.61790        7.83970        4.51430
C         -3.34630        6.74580        5.31620
C         -3.58570        7.14750        6.77150
C         -4.68290        6.41460        4.64570
H         -3.86100        1.90010      -10.90570
H         -4.22830        3.39680      -10.03430
H         -5.53100        2.26410      -10.43220
H         -3.20780        1.74250       -8.50180
H         -4.86250        2.11990       -8.01860
H         -5.67870        0.04310       -9.14880
H         -4.03370       -0.32900       -9.66600
H         -4.94360       -0.08060       -6.74870
H         -3.30100       -0.44730       -7.28470
H         -5.77900       -2.13690       -7.91600
H         -4.14680       -2.53140       -8.41270
H         -4.88660       -3.81940       -6.42230
H         -5.20060       -2.33840       -5.54390
H         -3.11410       -3.36870       -4.79360
H         -2.83280       -1.77000       -5.44980
H         -1.06110       -3.16980       -6.18150
H         -2.00990       -2.80110       -7.60380
H         -3.16220       -5.09640       -7.40270
H         -1.62840       -6.82090       -6.99630
H          0.71840       -6.35260       -6.76330
H          0.46490       -4.67620       -6.33170
H         -0.25080       -7.07990       -4.55800
H         -0.52490       -5.39190       -4.12660
H          2.19850       -6.66830       -4.71730
H          1.95110       -4.95850       -4.36140
H          0.98370       -5.55990       -2.13160
H          1.23730       -7.27110       -2.48460
H          3.48080       -5.18620       -2.47070
H          3.68440       -6.92780       -2.61680
H          2.53370       -5.45950       -0.19350
H          4.20310       -6.00260       -0.34940
H          1.72220       -7.79710       -0.22720
H          3.33440       -8.37870       -0.63080
H          3.01630       -8.84530        1.65240
H          4.18380       -7.53550        1.59250
H          2.32210       -7.40000        3.38420
H          1.17690       -7.12040        2.06660
H          2.29530       -3.09180        1.78690
H         -0.08130       -3.16860        1.19390
H         -0.56630       -3.18270        2.86900
H         -0.79680       -0.92730        1.93220
H          0.86470       -0.94250        1.36670
H         -1.37730       -0.52580        4.29050
H         -0.49920       -1.92290        4.86760
H         -0.14250       -0.34070        5.54190
H          1.54020        0.99100        2.35870
H         -1.12160        1.54830        3.73700
H         -0.81980        1.33330        2.02660
H          0.41400        3.39500        1.87330
H         -1.12080        3.71510        2.66140
H         -0.51880        2.69070        5.54520
H         -1.23820        4.22140        5.09950
H          0.18990        4.17960        6.13810
H          1.63970        5.21630        2.78890
H          3.12800        5.94480        4.40440
H          1.99680        5.80840        5.75100
H          3.82440        3.77830        4.94230
H          2.53070        3.63590        6.13660
H          2.46110        3.12160        3.15450
H          1.25440        1.42280        5.36500
H          3.59330        1.12030        5.47430
H          3.81320        1.22180        3.72860
H          3.96240       -1.16480        4.69000
H          1.37540       -3.24250        4.71760
H          3.02090       -3.20980        4.15760
H         -0.79850        6.03550        3.29050
H          1.57190        7.95230        3.08340
H         -0.08240        8.25340        2.51870
H          0.88430        7.01500        1.74380
H         -0.49730        6.36080        5.79860
H          0.73860        7.55360        5.46350
H         -0.85400        9.06200        4.42370
H         -1.32200        8.64320        6.04270
H         -2.53370        7.52440        3.46700
H         -3.23950        8.74510        4.50380
H         -2.74470        5.83220        5.30810
H         -2.64180        7.27280        7.31240
H         -4.16040        6.37680        7.29620
H         -4.14640        8.08550        6.83490
H         -4.52880        6.08930        3.61180
H         -5.34820        7.28440        4.63400
H         -5.19430        5.60370        5.17630

