HF BASIS=def2-svp cutoff=1.0e-9 denserms=1.0e-6  zmake GRADIENT DIPOLE CHARGE=0

O          0.47560        4.21750        2.22130
C          0.60790        2.84820        1.78650
C          2.10270        2.49890        1.77310
O          2.87110        3.67470        1.45990
C          2.37670        1.38660        0.74890
O          1.62920        0.23060        1.16280
C          1.73260       -0.88310        0.37930
C          2.88140       -1.30470       -0.28440
C          2.84570       -2.47170       -1.05060
C          1.66150       -3.20650       -1.17790
C          0.49110       -2.79460       -0.53060
C          0.56800       -1.65060        0.29530
C         -0.84850       -3.53450       -0.66600
O         -1.95500       -2.60650       -0.49170
C         -2.08570       -1.73020       -1.54400
C         -2.58510       -0.46670       -1.24150
C         -2.63170        0.49830       -2.23850
O         -3.02060        1.75400       -1.87280
C         -2.24690        0.21090       -3.54540
C         -1.78490       -1.06440       -3.85150
O         -1.42520       -1.30060       -5.15210
C         -1.69220       -2.03410       -2.84980
C         -1.16550       -3.38520       -3.12000
O         -0.80740       -3.70640       -4.25170
C         -1.13710       -4.34410       -1.94420
O         -0.24860       -5.43370       -2.14900
O          2.03360        1.78550       -0.59400
C          0.96580        2.75240       -0.70180
C         -0.07240        2.64570        0.41910
O         -1.12860        3.61000        0.32300
C          0.29200        2.50770       -2.04990
O          0.91230        1.54700       -2.78050
O         -0.70350        3.09480       -2.45110
H         -0.39090        4.50560        1.85700
H          0.08190        2.22960        2.52430
H          2.40290        2.18060        2.77840
H          2.38810        4.40720        1.90340
H          3.45190        1.16840        0.76090
H          3.82020       -0.76710       -0.20460
H          3.74940       -2.81700       -1.55500
H          1.68660       -4.10290       -1.78920
H         -0.30480       -1.32390        0.85890
H         -0.88970       -4.22660        0.18410
H         -2.88490       -0.21420       -0.22580
H         -2.72880        2.37790       -2.57240
H         -2.29120        0.96580       -4.32520
H         -1.09490       -2.22840       -5.22240
H         -2.14860       -4.77120       -1.87960
H         -0.32010       -5.66650       -3.10000
H          1.41390        3.75090       -0.75620
H         -0.53080        1.64800        0.39620
H         -1.63270        3.41860       -0.49860
H          1.67960        1.20990       -2.25990

