HF BASIS=def2-svp cutoff=1.0e-9 denserms=1.0e-6  zmake GRADIENT DIPOLE CHARGE=0

O          2.78890        0.91050        5.72450
C          2.82100        0.90950        4.28780
C          2.29310       -0.42370        3.76540
O          3.08280       -1.47550        4.35200
C          2.41420       -0.41570        2.22760
O          1.90200       -1.64450        1.69900
C          0.98230       -1.46410        0.70280
C         -0.20910       -0.75060        0.86350
O         -0.49370       -0.16800        2.06810
C         -1.10810       -0.62820       -0.19700
C         -0.82170       -1.22580       -1.43460
C          0.35400       -1.97630       -1.57400
C          1.24470       -2.10410       -0.50550
C         -1.76720       -1.07870       -2.55540
C         -1.41100       -0.52700       -3.72970
O         -0.14360       -0.04860       -4.01060
C         -2.43930       -0.40060       -4.78630
O         -2.16880        0.11290       -5.86920
C         -3.77960       -0.90740       -4.48860
C         -4.01310       -1.45920       -3.22690
O         -3.04450       -1.53460       -2.25710
C         -5.27420       -1.96290       -2.90230
C         -6.28990       -1.90440       -3.84860
O         -7.52390       -2.39640       -3.53560
C         -6.05920       -1.35170       -5.10400
O         -7.08460       -1.31210       -6.00910
C         -4.80600       -0.84920       -5.43350
O         -4.65710       -0.32040       -6.69030
O          3.79830       -0.29240        1.84680
C          4.37880        0.94090        2.30070
C          4.26150        1.15100        3.81620
O          4.61030        2.49320        4.19650
C          5.86060        0.87550        1.95040
O          6.18820       -0.23680        1.24930
O          6.67440        1.73050        2.27590
H          3.27240        1.71870        5.98950
H          2.17030        1.72990        3.95970
H          1.26170       -0.60150        4.08510
H          3.02820       -1.32400        5.31640
H          1.89580        0.45980        1.81670
H         -1.43210        0.08580        2.07260
H         -2.02860       -0.06020       -0.07700
H          0.58800       -2.46510       -2.51830
H          2.14940       -2.69350       -0.62100
H         -0.19220        0.30630       -4.92250
H         -5.46490       -2.39880       -1.92620
H         -8.06520       -2.25380       -4.33910
H         -6.69330       -0.89390       -6.80670
H         -3.73110        0.00100       -6.77750
H          3.94610        1.77150        1.73020
H          4.93980        0.48420        4.36230
H          5.54270        2.63500        3.92350
H          5.37410       -0.78970        1.15580

