HF BASIS=def2-svp cutoff=1.0e-9 denserms=1.0e-6  zmake GRADIENT DIPOLE CHARGE=0

C         -0.75230       -1.29290       -1.32900
C         -0.08130       -0.79360       -2.61280
C          1.23380       -0.05030       -2.34880
C          2.03220       -0.59530       -1.14820
C          1.65550       -2.06350       -0.91000
C          0.26070       -1.89560       -0.28740
C          0.53710       -0.82510        0.80230
C          1.68860        0.03440        0.22650
O          2.83460       -0.18910        1.07560
C          1.40850        1.54320        0.24430
O          1.22450        1.95610        1.61000
C          1.28360        3.38390        1.73770
O          2.63760        3.81770        1.61530
C          2.76190        5.25000        1.73200
C          4.23410        5.60590        1.49700
O          4.64690        5.10180        0.22370
C          2.28340        5.72550        3.10940
O          2.32630        7.14970        3.20490
C          0.84900        5.24850        3.35100
O          0.46370        5.58700        4.69220
C          0.73260        3.74200        3.12910
O         -0.64590        3.35900        3.26320
C         -0.35760       -3.23730        0.17780
C         -0.17590       -3.55500        1.64330
O          1.06750       -3.99350        1.91190
O         -1.01240       -3.46810        2.52450
C         -1.84600       -3.13060       -0.21620
C         -2.56840       -4.39810       -0.69030
C         -2.39680       -5.60140        0.22730
C         -4.05800       -4.06800       -0.99400
O         -4.80220       -3.94920        0.21320
C         -4.23050       -2.74150       -1.70590
C         -3.17370       -1.95470       -1.98660
C         -1.79900       -2.39030       -1.54860
O         -1.37200       -3.40890       -2.46690
C         -1.89310       -4.60740       -2.03470
O         -1.80840       -5.65720       -2.64990
H         -1.26380       -0.43380       -0.87320
H         -0.76570       -0.14900       -3.17600
H          0.13940       -1.63830       -3.27640
H          1.85340       -0.15490       -3.24980
H          1.04880        1.02360       -2.26070
H          3.10470       -0.50420       -1.35650
H          2.34970       -2.54020       -0.20620
H          1.65720       -2.66300       -1.82660
H         -0.35830       -0.23460        1.02600
H          0.85780       -1.27730        1.74700
H          2.70130        0.37470        1.86380
H          0.49880        1.79380       -0.31010
H          2.26380        2.07580       -0.18850
H          0.66010        3.83640        0.95310
H          2.17070        5.71210        0.93030
H          4.39560        6.68780        1.50550
H          4.87830        5.14440        2.25360
H          4.43990        4.14850        0.24300
H          2.93420        5.32690        3.89800
H          1.85220        7.36780        4.03410
H          0.15200        5.78940        2.69840
H         -0.39350        5.13670        4.83650
H          1.28270        3.20520        3.91300
H         -0.67100        2.40140        3.06860
H          0.10460       -4.06670       -0.37590
H          1.07730       -4.17850        2.87300
H         -2.41240       -2.58830        0.55370
H         -2.97550       -6.45660       -0.14040
H         -1.35310       -5.93030        0.27780
H         -2.73480       -5.38140        1.24480
H         -4.51500       -4.85460       -1.60670
H         -5.01120       -4.84590        0.52470
H         -5.23500       -2.45250       -2.00370
H         -3.30030       -1.02700       -2.53650

