HF BASIS=def2-svp cutoff=1.0e-9 denserms=1.0e-6  zmake GRADIENT DIPOLE CHARGE=0

C          1.00660       -0.54600        3.07660
C          1.26700        0.68420        2.20650
C          2.23460        1.62940        2.92400
C         -0.03040        1.43890        1.85160
C         -1.05290        0.61720        1.05710
N         -0.50050        0.18420       -0.22180
C         -1.02620       -0.90990       -0.88200
O         -1.77960       -1.72150       -0.35540
C         -0.52610       -1.01570       -2.33870
N         -0.36940        0.35330       -2.90790
C         -1.42150       -1.93660       -3.18380
S         -3.05900       -1.21920       -3.56450
C         -2.29040        1.47720        0.77990
O         -3.08040        1.62840        1.86340
O         -2.58160        2.02270       -0.27480
H          0.45870       -0.27980        3.98670
H          1.94950       -1.01660        3.37570
H          0.42700       -1.30070        2.53670
H          1.75460        0.35300        1.28130
H          1.81140        1.99130        3.86720
H          2.46450        2.49880        2.29910
H          3.17910        1.12250        3.14870
H         -0.49920        1.80310        2.77560
H          0.23140        2.33660        1.27420
H         -1.38560       -0.26410        1.61550
H         -0.18610        0.90570       -0.87230
H          0.47240       -1.46650       -2.28050
H         -0.04230        0.26350       -3.87140
H         -1.31280        0.74900       -3.00370
H         -1.57850       -2.89820       -2.68420
H         -0.93080       -2.14030       -4.14180
H         -3.52840       -1.26130       -2.30550
H         -3.82760        2.17380        1.53890

