HF BASIS=def2-svp cutoff=1.0e-9 denserms=1.0e-6  zmake GRADIENT DIPOLE CHARGE=0

C          1.14410        5.21570       -2.98620
O          0.56390        3.97410       -2.57360
C          1.49580        3.22200       -1.89500
C          2.21640        2.24480       -2.60940
C          1.94750        1.96140       -4.07050
C          0.64180        1.20000       -4.29990
C          0.75060       -0.24060       -3.83820
O          1.38380       -1.05730       -4.50960
C          0.10820       -0.69020       -2.56260
C         -0.49350        0.18360       -1.65430
C         -1.02430       -0.30350       -0.45500
C         -0.98390       -1.66620       -0.15080
O         -1.53070       -1.98420        1.05690
C         -1.62700       -3.35550        1.44460
O         -1.66610       -3.40860        2.88870
C         -2.77040       -2.69490        3.47260
C         -4.03460       -2.66070        2.60190
O         -5.22140       -2.59830        3.40700
C         -4.08070       -3.94170        1.77380
O         -5.29340       -3.99680        1.00560
C         -2.88050       -4.02130        0.82500
O         -2.62960       -5.40700        0.52960
C         -2.35360       -1.27370        3.85130
O         -1.01120       -1.13720        3.97000
O         -3.13660       -0.35900        4.06580
C         -0.41240       -2.54770       -1.06480
C          0.13650       -2.05910       -2.25840
C          3.16060        1.46870       -1.92300
C          3.34730        1.63470       -0.55120
C          2.56970        2.55030        0.15890
C          1.63190        3.35120       -0.50040
C          0.81230        4.26640        0.28770
C          0.90560        4.21300        1.61990
C          1.82670        3.25750        2.34200
C          2.62610        4.02880        3.39920
C          1.00250        2.15570        3.02020
O          2.80610        2.60690        1.50530
H          2.06580        5.06520       -3.55960
H          1.33490        5.86790       -2.12920
H          0.42080        5.71830       -3.63560
H          1.91920        2.90830       -4.62220
H          2.78910        1.40060       -4.49740
H         -0.22340        1.70520       -3.86570
H          0.43590        1.16150       -5.37790
H         -0.54960        1.25200       -1.82870
H         -1.46860        0.39630        0.25140
H         -0.71690       -3.90330        1.18050
H         -2.98310       -3.19330        4.42600
H         -4.06610       -1.78890        1.93630
H         -5.23520       -1.70940        3.81940
H         -4.11820       -4.81950        2.43390
H         -5.99930       -3.73160        1.63130
H         -3.12460       -3.55380       -0.13520
H         -3.47970       -5.76750        0.20870
H         -0.57130       -1.97080        3.68380
H         -0.36320       -3.61890       -0.89650
H          0.59560       -2.76280       -2.95290
H          3.74150        0.71190       -2.44800
H          4.07800        1.02520       -0.02520
H          0.11940        4.93680       -0.20640
H          0.27320        4.85890        2.22320
H          3.24170        4.80750        2.93330
H          1.97360        4.50420        4.13890
H          3.31920        3.36380        3.92900
H          1.65380        1.45490        3.55570
H          0.27750        2.56660        3.73150
H          0.45480        1.56140        2.27880

