HF BASIS=def2-svp cutoff=1.0e-9 denserms=1.0e-6  zmake GRADIENT DIPOLE CHARGE=0

O          0.27610       -2.81530        1.92290
C          1.02840       -2.83960        0.69910
C          1.13870       -1.42730        0.13310
O          2.06050       -1.42570       -0.97080
C         -0.24990       -0.94880       -0.34140
O         -0.07870        0.33240       -0.95710
C         -0.89530        1.36750       -0.38040
C         -2.23130        1.48700       -1.14650
C         -3.21170        0.36360       -0.89110
C         -3.65000       -0.44380       -1.95020
C         -4.53890       -1.49530       -1.72140
C         -5.01080       -1.74200       -0.43460
C         -4.60330       -0.93090        0.62220
C         -3.71410        0.12120        0.39530
C         -0.11330        2.69070       -0.51850
C          1.08620        2.73560        0.40260
C          2.35300        2.35750       -0.06200
C          3.45280        2.36540        0.79660
C          3.29730        2.75240        2.12610
C          2.04220        3.13170        2.59840
C          0.94030        3.12260        1.74190
O         -0.75540       -1.83900       -1.34110
C         -0.96710       -3.15770       -0.80870
C          0.33200       -3.78920       -0.28720
O          0.06670       -5.01580        0.41780
C         -1.49070       -4.00850       -1.95880
O         -1.80120       -3.27300       -3.05520
O         -1.61390       -5.22520       -1.91280
H          0.14120       -3.76220        2.14340
H          2.02110       -3.23600        0.94260
H          1.52640       -0.73180        0.88570
H          1.86980       -0.59590       -1.45310
H         -0.95030       -0.91170        0.50090
H         -1.06640        1.17620        0.68650
H         -2.73840        2.42200       -0.87560
H         -2.01960        1.54390       -2.22210
H         -3.29670       -0.26440       -2.96350
H         -4.86390       -2.12200       -2.54900
H         -5.70510       -2.55980       -0.25800
H         -4.98330       -1.11490        1.62410
H         -3.41830        0.74800        1.23350
H          0.22400        2.82750       -1.55410
H         -0.75890        3.54620       -0.28320
H          2.48940        2.04770       -1.09560
H          4.43110        2.06700        0.42840
H          4.15460        2.75790        2.79410
H          1.92220        3.43370        3.63560
H         -0.03190        3.41950        2.12820
H         -1.75650       -3.12480       -0.04810
H          1.01420       -4.00980       -1.11750
H         -0.34960       -5.63020       -0.22510
H         -1.57750       -2.33270       -2.84980

