HF BASIS=def2-svp cutoff=1.0e-9 denserms=1.0e-6  zmake GRADIENT DIPOLE CHARGE=0

C          3.58050       -0.57110        1.46950
C          4.36620        0.47060        0.74230
C          4.02390        1.17420       -0.35630
C          4.99780        2.14290       -0.97480
C          2.71290        1.12890       -1.07550
O          2.55870        1.61180       -2.18950
O          1.72990        0.59270       -0.31460
C          0.39960        0.67730       -0.85190
C          0.14870       -0.47230       -1.78260
C         -0.10050       -0.46420       -3.09340
C         -0.13800        0.62530       -4.09320
C         -0.43810       -1.84890       -3.44690
O         -0.74250       -2.23590       -4.56090
O         -0.42420       -2.62410       -2.32860
C          0.02970       -1.84030       -1.24020
O          1.30560       -2.30240       -0.84740
C         -0.95310       -1.89510       -0.06950
C         -0.64870       -0.79190        0.96720
C         -1.59800       -0.89870        2.16720
C         -1.22770        0.10990        3.24550
C         -1.15050        1.54100        2.71760
O         -0.64220        2.37220        3.76080
C         -0.23330        1.66200        1.47720
C         -0.16420        3.12690        1.01460
C         -0.63660        0.65130        0.33670
C         -2.03150        1.02340       -0.24340
H          2.99710       -1.19820        0.79370
H          4.26710       -1.24180        1.99750
H          2.92370       -0.11110        2.21370
H          5.35430        0.64230        1.16850
H          5.25760        1.82900       -1.99150
H          5.93100        2.21500       -0.40490
H          4.56370        3.14770       -1.01740
H          0.28240        1.63050       -1.38070
H         -1.12510        0.68020       -4.56320
H          0.60670        0.44960       -4.87600
H          0.07010        1.60180       -3.64800
H          1.17040       -3.20340       -0.51180
H         -0.88270       -2.87660        0.41800
H         -1.98710       -1.81920       -0.42800
H          0.36200       -0.99290        1.35290
H         -2.63870       -0.75200        1.85720
H         -1.54310       -1.90730        2.59510
H         -0.26260       -0.16650        3.69110
H         -1.95220        0.05800        4.06760
H         -2.15640        1.90540        2.48150
H         -1.25720        2.31400        4.51220
H          0.78220        1.41210        1.81590
H         -1.15290        3.51670        0.75470
H          0.49490        3.24960        0.15100
H          0.23880        3.76620        1.80790
H         -2.80620        1.07630        0.52570
H         -2.37780        0.30490       -0.99230
H         -2.00320        1.99820       -0.74250

