HF BASIS=def2-svp cutoff=1.0e-9 denserms=1.0e-6  zmake GRADIENT DIPOLE CHARGE=0

O          2.65010       -4.57100       -2.61990
C          3.91740       -4.15860       -2.09790
C          3.75740       -2.94290       -1.17380
O          3.17750       -1.87380       -1.94730
C          2.91710       -0.66160       -1.19020
C          4.23370       -0.15550       -0.55670
O          5.14970        0.24040       -1.60550
C          4.90580       -1.25410        0.26990
O          6.20110       -0.80540        0.71750
C          5.09900       -2.52170       -0.57030
O          5.63330       -3.55470        0.26510
C          1.65680       -0.86810       -0.35590
C          0.53920       -1.51650       -0.93600
O          0.58610       -2.01420       -2.21600
C         -0.68000       -1.68060       -0.25840
C         -0.77940       -1.20750        1.04600
O         -1.92610       -1.31040        1.79070
C         -3.13620       -1.24510        0.99140
C         -3.09810       -2.39050       -0.04120
O         -3.08150       -3.65320        0.65490
C         -1.86440       -2.31010       -0.94490
C         -3.36600        0.18760        0.51330
C         -3.05940        1.24350        1.39320
C         -3.12480        2.56440        0.96490
O         -2.78640        3.56210        1.83700
S         -1.26360        4.15120        1.79160
O         -1.10130        4.70750        0.28330
O         -1.21820        5.30660        2.66240
O         -0.32210        3.06210        1.96640
C         -3.56750        2.86390       -0.31890
O         -3.58210        4.17350       -0.72010
C         -3.94810        1.84310       -1.18250
C         -3.84880        0.50910       -0.76520
C          0.29840       -0.57780        1.65590
C          1.48570       -0.38030        0.94630
O          2.47470        0.33080        1.56480
H          2.05210       -4.71810       -1.86680
H          4.35880       -5.01090       -1.57320
H          4.54790       -3.91000       -2.95760
H          3.05340       -3.22550       -0.38060
H          2.63820        0.08140       -1.95040
H          4.09650        0.75570        0.02880
H          6.03500        0.27260       -1.19350
H          4.32950       -1.49690        1.16940
H          6.03770       -0.11010        1.38250
H          5.83570       -2.33620       -1.36160
H          6.41150       -3.15160        0.70100
H          1.52540       -2.09900       -2.49400
H         -3.95110       -1.46580        1.69400
H         -4.00570       -2.40790       -0.65330
H         -2.31670       -3.62610        1.26190
H         -2.10580       -1.69530       -1.82020
H         -1.59110       -3.31270       -1.29490
H         -2.71550        1.03020        2.40430
H         -1.99860        4.81110       -0.10830
H         -4.09540        4.22200       -1.55080
H         -4.29630        2.05510       -2.18980
H         -4.13260       -0.26690       -1.47220
H          0.18620       -0.20560        2.67080
H          2.04690        0.92770        2.21050

