HF BASIS=def2-svp cutoff=1.0e-9 denserms=1.0e-6  zmake GRADIENT DIPOLE CHARGE=0

C         -2.61980        0.21950        3.33000
C         -1.16040        0.52770        3.10920
C         -0.59370        1.53310        4.07300
C         -0.47540       -0.07800        2.11890
C          0.96660        0.11470        1.72690
C          1.78840       -1.15850        1.97370
C          3.26960       -1.11910        1.61740
C          3.99090       -2.38330        2.01670
C          3.87950       -0.06810        1.02890
C          5.33160        0.01860        0.62240
C          5.58620        0.95570       -0.57750
C          5.63950        2.46450       -0.35320
C          5.99490        3.22830       -1.60660
C          5.40160        3.06330        0.83110
C          5.50990        4.52990        1.15740
C          4.17110        5.28110        1.08920
C          3.10330        4.76960        2.04090
C          3.41170        4.97370        3.50550
C          1.94100        4.18960        1.68010
C          1.46850        3.92440        0.33750
C          0.30210        3.30140        0.09940
C         -0.19600        3.03380       -1.23580
C         -1.30240        2.34370       -1.59850
C         -1.60650        2.24310       -3.07300
C         -2.22700        1.74510       -0.63680
C         -3.24440        0.87460       -0.75660
C         -3.73750        0.16430       -1.91510
C         -4.92960       -0.45810       -2.02570
C         -6.00410       -0.48350       -0.96870
C         -5.30310       -1.14420       -3.33410
C         -5.50560       -2.66450       -3.23780
C         -4.22620       -3.41760       -2.98370
C         -3.90500       -4.20000       -1.93390
C         -4.79680       -4.47410       -0.75430
C         -2.56360       -4.91860       -1.90350
C         -1.57020       -4.39290       -0.85850
C         -1.06170       -3.00860       -1.17310
C          0.12730       -2.66980       -1.71020
C          1.18330       -3.64150       -2.15680
C          0.48990       -1.22180       -1.91920
H         -2.77130       -0.18620        4.33340
H         -3.22300        1.12920        3.22410
H         -3.00160       -0.51810        2.61390
H         -0.65780        1.14860        5.09620
H          0.45110        1.78410        3.88530
H         -1.15530        2.47000        4.02080
H         -1.00630       -0.78990        1.48480
H          1.41950        0.95200        2.26250
H          0.98930        0.37210        0.66100
H          1.33450       -1.98930        1.41540
H          1.70910       -1.41440        3.03910
H          3.83780       -2.58260        3.08260
H          3.60640       -3.23560        1.44910
H          5.07090       -2.33710        1.86300
H          3.30140        0.82110        0.79620
H          5.93970        0.32450        1.48320
H          5.68280       -0.97570        0.31980
H          4.84330        0.74830       -1.35930
H          6.56220        0.66960       -0.99470
H          5.90710        4.31000       -1.49810
H          5.32610        2.93810       -2.42480
H          7.02170        3.00140       -1.90690
H          5.11740        2.45800        1.68940
H          6.22940        5.02350        0.49660
H          5.94390        4.62320        2.16040
H          4.35670        6.33780        1.32290
H          3.82560        5.28110        0.05060
H          2.56160        4.72510        4.15030
H          4.25060        4.34160        3.81220
H          3.66880        6.02030        3.69990
H          1.26470        3.87280        2.47520
H          2.08350        4.24240       -0.49630
H         -0.29280        2.97000        0.94350
H          0.42810        3.44650       -2.02920
H         -1.37260        1.24360       -3.45190
H         -2.65680        2.47680       -3.27730
H         -1.01330        2.95180       -3.66420
H         -2.07950        2.08130        0.38940
H         -3.75360        0.63860        0.17620
H         -3.06650        0.11570       -2.76650
H         -5.77640        0.12210       -0.09120
H         -6.94270       -0.10030       -1.38100
H         -6.17240       -1.50710       -0.62260
H         -6.23360       -0.68770       -3.70110
H         -4.55400       -0.93390       -4.11100
H         -5.89920       -3.01220       -4.20240
H         -6.28470       -2.89320       -2.50640
H         -3.48970       -3.30460       -3.77910
H         -5.80600       -4.07120       -0.86480
H         -4.90610       -5.55410       -0.60740
H         -4.37110       -4.04360        0.15780
H         -2.08950       -4.89080       -2.89270
H         -2.75310       -5.98130       -1.70550
H         -0.73990       -5.10160       -0.77270
H         -2.03170       -4.37250        0.13580
H         -1.75910       -2.21190       -0.91010
H          1.49740       -3.41400       -3.18140
H          0.84240       -4.67860       -2.15880
H          2.05970       -3.57240       -1.50580
H          1.42840       -0.99090       -1.40660
H         -0.27470       -0.54630       -1.52930
H          0.61240       -1.00740       -2.98580

