HF BASIS=def2-svp cutoff=1.0e-9 denserms=1.0e-6  zmake GRADIENT DIPOLE CHARGE=0

O         -2.30020       -2.65660       -5.70740
C         -2.31900       -2.89560       -4.29480
C         -1.32180       -1.93340       -3.63890
O         -1.62990       -0.60510       -4.07510
C         -1.36280       -2.00640       -2.10690
O         -1.20830       -3.37690       -1.69500
C         -0.25980       -1.16160       -1.43800
O         -0.31840       -1.46890       -0.03270
C          0.86350       -1.07020        0.67470
O          0.73880        0.27530        1.13530
C         -0.30180        0.46350        2.10400
C         -0.32620        1.95060        2.48390
O         -1.30780        2.20540        3.48670
C         -0.10230       -0.43340        3.33910
O         -1.19520       -0.35990        4.26310
C          0.03120       -1.89210        2.89930
O          0.35540       -2.71970        4.03010
C          1.12860       -2.03150        1.84920
O          1.20460       -3.39540        1.41020
C         -0.39580        0.34280       -1.68840
O          0.55610        1.01380       -2.10470
C         -1.72490        1.00910       -1.35380
O         -1.55220        2.40040       -1.10940
H         -2.88660       -3.32370       -6.10780
H         -3.33810       -2.70300       -3.94470
H         -2.05550       -3.94100       -4.11030
H         -0.31640       -2.16970       -4.00750
H         -1.77830       -0.69680       -5.04160
H         -2.34470       -1.68150       -1.74250
H         -0.94390       -3.35160       -0.75090
H          0.70790       -1.50000       -1.83090
H          1.73080       -1.12130        0.00560
H         -1.27520        0.22740        1.65640
H         -0.55070        2.55910        1.60110
H          0.65120        2.27020        2.86170
H         -1.40150        3.17570        3.53500
H          0.80130       -0.13630        3.88570
H         -1.45300        0.58900        4.30800
H         -0.92370       -2.27540        2.51860
H         -0.27440       -2.44090        4.72720
H          2.09560       -1.78950        2.30770
H          1.16950       -3.92410        2.23370
H         -2.42300        0.88840       -2.18390
H         -2.15430        0.56310       -0.45490
H         -0.86260        2.69120       -1.74070

