HF BASIS=def2-svp cutoff=1.0e-9 denserms=1.0e-6  zmake GRADIENT DIPOLE CHARGE=0

C         -3.58780        1.53160       -0.10900
C         -3.57440        0.20590        0.10390
C         -4.60460       -0.65800       -0.46900
C         -5.93230       -0.62270       -0.02620
C         -6.88770       -1.46590       -0.60740
O         -8.16930       -1.38300       -0.13950
C         -6.54920       -2.35960       -1.62340
C         -5.23600       -2.37130       -2.05140
C         -4.27710       -1.53460       -1.50550
C         -2.95820       -1.78600       -2.16740
C         -3.37860       -2.84050       -3.22920
O         -4.76980       -3.21850       -3.02060
C         -2.46580       -4.05830       -3.20010
C         -1.19960       -3.99180       -3.81160
C         -0.33090       -5.08480       -3.77270
C         -0.70280       -6.24930       -3.10210
C         -1.95540       -6.33000       -2.48960
C         -2.82930       -5.24250       -2.53720
C         -2.28560       -0.57010       -2.77960
C         -2.96740        0.29710       -3.64830
C         -2.32270        1.41080       -4.17650
O         -3.03100        2.21800       -5.02000
C         -0.99590        1.68690       -3.86450
C         -0.30470        0.83060       -3.01110
C         -0.94490       -0.28950       -2.47210
C         -2.45000        2.43890        0.12520
C         -1.21800        2.00070        0.63340
C         -0.13700        2.87000        0.62960
C         -0.26530        4.15970        0.15680
O          0.90040        4.87320        0.12350
C          1.92780        3.96450        0.61370
C          1.28460        2.58760        0.96810
C          1.55570        2.15980        2.39510
C          2.27110        0.99590        2.68750
C          2.74900       -0.10590        1.79230
C          3.76400       -0.80110        2.75110
O          3.38790       -0.45030        4.11640
C          2.62930        0.68560        3.99430
C          2.24530        1.45850        5.07180
C          1.49230        2.59570        4.80070
O          1.06770        3.41630        5.80360
C          1.15620        2.95360        3.48750
C          5.23160       -0.47290        2.47410
C          6.12730       -0.18370        3.51910
C          7.47580        0.07820        3.25920
C          7.94230        0.05460        1.94910
O          9.24950        0.31250        1.65230
C          7.08740       -0.25360        0.89830
C          5.74230       -0.53170        1.16350
C          1.68570       -1.10010        1.33460
C          1.95080       -1.89070        0.20230
C          1.05810       -2.88380       -0.19260
O          1.38850       -3.64120       -1.27970
C         -0.12060       -3.10280        0.50380
C         -0.39640       -2.31840        1.61650
O         -1.56380       -2.55200        2.28150
C          0.49520       -1.33440        2.04320
C          3.05440        3.80070       -0.39980
C          2.85740        4.02660       -1.76960
C          3.89810        3.82630       -2.67960
C          5.14110        3.38600       -2.23180
C          5.34990        3.14730       -0.87440
C          4.31380        3.35760        0.03730
C         -1.47520        4.64920       -0.28570
C         -2.56860        3.77720       -0.30790
H         -4.44150        1.97200       -0.61920
H         -2.73620       -0.31530        0.54830
H         -6.23230        0.05200        0.76990
H         -8.73570       -1.93670       -0.70350
H         -7.27400       -3.02720       -2.06980
H         -2.29670       -2.23930       -1.41750
H         -3.34340       -2.43250       -4.24810
H         -0.88540       -3.08260       -4.32740
H          0.64900       -5.01860       -4.24710
H         -0.02270       -7.09620       -3.06110
H         -2.25210       -7.24250       -1.97620
H         -3.80270       -5.32580       -2.05330
H         -4.00800        0.11760       -3.91100
H         -2.51970        3.02780       -5.17400
H         -0.48310        2.55210       -4.27740
H          0.73160        1.03350       -2.75900
H         -0.38230       -0.93950       -1.80990
H         -1.06650        0.98070        0.96010
H          2.35410        4.46190        1.49520
H          1.63160        1.81800        0.26860
H          3.22990        0.33060        0.91020
H          3.68390       -1.89270        2.68220
H          2.53250        1.17850        6.07860
H          1.32570        3.02740        6.65600
H          0.58360        3.86660        3.32780
H          5.78560       -0.18090        4.55470
H          8.14160        0.29930        4.08840
H          9.73680        0.44070        2.48660
H          7.46840       -0.29810       -0.11780
H          5.10710       -0.79840        0.32140
H          2.86560       -1.75760       -0.36880
H          0.66880       -4.27850       -1.44050
H         -0.82520       -3.87370        0.20790
H         -1.56910       -2.03910        3.10290
H          0.26350       -0.75700        2.93250
H          1.88940        4.36210       -2.13970
H          3.73460        4.01260       -3.73850
H          5.95230        3.22700       -2.93820
H          6.31900        2.80580       -0.51910
H          4.49450        3.16610        1.09400
H         -1.56730        5.66990       -0.64630
H         -3.51470        4.14110       -0.70610

