HF BASIS=def2-svp cutoff=1.0e-9 denserms=1.0e-6  zmake GRADIENT DIPOLE CHARGE=0

C         -3.13860        3.08190        0.21810
O         -3.93980        4.09360       -0.41750
C         -1.80460        2.97200       -0.53180
C         -0.84360        1.89480       -0.02200
C         -0.43290        2.09540        1.43890
C          0.67260        1.13500        1.89110
C          0.22610       -0.32910        1.91220
C          1.26310       -1.26850        2.53640
C          2.62630       -1.30970        1.83770
C          2.59910       -1.65300        0.34520
C          1.99730       -3.02790        0.04830
C          2.08580       -3.36040       -1.44290
C          1.48000       -4.73220       -1.74390
C          1.56800       -5.06400       -3.23340
C          0.96640       -6.42680       -3.53700
C         -3.96720        1.80120        0.26950
C         -4.29970        1.25440       -1.09650
O         -4.81240        2.17680       -1.94200
O         -4.16960        0.07870       -1.40400
H         -2.96270        3.42380        1.24420
H         -3.46180        4.93980       -0.31060
H         -1.30260        3.94800       -0.49550
H         -1.99620        2.79880       -1.59870
H          0.05410        1.91450       -0.65240
H         -1.29530        0.90690       -0.15940
H         -1.30110        1.97810        2.09730
H         -0.07000        3.12210        1.57110
H          0.98880        1.42730        2.90000
H          1.54340        1.25780        1.23740
H         -0.70060       -0.41220        2.49370
H         -0.01390       -0.66940        0.89960
H          1.42180       -0.97620        3.58210
H          0.84180       -2.28030        2.57010
H          3.25620       -2.04250        2.35760
H          3.12720       -0.34240        1.96360
H          3.63120       -1.62680       -0.02670
H          2.05430       -0.88040       -0.20940
H          2.52690       -3.79380        0.62760
H          0.94670       -3.05380        0.35840
H          3.13520       -3.34470       -1.76150
H          1.56010       -2.59150       -2.02200
H          2.00530       -5.50120       -1.16450
H          0.43050       -4.74840       -1.42540
H          2.61560       -5.05340       -3.55610
H          1.04080       -4.30020       -3.81690
H          1.49250       -7.21790       -2.99320
H         -0.09090       -6.46050       -3.25540
H          1.03990       -6.64360       -4.60730
H         -3.43930        1.02570        0.83410
H         -4.92210        1.98500        0.77640
H         -4.79570        3.07840       -1.53540

