HF BASIS=def2-svp cutoff=1.0e-9 denserms=1.0e-6  zmake GRADIENT DIPOLE CHARGE=0

O         -5.35710       -0.73610        1.75730
C         -5.26420        0.64430        2.13960
C         -4.68470        1.44920        0.97850
O         -5.46250        1.17590       -0.20050
C         -3.19340        1.10040        0.75610
O         -2.74490        2.03760       -0.24250
C         -1.54000        1.82800       -0.84980
C         -1.26780        2.69570       -1.91350
C         -0.07160        2.59580       -2.62000
O          0.11570        3.47750       -3.64900
C          0.86740        1.62800       -2.26430
C          0.60530        0.76510       -1.20650
O          1.48410       -0.20960       -0.80490
C          2.70060       -0.33260       -1.46570
C          3.07270        0.43740       -2.50480
O          4.26910        0.30610       -3.18510
C          2.14050        1.48860       -2.97310
O          2.43830        2.21010       -3.92270
C          3.54200       -1.41950       -0.92350
C          2.97980       -2.68380       -0.68530
C          3.75210       -3.71840       -0.15170
C          5.08760       -3.49270        0.15390
O          5.80460       -4.52870        0.67330
C          5.66640       -2.24780       -0.06420
C          4.89210       -1.21370       -0.59910
C         -0.59570        0.86410       -0.49650
O         -2.44550        1.24450        1.96690
C         -2.91500        0.42470        3.04360
C         -4.37280        0.79120        3.37390
O         -4.90630        0.06760        4.48090
C         -2.71560       -1.09510        2.90220
O         -1.83090       -1.44500        1.94520
O         -3.23870       -1.96260        3.58560
H         -5.89330       -0.73550        0.93690
H         -6.28820        0.96360        2.36500
H         -4.78420        2.52030        1.19610
H         -5.03960        1.67890       -0.92390
H         -3.11250        0.08530        0.34740
H         -1.99130        3.45790       -2.19340
H          0.99270        3.30100       -4.05640
H          4.23770        0.97830       -3.89810
H          1.93580       -2.87630       -0.92100
H          3.31210       -4.69570        0.02410
H          6.71230       -4.22510        0.83790
H          6.70870       -2.06000        0.17290
H          5.35330       -0.24170       -0.76010
H         -0.75410        0.18780        0.33590
H         -2.29470        0.68720        3.91000
H         -4.39120        1.84970        3.66450
H         -4.94250       -0.87710        4.21530
H         -1.79610       -2.42340        2.00850

