HF BASIS=def2-svp cutoff=1.0e-9 denserms=1.0e-6  zmake GRADIENT DIPOLE CHARGE=0

C          1.87370       -0.28260        6.04970
C          0.45000       -0.72150        5.74280
C          0.42560       -1.85700        4.71930
C         -0.97930       -2.40530        4.45230
C         -1.99260       -1.39820        3.89800
C         -1.57900       -0.68360        2.60720
C         -1.33070       -1.64120        1.44040
C         -1.11720       -0.92790        0.09700
O         -1.00810       -1.92390       -0.92070
C          0.15220       -0.06560        0.07330
C          0.46910        0.56090       -1.29260
C         -0.60610        1.54080       -1.76910
C         -0.19810        2.32530       -3.02030
C         -0.03860        1.44460       -4.26210
C          0.26210        2.29020       -5.50450
C          0.45320        1.43730       -6.75820
C         -0.83610        0.85330       -7.27220
O         -0.61990       -0.10870       -8.19130
O         -1.97200        1.17480       -6.96990
H          2.45870       -1.10950        6.46490
H          2.37690        0.07520        5.14580
H          1.86980        0.53130        6.78140
H         -0.03420       -1.04600        6.67100
H         -0.10890        0.14240        5.36760
H          0.88490       -1.52330        3.78170
H          1.04700       -2.68320        5.08750
H         -1.38130       -2.81740        5.38660
H         -0.89710       -3.25380        3.76250
H         -2.93940       -1.92490        3.72320
H         -2.20840       -0.64190        4.66200
H         -2.38110        0.01320        2.33350
H         -0.69000       -0.07350        2.79640
H         -2.18450       -2.32450        1.34310
H         -0.46480       -2.28200        1.64700
H         -1.99480       -0.31390       -0.13230
H         -1.84640       -2.41640       -0.93940
H          1.01140       -0.68940        0.35190
H          0.08110        0.73390        0.81900
H          1.42600        1.09120       -1.20880
H          0.61550       -0.23240       -2.03370
H         -0.81640        2.25980       -0.96790
H         -1.54170        1.00710       -1.97140
H          0.73540        2.86760       -2.82700
H         -0.96830        3.08200       -3.21470
H         -0.95500        0.86350       -4.41560
H          0.77770        0.72940       -4.11170
H          1.18230        2.86130       -5.32970
H         -0.54180        3.01940       -5.66190
H          0.86800        2.06110       -7.55780
H          1.15710        0.62350       -6.55150
H         -1.52110       -0.39420       -8.45020

