HF BASIS=def2-svp cutoff=1.0e-9 denserms=1.0e-6  zmake GRADIENT DIPOLE CHARGE=0

C          1.25490       -1.60990       -4.44910
O          0.59450       -1.08240       -3.29740
C          0.39120       -1.99310       -2.32160
O          0.69610       -3.17250       -2.32110
C         -0.35830       -1.36480       -1.22150
C         -1.62380       -1.88140       -0.92820
N         -2.36910       -1.39390        0.10490
C         -1.88930       -0.35070        0.85110
C         -0.63720        0.21570        0.58310
C         -0.18830        1.33380        1.41540
N          0.19940        1.18500        2.63660
C          0.60500        2.50290        3.17460
C         -0.11860        3.61460        2.42820
S         -0.25180        2.94750        0.75740
C          0.18010       -0.31520       -0.44200
C          1.60730        0.16550       -0.65410
C          2.68920       -0.83150       -0.18390
C          4.06530       -0.36590       -0.66710
C          2.70410       -0.98820        1.33840
C         -2.75090        0.15050        2.00770
F         -4.04340       -0.28730        1.94260
F         -2.84750        1.51040        2.06710
F         -2.29650       -0.25260        3.22690
C         -2.21240       -3.01570       -1.75370
F         -3.52890       -3.25690       -1.48330
F         -2.16750       -2.76460       -3.09470
H          1.36870       -0.80030       -5.17510
H          2.24990       -1.98000       -4.18260
H          0.65450       -2.40360       -4.90460
H          0.36740        2.55140        4.24260
H          1.69320        2.60530        3.07800
H         -1.12480        3.76460        2.83190
H          0.42760        4.56070        2.45620
H          1.74280        0.39350       -1.71760
H          1.78520        1.12380       -0.15780
H          2.50610       -1.81990       -0.61940
H          4.08960       -0.29510       -1.75980
H          4.84470       -1.07230       -0.36230
H          4.31960        0.61730       -0.25670
H          3.50040       -1.67340        1.64860
H          2.87600       -0.02760        1.83540
H          1.75910       -1.40060        1.70500
H         -1.67050       -3.94540       -1.55670

