HF BASIS=def2-svp cutoff=1.0e-9 denserms=1.0e-6  zmake GRADIENT DIPOLE CHARGE=0

C          2.15360       -2.10940       -2.99720
C          1.94070       -2.65800       -4.41590
O          1.01680       -3.76200       -4.38950
C          0.54240       -4.13280       -5.60940
O          0.83500       -3.58450       -6.66450
C         -0.33110       -5.36500       -5.54240
C         -1.00550       -5.64710       -4.20170
C         -2.06010       -4.59690       -3.83540
C         -2.79350       -4.98690       -2.54940
C         -3.86760       -3.97870       -2.12970
C         -3.35610       -2.58870       -1.74290
C         -2.38110       -2.61920       -0.60160
C         -2.64430       -2.36780        0.69160
C         -3.97130       -2.03580        1.31370
C         -4.02180       -0.58880        1.70700
C         -4.08890       -0.07150        2.94470
C         -4.17970       -0.81660        4.24550
C         -2.83240       -0.94090        4.89970
C         -2.21120       -2.06200        5.30340
C         -2.71530       -3.47440        5.21230
C         -1.78910       -4.33840        4.35510
C         -2.34270       -5.75520        4.20720
C         -1.42070       -6.63000        3.36120
C         -1.98710       -8.03070        3.19160
C          2.44020       -3.22360       -1.98620
O          2.98450       -2.64620       -0.80130
P          2.59890       -3.34220        0.59150
O          3.65000       -2.68860        1.61340
O          2.66860       -4.83180        0.59690
O          1.19220       -2.70650        1.01580
C          1.10150       -1.29850        1.18110
C          0.76320       -0.96480        2.63960
N          1.71160       -1.55030        3.59370
O          0.96070       -1.42170       -2.54360
C          0.80500       -0.15400       -3.01380
O          1.57860        0.40670       -3.77530
C         -0.47930        0.44260       -2.48620
C         -0.35990        1.96260       -2.35640
C         -1.62630        2.62790       -1.80640
C         -2.08640        2.14520       -0.43150
C         -1.05920        2.20550        0.70540
C         -0.70850        3.61770        1.18710
C          0.47960        4.24270        0.45160
C          0.89550        5.56370        1.10190
C          1.98170        6.31650        0.32550
C          3.28270        5.52290        0.17300
C          4.39370        6.39220       -0.42370
C          5.66990        5.61180       -0.75100
C          6.34300        5.00390        0.48330
C          7.67960        4.35360        0.12500
C          8.33820        3.71860        1.33820
H          2.99100       -1.39970       -2.99420
H          2.89460       -3.02660       -4.81040
H          1.55830       -1.86930       -5.07330
H         -1.09940       -5.27110       -6.31940
H          0.31090       -6.21620       -5.80190
H         -1.49090       -6.63100       -4.26390
H         -0.25750       -5.71620       -3.40240
H         -2.78760       -4.50440       -4.65260
H         -1.58370       -3.61780       -3.71680
H         -2.07360       -5.13640       -1.73500
H         -3.28060       -5.96060       -2.70390
H         -4.59760       -3.87240       -2.94370
H         -4.42010       -4.40350       -1.27950
H         -4.21510       -1.95210       -1.49910
H         -2.87570       -2.10180       -2.59910
H         -1.35450       -2.86840       -0.86750
H         -1.81680       -2.43590        1.39590
H         -4.12180       -2.70000        2.17120
H         -4.80080       -2.24380        0.63060
H         -3.98580        0.10940        0.87250
H         -4.08870        1.01530        3.03290
H         -4.67140       -1.78120        4.10190
H         -4.83720       -0.24880        4.91630
H         -2.30890        0.00040        5.06670
H         -1.22640       -1.95040        5.76160
H         -2.76600       -3.88600        6.22790
H         -3.73080       -3.52290        4.81060
H         -1.66890       -3.88760        3.36320
H         -0.79110       -4.37820        4.81210
H         -2.47200       -6.20690        5.19920
H         -3.33410       -5.71160        3.74220
H         -1.27770       -6.17690        2.37460
H         -0.43280       -6.69340        3.83280
H         -1.30300       -8.64540        2.59770
H         -2.95350       -8.00340        2.68050
H         -2.12470       -8.52040        4.16020
H          1.52170       -3.77110       -1.74200
H          3.18490       -3.92310       -2.37890
H          4.46260       -3.22570        1.63670
H          0.30690       -0.93690        0.52470
H          2.02740       -0.79720        0.87590
H          0.74350        0.12110        2.76950
H         -0.23220       -1.34960        2.88580
H          1.58690       -2.56380        3.56970
H          2.66330       -1.41800        3.23720
H         -1.29140        0.16790       -3.16660
H         -0.68390        0.00350       -1.50540
H          0.50520        2.21520       -1.73250
H         -0.15110        2.39280       -3.34420
H         -1.47940        3.71110       -1.78220
H         -2.44900        2.45620       -2.51510
H         -2.42050        1.10510       -0.52910
H         -2.97500        2.71880       -0.14080
H         -0.15340        1.64720        0.45050
H         -1.50460        1.67740        1.55970
H         -1.58570        4.27330        1.11970
H         -0.44800        3.55030        2.25140
H          0.22600        4.42540       -0.59640
H          1.32170        3.53970        0.46860
H          1.24660        5.37230        2.12440
H          0.01970        6.21840        1.18580
H          1.59920        6.59240       -0.66460
H          2.19180        7.25290        0.85600
H          3.59090        5.14550        1.15540
H          3.11610        4.65590       -0.47870
H          4.63140        7.20890        0.27070
H          4.03150        6.85910       -1.34950
H          6.37330        6.29780       -1.23980
H          5.44810        4.82250       -1.47870
H          5.68880        4.25050        0.93310
H          6.50480        5.78540        1.23770
H          8.35490        5.10700       -0.29710
H          7.52850        3.58650       -0.64270
H          8.51660        4.46070        2.12200
H          9.30180        3.28020        1.06190
H          7.70910        2.92710        1.75850

