HF BASIS=def2-svp cutoff=1.0e-9 denserms=1.0e-6  zmake GRADIENT DIPOLE CHARGE=0

C          5.70830       -2.83440       -2.18420
C          4.38690       -3.48790       -1.81080
C          4.08180       -3.32130       -0.32370
C          2.82410       -4.07120        0.12450
C          1.51160       -3.61620       -0.52320
C          1.14760       -2.16750       -0.19160
C         -0.23570       -1.79780       -0.72990
C         -0.63510       -0.37990       -0.31460
C         -1.99300        0.00980       -0.90080
C         -2.39440        1.42470       -0.48160
C         -3.76600        1.80310       -1.04730
C         -4.20330        3.18610       -0.55930
C         -5.61210        3.57690       -1.01080
C         -6.77090        2.69220       -0.52850
C         -6.96980        2.65170        0.99310
C         -6.23090        1.49120        1.66520
C         -6.43140        1.48380        3.18390
C         -5.59090        0.40670        3.88090
C         -4.09840        0.75010        3.90980
C         -3.26770       -0.36780        4.54330
C         -1.78060       -0.00340        4.53840
C         -0.91380       -1.15890        5.04080
C          0.57140       -0.79860        5.15950
C          1.20210       -0.36250        3.83400
C          2.71950       -0.20830        3.95640
C          3.40060        0.20330        2.64090
O          4.81470        0.09140        2.81330
C          3.06680        1.63680        2.21240
C          3.78620        2.10390        0.93650
O          3.46210        3.48380        0.73810
C          3.35380        1.32550       -0.31180
C          4.03730        1.83860       -1.58560
C          3.74880        0.97090       -2.81600
C          2.27530        0.97350       -3.22980
C          2.01930        0.27560       -4.57020
C          2.32600       -1.22340       -4.54100
C          1.93460       -1.89350       -5.84860
H          6.54060       -3.29200       -1.64120
H          5.89880       -2.95100       -3.25480
H          5.69900       -1.76630       -1.95340
H          3.59050       -3.04160       -2.41290
H          4.43070       -4.55200       -2.06700
H          3.99780       -2.25740       -0.07800
H          4.92960       -3.70350        0.25820
H          2.95990       -5.14180       -0.07720
H          2.73290       -3.97270        1.21450
H          1.55120       -3.75350       -1.60950
H          0.71410       -4.27660       -0.16070
H          1.89030       -1.48810       -0.62200
H          1.16810       -2.02660        0.89430
H         -0.98160       -2.50790       -0.35250
H         -0.23450       -1.87880       -1.82370
H         -0.67300       -0.31430        0.77960
H          0.12380        0.33420       -0.65190
H         -1.95270       -0.05250       -1.99520
H         -2.75640       -0.70180       -0.56410
H         -1.64190        2.14310       -0.82970
H         -2.41890        1.48520        0.61340
H         -4.49490        1.04280       -0.74970
H         -3.72700        1.79690       -2.14320
H         -4.13180        3.25100        0.53150
H         -3.49890        3.93220       -0.94900
H         -5.63410        3.60020       -2.10760
H         -5.80230        4.60690       -0.68340
H         -7.68560        3.11300       -0.96830
H         -6.68190        1.67880       -0.93750
H         -6.67220        3.60720        1.44060
H         -8.04180        2.53190        1.19570
H         -5.16680        1.55580        1.43970
H         -6.58600        0.53980        1.24880
H         -7.49110        1.29890        3.40050
H         -6.18660        2.46750        3.60260
H         -5.74540       -0.55980        3.38680
H         -5.94590        0.29680        4.91310
H         -3.95050        1.68170        4.46940
H         -3.72760        0.92390        2.89390
H         -3.60290       -0.54460        5.57190
H         -3.42110       -1.29870        3.98350
H         -1.61840        0.88160        5.16540
H         -1.48560        0.26270        3.51660
H         -1.02560       -2.01870        4.36800
H         -1.27240       -1.48120        6.02660
H          0.69570       -0.00090        5.90250
H          1.10560       -1.67590        5.54480
H          0.76050        0.58770        3.51960
H          0.97290       -1.10270        3.06020
H          3.15580       -1.15840        4.29240
H          2.95930        0.52080        4.74110
H          3.11590       -0.50640        1.85840
H          5.05760        0.55830        3.63110
H          3.34090        2.32790        3.02200
H          1.98550        1.75490        2.07130
H          4.87320        2.03590        1.05970
H          3.91160        3.98870        1.43820
H          2.26910        1.42190       -0.42960
H          3.58580        0.26310       -0.18870
H          3.72900        2.87080       -1.79000
H          5.12290        1.85630       -1.42660
H          4.35780        1.34440       -3.64800
H          4.08030       -0.05300       -2.61220
H          1.92500        2.00910       -3.30970
H          1.66810        0.48960       -2.45830
H          0.96470        0.41910       -4.83630
H          2.61220        0.75920       -5.35470
H          3.39510       -1.39050       -4.36810
H          1.78270       -1.70020       -3.71600
H          2.15700       -2.96490       -5.80620
H          2.48780       -1.46460       -6.69180
H          0.86330       -1.77880       -6.04670

