HF BASIS=def2-svp cutoff=1.0e-9 denserms=1.0e-6  zmake GRADIENT DIPOLE CHARGE=0

C         -0.53800       -0.92830       -0.05600
C         -0.87340       -2.22080        0.06970
C         -2.01810       -2.65210        0.87820
C         -3.31620       -2.29120        0.48870
C         -4.42290       -2.70390        1.23560
C         -4.24380       -3.48390        2.37670
C         -2.95890       -3.85260        2.77220
C         -1.85580       -3.43890        2.02750
O         -0.63070       -3.83520        2.49170
C          0.66340       -0.56360       -0.85340
O          1.48270       -1.40930       -1.19930
C          0.87980        0.87040       -1.18760
C          2.19120        1.29940       -1.43120
C          2.45700        2.63510       -1.75540
C          1.41160        3.55300       -1.84840
O          1.52960        4.87990       -2.15510
C          2.84170        5.36790       -2.40700
C          0.10180        3.12160       -1.62120
C         -0.16960        1.78820       -1.29720
H         -1.09860       -0.14480        0.43850
H         -0.29790       -3.01040       -0.40990
H         -3.47820       -1.69580       -0.40700
H         -5.42520       -2.42180        0.92310
H         -5.10350       -3.80800        2.95740
H         -2.81440       -4.46130        3.66060
H          0.05900       -3.44390        1.92960
H          3.01700        0.59230       -1.36820
H          3.48910        2.92030       -1.93120
H          3.28700        4.87240       -3.27610
H          3.47820        5.26330       -1.52220
H          2.76300        6.43500       -2.63630
H         -0.71750        3.83260       -1.70630
H         -1.20500        1.49200       -1.15940

