HF BASIS=def2-svp cutoff=1.0e-9 denserms=1.0e-6  zmake GRADIENT DIPOLE CHARGE=0

O          0.70500        3.00230       -2.20960
S         -0.43020        2.15720       -1.70630
C          0.28880        0.66800       -0.93180
C          1.08340        1.06310        0.27390
C          1.33360        0.12120        1.43400
C          0.38170        1.30190        1.59210
C          0.78410        2.46770        2.46550
C          0.89090        3.77070        1.95140
C          1.24810        4.84820        2.76630
C          1.50080        4.64420        4.11950
C          1.39500        3.36460        4.65610
C          1.03800        2.29090        3.83610
C          0.80980       -1.29660        1.42610
C         -0.16030       -1.73480        2.34280
C         -0.63250       -3.05010        2.33220
C         -0.13390       -3.96130        1.40610
C          0.83990       -3.55880        0.49740
C          1.30800       -2.24250        0.51360
C         -1.12470        1.33420       -3.15850
C         -2.29230        0.57260       -3.03030
C         -2.83890       -0.06810       -4.14410
C         -2.22570        0.05420       -5.39020
C         -1.06830        0.81930       -5.52580
C         -0.52010        1.46030       -4.41340
H          0.93900        0.17460       -1.66110
H         -0.53730       -0.00300       -0.67750
H          1.91610        1.70590       -0.00020
H          2.30970        0.22600        1.90850
H         -0.68320        1.07740        1.61530
H          0.69860        3.95290        0.89530
H          1.32880        5.84470        2.33970
H          1.77950        5.48120        4.75390
H          1.59010        3.19940        5.71230
H          0.95840        1.29750        4.27260
H         -0.55500       -1.04160        3.08280
H         -1.38530       -3.36180        3.05150
H         -0.49740       -4.98540        1.39820
H          1.24110       -4.26850       -0.22140
H          2.07800       -1.94800       -0.19710
H         -2.78770        0.47390       -2.06760
H         -3.74550       -0.65940       -4.04130
H         -2.65280       -0.44230       -6.25810
H         -0.59280        0.92150       -6.49810
H          0.38040        2.05970       -4.53180

