HF BASIS=def2-svp cutoff=1.0e-9 denserms=1.0e-6  zmake GRADIENT DIPOLE CHARGE=0

C         -3.81440        2.35040        2.36870
O         -3.86520        2.47440        0.95240
C         -3.14960        1.56390        0.22570
C         -2.37560        0.52750        0.74180
C         -1.68200       -0.33830       -0.11800
N         -0.92650       -1.39120        0.43540
N          0.27550       -1.05190        0.51680
C          1.06380       -2.15340        0.91940
C          1.33460       -3.18220       -0.00100
O          0.81490       -3.15440       -1.27040
C          2.13520       -4.26370        0.33500
C          2.68830       -4.33220        1.61190
C          2.45150       -3.31960        2.55680
C          3.02060       -3.39360        3.83870
C          2.79810       -2.38990        4.78170
C          2.00360       -1.29720        4.45640
C          1.42890       -1.20840        3.18730
C          1.63550       -2.21090        2.21440
C         -1.78190       -0.17690       -1.51590
O         -1.08360       -1.08590       -2.27390
C         -1.16450       -0.95380       -3.68800
C         -2.55840        0.86350       -2.02820
C         -3.23390        1.72600       -1.15850
H         -4.23110        1.39220        2.69600
H         -4.43250        3.14580        2.79610
H         -2.79320        2.48590        2.74020
H         -2.28270        0.35850        1.80910
H          0.21140       -2.38100       -1.30940
H          2.32640       -5.04710       -0.39210
H          3.31380       -5.18600        1.86430
H          3.64800       -4.23900        4.11390
H          3.24730       -2.46270        5.76870
H          1.82940       -0.51220        5.18750
H          0.81070       -0.34290        2.95660
H         -2.19380       -1.08350       -4.03810
H         -0.55900       -1.74970       -4.13210
H         -0.74980        0.00400       -4.01870
H         -2.66380        1.03420       -3.09410
H         -3.83740        2.53430       -1.56670

