HF BASIS=def2-svp cutoff=1.0e-9 denserms=1.0e-6  zmake GRADIENT DIPOLE CHARGE=0

C          2.27450        0.22890       -2.81270
C          3.39140       -0.63470       -2.21890
C          2.88940        1.43550       -3.57190
C          3.66870        2.42600       -2.69940
C          4.26610        3.52750       -3.53320
C          3.86140        4.80990       -3.61660
C          4.60920        5.79600       -4.47570
C          2.66730        5.38790       -2.90850
C          1.21600        0.65460       -1.75960
C          0.07980        1.51260       -2.38610
C         -1.19760        1.22360       -1.58600
C         -0.70730        0.42640       -0.38060
C         -1.67860       -0.34700        0.47950
C         -1.24370       -1.41050        1.20110
C          0.20360       -1.89160        1.10770
C          1.15600       -1.05840        0.22700
C          0.43260       -0.44310       -0.97790
C         -0.07200       -1.55890       -1.92690
C         -2.20260       -2.21520        2.10740
C         -2.68090       -3.42810        1.26790
C         -1.51170       -2.73290        3.39650
C         -2.46650       -3.46790        4.33180
C         -3.67690       -2.62470        4.71440
O         -4.60620       -3.46250        5.40650
C         -4.38370       -2.00030        3.50510
C         -5.41390       -1.04360        4.08630
O         -5.29360        0.17760        4.12070
C         -3.38760       -1.29240        2.55930
C         -4.07470       -0.68240        1.32990
C         -3.09370        0.17690        0.53360
H          1.77380       -0.37860       -3.57840
H          4.21400       -0.75890       -2.93140
H          3.79940       -0.19590       -1.30310
H          3.03070       -1.63980       -1.98700
H          2.09660        1.97180       -4.10780
H          3.55640        1.04680       -4.35390
H          3.03260        2.83230       -1.90940
H          4.49310        1.91430       -2.18910
H          5.13970        3.22160       -4.10910
H          4.96800        6.63200       -3.86630
H          5.47880        5.34560       -4.96590
H          3.95360        6.19130       -5.25860
H          2.99220        6.09340       -2.13660
H          2.03080        5.92540       -3.62010
H          2.03740        4.63230       -2.43360
H          1.72270        1.28080       -1.01150
H         -0.09000        1.26470       -3.44020
H          0.33590        2.57680       -2.33540
H         -1.90360        0.64860       -2.19630
H         -1.69900        2.15120       -1.28970
H         -0.26560        1.17070        0.30420
H          0.19670       -2.91970        0.72510
H          0.64950       -1.92800        2.10760
H          1.59260       -0.26080        0.84310
H          1.99160       -1.69450       -0.07740
H         -0.81720       -2.20740       -1.45710
H          0.75400       -2.20370       -2.24390
H         -0.53280       -1.15770       -2.83500
H         -3.49770       -3.97530        1.74670
H         -1.86510       -4.14370        1.11070
H         -3.03280       -3.12980        0.27390
H         -0.69430       -3.42220        3.15100
H         -1.06000       -1.89160        3.93910
H         -2.79500       -4.41250        3.88110
H         -1.92990       -3.76360        5.24240
H         -3.36360       -1.83830        5.41360
H         -4.14730       -3.83000        6.18380
H         -4.95780       -2.75710        2.95670
H         -6.30160       -1.52730        4.53100
H         -2.95280       -0.45380        3.12750
H         -4.48870       -1.46960        0.68930
H         -4.92680       -0.05460        1.61120
H         -3.06450        1.17980        0.97900
H         -3.49670        0.28890       -0.47900

