HF BASIS=def2-svp cutoff=1.0e-9 denserms=1.0e-6  zmake GRADIENT DIPOLE CHARGE=0

C          3.64270        3.14340        3.11380
C          3.33950        1.97910        2.20630
C          4.55970        1.30160        1.64770
C          2.06360        1.62270        1.95590
C          1.55170        0.51470        1.08140
O          0.59270        1.08790        0.19190
C         -0.05140        0.23500       -0.66200
C          0.14210       -1.14290       -0.75240
C         -0.59400       -1.89730       -1.67300
C         -1.52990       -1.28570       -2.51790
C         -2.31800       -2.10630       -3.51130
C         -1.47410       -2.58630       -4.65920
C         -1.31550       -3.87380       -4.99500
C         -1.71350        0.09890       -2.42760
C         -0.98050        0.84860       -1.50430
H          4.24460        2.81220        3.96610
H          2.73520        3.60920        3.51210
H          4.20110        3.91220        2.57010
H          5.13870        2.00610        1.04140
H          5.19620        0.94730        2.46500
H          4.33180        0.43710        1.02140
H          1.26600        2.19290        2.43220
H          1.06890       -0.23040        1.72480
H          2.35070        0.04560        0.50280
H          0.85710       -1.66520       -0.12680
H         -0.42730       -2.97120       -1.73330
H         -2.78440       -2.94680       -2.98040
H         -3.14400       -1.50850       -3.91750
H         -0.96900       -1.82200       -5.24730
H         -0.69060       -4.15460       -5.83790
H         -1.79950       -4.67270       -4.44120
H         -2.42670        0.60620       -3.07320
H         -1.13350        1.92360       -1.44260

