HF BASIS=def2-svp cutoff=1.0e-9 denserms=1.0e-6  zmake GRADIENT DIPOLE CHARGE=0

C          4.76090        0.68310        0.35610
C          3.78510        1.66680        0.99080
C          2.51930        1.96050        0.15560
C          1.60920        2.92660        0.94040
C          2.89200        2.65330       -1.16680
C          1.74600        0.66430       -0.13880
O          1.64040        0.15780       -1.25190
O          1.19330        0.15970        1.00080
C          0.34720       -1.00570        0.87940
C          1.15830       -2.28080        1.13430
C          1.63050       -2.44590        2.58680
C          3.00660       -1.82230        2.82290
C          0.65160       -1.90630        3.59410
C         -0.45930       -1.21200        3.29060
C         -1.32500       -0.74010        4.35380
C         -2.39530        0.03200        4.13150
C         -2.80800        0.52360        2.76870
C         -4.05090       -0.25660        2.32600
C         -1.61740        0.47500        1.76560
C         -2.03460        0.81410        0.31630
C         -2.61240        2.22520        0.13300
C         -2.89730        2.55500       -1.34180
O         -3.60870        3.79090       -1.38940
C         -1.61500        2.69380       -2.17720
C         -1.91040        2.66830       -3.68700
O         -2.59460        3.87020       -4.05230
C         -0.64060        2.51560       -4.52380
C          0.01630        1.20240       -4.19940
O          1.24640        1.36730       -3.67500
O         -0.50370        0.10250       -4.27520
C         -0.86390       -0.89560        1.85350
H          5.16470        1.06810       -0.58450
H          5.60660        0.51100        1.03070
H          4.28960       -0.28460        0.16250
H          4.32270        2.60600        1.17880
H          3.49890        1.28230        1.97680
H          0.66250        3.08880        0.41290
H          1.36790        2.54050        1.93750
H          2.09150        3.90250        1.07590
H          3.49420        3.55100       -0.98760
H          3.46010        1.99580       -1.83230
H          1.99270        2.96510       -1.71030
H         -0.04820       -1.07440       -0.14160
H          2.01810       -2.32300        0.45450
H          0.52000       -3.13960        0.88400
H          1.73630       -3.52340        2.77090
H          3.73490       -2.18270        2.08860
H          2.97150       -0.73220        2.76620
H          3.38600       -2.08500        3.81720
H          0.89570       -2.10950        4.63650
H         -1.09190       -1.03060        5.37620
H         -3.01160        0.33530        4.97560
H         -3.09850        1.57570        2.88830
H         -4.49350        0.17260        1.42230
H         -4.82710       -0.22970        3.09990
H         -3.82190       -1.30860        2.12680
H         -0.90880        1.25560        2.08350
H         -2.74210        0.06750       -0.06370
H         -1.15210        0.73260       -0.31600
H         -3.54460        2.32760        0.70040
H         -1.92570        2.97260        0.54910
H         -3.55090        1.77890       -1.75670
H         -3.78920        3.97130       -2.33530
H         -1.11850        3.63920       -1.92000
H         -0.92460        1.88280       -1.94050
H         -2.58810        1.83630       -3.91180
H         -2.00210        4.62170       -3.87220
H         -0.86470        2.54410       -5.59620
H          0.04980        3.34680       -4.33070
H          1.46940        0.51560       -3.22180
H         -1.57190       -1.68470        1.55810

