HF BASIS=def2-svp cutoff=1.0e-9 denserms=1.0e-6  zmake GRADIENT DIPOLE CHARGE=0

N          4.12810       -1.10100        0.64950
C          3.15590       -0.34850        1.20920
O          3.32200        0.33760        2.20360
O          2.01060       -0.47810        0.50360
C          0.91990        0.30610        1.01180
C         -0.33980        0.13260        0.14330
C         -0.65680       -1.35590       -0.09530
O         -1.94270       -1.53070       -0.72110
C         -3.00860       -1.45440        0.10340
N         -4.14610       -1.63300       -0.60150
O         -2.98280       -1.24730        1.30530
C         -0.24470        0.92210       -1.16000
C          0.68840        0.60160       -2.15840
C          0.75240        1.34470       -3.33890
C         -0.11350        2.41290       -3.52960
O         -0.01510        3.11130       -4.69630
C         -1.04680        2.75220       -2.55770
C         -1.11090        2.00770       -1.37690
H          3.95670       -1.57890       -0.22070
H          5.06060       -1.04620        1.03040
H          0.69570       -0.03790        2.02950
H          1.21180        1.36330        1.05350
H         -1.16930        0.56910        0.71490
H         -0.62580       -1.92090        0.84530
H          0.07740       -1.82440       -0.75960
H         -4.09880       -1.75830       -1.60070
H         -5.03400       -1.57470       -0.12750
H          1.37780       -0.22900       -2.03080
H          1.47760        1.09040       -4.10640
H         -0.66550        3.83210       -4.67930
H         -1.72850        3.58500       -2.69690
H         -1.84750        2.28260       -0.62420

