HF BASIS=def2-svp cutoff=1.0e-9 denserms=1.0e-6  zmake GRADIENT DIPOLE CHARGE=0

C        -13.02280        2.90640        6.42520
C        -11.99880        1.80050        6.50380
C        -11.34900        1.55990        7.65830
C        -11.78510        1.04250        5.20320
O        -12.99850        0.34820        4.90250
C        -10.62520        0.03670        5.18510
C        -10.45170       -0.60600        3.80290
C         -9.24040       -1.51510        3.74680
C         -9.49340       -2.92760        4.21840
C         -8.01930       -1.15690        3.30150
C         -7.61670        0.15540        2.83360
C         -6.37030        0.40080        2.39080
C         -5.84400        1.67480        1.89110
C         -6.78010        2.85730        1.88060
C         -4.56200        1.70190        1.46860
C         -3.82610        2.82010        0.91100
C         -2.54060        2.70630        0.53320
C         -1.70730        3.74380       -0.07370
C         -2.37270        5.04640       -0.44640
C         -0.39350        3.58630       -0.34680
C          0.45420        2.45360       -0.02580
C          1.70250        2.31390       -0.50100
C          2.55430        1.19980       -0.13060
C          3.77020        0.88770       -0.62870
C          4.46000        1.64990       -1.73300
C          4.47230       -0.27220       -0.06620
C          5.64110       -0.78690       -0.48470
C          6.24130       -1.95400        0.13640
C          7.34960       -2.62800       -0.24000
C          7.76020       -3.85540        0.54710
C          8.19760       -2.24010       -1.36560
C          9.07870       -3.03960       -1.99050
C          9.90020       -2.64450       -3.13220
C         11.25120       -2.58070       -3.00210
C         12.00880       -2.82300       -1.71550
C         12.17580       -2.27350       -4.16080
C         11.47720       -1.81850       -5.43560
C         10.19080       -2.59920       -5.65980
C          9.18480       -2.42290       -4.48740
C          8.58010       -0.99740       -4.55180
C          8.04350       -3.44010       -4.73030
H        -14.00520        2.50280        6.15470
H        -12.73190        3.63880        5.66370
H        -13.13500        3.44030        7.37560
H        -11.54540        2.14910        8.55110
H        -10.60410        0.77720        7.76270
H        -11.61770        1.77580        4.40310
H        -13.29260       -0.07060        5.73040
H        -10.81350       -0.76030        5.91720
H         -9.69460        0.54150        5.47270
H        -10.39250        0.17300        3.03530
H        -11.34450       -1.18930        3.54480
H         -8.59090       -3.54840        4.17310
H         -9.84020       -2.92840        5.25760
H        -10.25450       -3.40780        3.59310
H         -7.23250       -1.91190        3.29940
H         -8.35890        0.94640        2.86320
H         -5.66210       -0.42910        2.38550
H         -7.62310        2.67740        1.20470
H         -6.30890        3.78620        1.55750
H         -7.16750        3.04420        2.88720
H         -3.98300        0.77910        1.52890
H         -4.34600        3.76090        0.79240
H         -2.07010        1.73600        0.66250
H         -2.76040        5.54610        0.44770
H         -3.19530        4.87580       -1.14660
H         -1.68260        5.74260       -0.93200
H          0.12750        4.40860       -0.84030
H          0.05870        1.70300        0.65270
H          2.09590        3.06050       -1.18440
H          2.13560        0.56290        0.64980
H          5.39390        2.09330       -1.36940
H          4.69030        0.98210       -2.57040
H          3.85790        2.46260       -2.14630
H          3.97520       -0.75590        0.77530
H          6.15810       -0.34140       -1.32650
H          5.68890       -2.33790        0.99440
H          7.62530       -4.76260       -0.05610
H          7.16680       -3.97920        1.45980
H          8.80790       -3.78300        0.86070
H          8.09660       -1.21760       -1.72150
H          9.22760       -4.07320       -1.67800
H         12.65530       -1.97020       -1.49260
H         11.36530       -2.97110       -0.84180
H         12.64440       -3.70940       -1.81900
H         12.89810       -1.49820       -3.86610
H         12.75610       -3.18360       -4.37840
H         12.15080       -1.95740       -6.29040
H         11.26640       -0.74340       -5.38260
H         10.44130       -3.66340       -5.78070
H          9.73770       -2.28400       -6.60900
H          7.67700       -0.91190       -3.93640
H          9.29370       -0.23960       -4.20770
H          8.28600       -0.73860       -5.57660
H          7.60130       -3.30170       -5.72370
H          7.23030       -3.32890       -4.00550
H          8.40780       -4.47200       -4.66870

