HF BASIS=def2-svp cutoff=1.0e-9 denserms=1.0e-6  zmake GRADIENT DIPOLE CHARGE=0

C          0.68640        4.04110        5.43340
O          0.25600        2.78250        4.92740
C         -0.35000        2.78680        3.69500
C         -0.50830        3.89010        2.86420
C         -1.14850        3.73740        1.63110
O         -1.30320        4.82790        0.81770
C         -1.63940        2.49220        1.19840
C         -2.31730        2.36590       -0.14210
C         -1.48960        1.36470        2.04340
C         -1.98560       -0.01430        1.63830
C         -1.03860       -0.72650        0.70810
C         -1.33780       -1.60140       -0.27410
C         -0.23230       -2.16900       -1.12660
C         -2.74180       -2.06960       -0.60700
C         -2.96140       -3.59580       -0.57000
C         -2.59070       -4.22190        0.75070
C         -1.85640       -5.33400        0.95910
C         -1.33360       -6.22800       -0.13310
C         -1.50250       -5.76680        2.37510
C         -0.00430       -5.64800        2.71960
C          0.47690       -4.22180        2.74100
C          1.24910       -3.59950        3.65380
C          1.85070       -4.24420        4.86830
C          1.54440       -2.11910        3.48690
C          2.96830       -1.83580        2.98870
C          3.07260       -0.43370        2.44490
C          3.41920       -0.05460        1.19740
C          3.86390       -0.99230        0.10570
C          3.38040        1.41080        0.80030
C          2.16270        1.74280       -0.06940
C          2.17320        3.18530       -0.49980
C          2.45760        3.67980       -1.72150
C          2.40910        5.16820       -1.96250
C          2.88720        2.84060       -2.91220
C          1.91040        2.84120       -4.10090
C          0.57690        2.21110       -3.79220
C         -0.02360        1.17980       -4.41800
C         -1.38440        0.70840       -3.97790
C          0.53990        0.40860       -5.57790
C         -0.83920        1.54110        3.27560
O         -0.67340        0.46500        4.11270
H          1.47640        4.46650        4.80620
H         -0.15560        4.73370        5.53640
H          1.10460        3.87520        6.43040
H         -0.14200        4.86680        3.15400
H         -0.90250        5.60510        1.23800
H         -2.29200        3.29560       -0.71850
H         -3.36880        2.09260       -0.00750
H         -1.81460        1.60960       -0.75170
H         -2.98100        0.09650        1.19830
H         -2.12950       -0.63870        2.52810
H          0.01150       -0.48910        0.87530
H         -0.16420       -3.25480       -1.01010
H          0.74810       -1.75410       -0.86530
H         -0.41240       -1.94340       -2.18270
H         -2.99130       -1.70990       -1.61410
H         -3.48020       -1.61320        0.06040
H         -2.41430       -4.04640       -1.40320
H         -4.02540       -3.79240       -0.75140
H         -2.93580       -3.66380        1.62110
H         -1.51330       -7.27980        0.11660
H         -0.25620       -6.08480       -0.26170
H         -1.81640       -6.05350       -1.09840
H         -2.08200       -5.19220        3.10910
H         -1.81250       -6.81150        2.50500
H          0.59590       -6.20750        1.99250
H          0.14910       -6.12920        3.69010
H          0.13780       -3.62880        1.88910
H          2.94100       -4.14990        4.84060
H          1.62440       -5.30900        4.95440
H          1.48370       -3.75580        5.77790
H          1.36480       -1.60160        4.43840
H          0.82740       -1.68600        2.78250
H          3.24670       -2.58210        2.23990
H          3.67850       -1.94680        3.81580
H          2.77800        0.33850        3.15400
H          4.73820       -0.58340       -0.41050
H          4.15790       -1.97680        0.47280
H          3.06780       -1.12870       -0.63020
H          3.37020        2.04700        1.69500
H          4.30850        1.66340        0.27070
H          1.24680        1.57300        0.50770
H          2.09440        1.06900       -0.92820
H          1.89070        3.87980        0.29130
H          2.18620        5.72920       -1.04840
H          1.63390        5.41570       -2.69410
H          3.37520        5.52400       -2.33840
H          3.09430        1.80490       -2.62280
H          3.85190        3.23220       -3.26270
H          2.40790        2.33950       -4.93580
H          1.73160        3.86970       -4.43770
H          0.04700        2.68470       -2.96480
H         -1.34890       -0.34600       -3.68990
H         -2.10550        0.81630       -4.79390
H         -1.76760        1.27430       -3.12460
H          0.69580       -0.63650       -5.29040
H          1.49320        0.79260       -5.94460
H         -0.15990        0.43050       -6.42070
H         -0.21400        0.82110        4.89740

