HF BASIS=def2-svp cutoff=1.0e-9 denserms=1.0e-6  zmake GRADIENT DIPOLE CHARGE=0

O          3.88720       -4.44470       -2.83370
S          3.18610       -3.01650       -2.57160
O          3.96290       -2.01540       -3.26750
O          1.78420       -3.23350       -2.85940
O          3.36670       -2.82780       -0.96700
C          2.91650       -1.72140       -0.29430
C          2.22340       -0.65120       -0.85970
C          1.81280        0.42560       -0.06150
C          2.09310        0.44160        1.30810
C          2.77800       -0.64110        1.87310
C          3.18970       -1.71210        1.07550
C          1.67090        1.55310        2.21120
O          1.59670        1.34210        3.42240
C          1.36340        2.92610        1.64520
C         -0.10680        3.29170        1.83420
C         -1.01270        2.54820        0.88350
C         -1.23960        3.03640       -0.41060
C         -2.04410        2.32580       -1.30230
C         -2.62690        1.12220       -0.90990
C         -2.40940        0.62960        0.37530
C         -1.60680        1.33900        1.26940
H          3.21310       -5.13690       -2.67920
H          1.97370       -0.61610       -1.91710
H          1.25200        1.22410       -0.53820
H          2.99630       -0.65610        2.93980
H          3.72460       -2.54150        1.53280
H          1.98640        3.63340        2.20770
H          1.67890        3.02290        0.60300
H         -0.23470        4.36950        1.67150
H         -0.42650        3.10610        2.86740
H         -0.79050        3.97350       -0.73230
H         -2.21800        2.71140       -2.30360
H         -3.25380        0.56910       -1.60460
H         -2.86500       -0.30820        0.68280
H         -1.44310        0.93940        2.26890

