HF BASIS=def2-svp cutoff=1.0e-9 denserms=1.0e-6  zmake GRADIENT DIPOLE CHARGE=0

C         -2.93530        3.13520       -2.67490
O         -2.88590        2.14700       -1.65290
C         -2.53360        0.87870       -2.02670
C         -2.61080       -0.10580       -1.03040
O         -3.04480        0.22110        0.23230
C         -1.91270        0.42840        1.08900
C         -2.28540       -1.43800       -1.30030
C         -1.81400       -1.80010       -2.56780
C         -1.35950       -3.21420       -2.84030
C          0.04660       -3.50420       -2.29580
N          1.07320       -2.88320       -3.14000
C          1.69290       -1.83670       -2.73790
O          2.63660       -1.35620       -3.56340
C          1.56940       -1.05150       -1.46990
C          2.51470       -1.59670       -0.40710
C          2.19970       -1.00700        0.94730
C          1.41380       -1.72620        1.86780
C          1.08290       -1.16540        3.10220
O          0.32450       -1.75210        4.08200
C         -0.15230       -3.06760        3.82070
C          1.54430        0.12170        3.40320
O          1.23180        0.70150        4.60300
C          2.31990        0.84600        2.50780
C          2.64700        0.28140        1.27690
C         -1.71970       -0.81560       -3.56170
C         -2.08470        0.51050       -3.29690
H         -3.64880        2.86180       -3.45880
H         -3.28140        4.06470       -2.22030
H         -1.94170        3.32360       -3.09320
H         -2.26680        0.91760        2.00080
H         -1.15630        1.07410        0.62920
H         -1.47810       -0.54110        1.36770
H         -2.37910       -2.17920       -0.51060
H         -2.07740       -3.90400       -2.37610
H         -1.39850       -3.41780       -3.91820
H          0.21120       -4.58860       -2.33920
H          0.13120       -3.23620       -1.23650
H          2.64010       -1.93000       -4.34810
H          1.79430        0.00120       -1.68220
H          0.53570       -1.06650       -1.12210
H          3.55480       -1.37160       -0.67180
H          2.45590       -2.69090       -0.35720
H          1.07100       -2.71790        1.59220
H         -0.82790       -3.07780        2.95830
H         -0.72300       -3.39590        4.69600
H          0.67890       -3.76890        3.68300
H          0.68850        0.03640        5.06930
H          2.66460        1.84240        2.76760
H          3.25320        0.85160        0.57490
H         -1.34710       -1.07360       -4.55170
H         -1.99100        1.23180       -4.10320

