HF BASIS=def2-svp cutoff=1.0e-9 denserms=1.0e-6  zmake GRADIENT DIPOLE CHARGE=0

C         -2.77940       -2.25070       -4.86050
O         -1.48890       -2.04250       -5.42020
C         -0.49440       -1.66900       -4.55840
C          0.76790       -1.55130       -5.14150
C          1.87320       -1.18790       -4.37390
C          1.72160       -0.93330       -3.01160
C          0.45990       -1.03030       -2.40430
C         -0.64390       -1.40730       -3.19440
C          0.26460       -0.77150       -0.91400
O          1.23870        0.20470       -0.50130
C          1.23600        0.46990        0.83900
C          1.76480        1.70010        1.22810
C          1.79910        2.04150        2.57740
O          2.31540        3.25860        2.90970
C          1.32160        1.16840        3.54970
C          0.81250       -0.06780        3.15910
O          0.37110       -0.89080        4.16010
C          0.77600       -0.42300        1.80490
C          0.28760       -1.73990        1.36930
O         -0.15150       -2.53840        2.19900
C          0.38710       -2.06970       -0.10720
O         -0.66620       -2.98960       -0.41480
H         -2.76100       -3.04480       -4.10670
H         -3.18410       -1.32090       -4.44730
H         -3.44520       -2.57320       -5.66690
H          0.89070       -1.75020       -6.20330
H          2.85170       -1.10340       -4.83910
H          2.59770       -0.65180       -2.43100
H         -1.61300       -1.50120       -2.71290
H         -0.73140       -0.32340       -0.78220
H          2.14120        2.39670        0.48330
H          2.27650        3.36550        3.87540
H          1.34350        1.42580        4.60400
H          0.03730       -1.72270        3.75450
H          1.34970       -2.56630       -0.27660
H         -0.66060       -3.66020        0.29700

