HF BASIS=def2-svp cutoff=1.0e-9 denserms=1.0e-6  zmake GRADIENT DIPOLE CHARGE=0

C          5.96850        0.92890        0.50560
C          4.99390        1.83270       -0.27560
C          5.18370        3.26510        0.29910
C          5.35930        1.88340       -1.78880
O          6.75380        2.10770       -1.99110
C          4.99360        0.61220       -2.54440
C          3.52380        0.23450       -2.37850
C          3.05950        0.08340       -0.89450
C          3.71310       -1.19330       -0.30980
C          3.48120        1.40640       -0.14340
C          2.92900        1.43000        1.29500
C          1.39900        1.40190        1.28960
C          0.77810        0.18630        0.55010
C          1.02790       -1.05750        1.46550
C          1.47090       -0.00310       -0.85240
C          0.85450       -1.22280       -1.55630
O          1.45690       -1.94010       -2.35130
C         -0.57970       -1.52890       -1.31740
C         -1.36660       -0.81370       -0.49020
C         -2.84280       -1.21270       -0.37920
C         -3.68020       -0.46460       -1.44400
C         -5.18010       -0.81670       -1.41280
C         -5.93770        0.06790       -2.41760
C         -5.71940       -0.55050        0.00480
C         -4.94260       -1.30970        1.07960
C         -3.40930       -1.07770        1.05930
C         -2.79350       -2.16600        1.97580
C         -3.07690        0.32490        1.61520
C         -1.57020        0.60040        1.65750
C         -0.82180        0.39050        0.30420
C         -1.11560        1.65490       -0.56300
C         -5.45040       -2.26310       -1.82330
O         -4.62270       -2.72130       -2.78010
O         -6.34100       -2.98300       -1.40060
H          6.07810       -0.06040        0.05950
H          5.65390        0.80120        1.54600
H          6.97400        1.36470        0.53090
H          5.05750        3.29050        1.38560
H          4.46780        3.96680       -0.14240
H          6.18870        3.65310        0.10270
H          4.82790        2.71860       -2.26380
H          6.94650        3.03080       -1.75930
H          5.65260       -0.21070       -2.24760
H          5.20520        0.75940       -3.61180
H          2.91730        1.00190       -2.87670
H          3.36170       -0.69260       -2.93690
H          3.98140       -1.08830        0.74250
H          4.63270       -1.47150       -0.83120
H          3.06410       -2.06970       -0.39130
H          2.93710        2.21200       -0.66540
H          3.33010        0.61310        1.90080
H          3.22040        2.35050        1.80890
H          1.07640        2.34290        0.83720
H          1.04670        1.43620        2.32780
H          0.61460       -0.92120        2.46810
H          2.08560       -1.24810        1.63720
H          0.60370       -1.98070        1.06330
H          1.15360        0.84290       -1.47660
H         -0.95740       -2.37310       -1.88680
H         -2.91270       -2.28100       -0.63490
H         -3.58950        0.61560       -1.30360
H         -3.26300       -0.66520       -2.44040
H         -5.82110        1.13070       -2.18050
H         -5.57200       -0.08950       -3.43910
H         -7.00970       -0.16150       -2.41770
H         -5.68030        0.52360        0.22360
H         -6.77770       -0.83350        0.07250
H         -5.15010       -2.38020        0.95780
H         -5.34740       -1.04050        2.06420
H         -1.70140       -2.14520        1.98680
H         -3.08410       -3.16970        1.64330
H         -3.13930       -2.04900        3.00890
H         -3.47500        0.42610        2.63350
H         -3.57250        1.10460        1.02750
H         -1.41970        1.63130        2.00420
H         -1.15610       -0.02050        2.45280
H         -0.59820        2.54610       -0.20340
H         -0.84850        1.51690       -1.61610
H         -2.17490        1.92470       -0.54710
H         -4.93420       -3.63620       -2.94780

