HF BASIS=def2-svp cutoff=1.0e-9 denserms=1.0e-6  zmake GRADIENT DIPOLE CHARGE=0

N          1.42550       -2.21810       -3.87360
C          0.43700       -3.06070       -3.16590
C         -0.61680       -2.25760       -2.39020
O         -0.03150       -1.70810       -1.21050
N         -1.02590       -1.04570       -0.47610
C         -0.56560       -0.58130        0.65250
C          0.88420       -0.77230        1.09770
C          1.79770        0.29310        0.48110
C          3.17150       -0.25740        0.10110
C          3.08340       -1.19380       -1.07340
O          2.68840       -0.55970       -2.19290
O          3.30780       -2.39280       -1.04270
C         -1.50430        0.17340        1.54760
C         -1.04770        1.03100        2.55430
C         -1.95890        1.72050        3.36340
C         -3.34160        1.56690        3.18050
C         -3.79570        0.71720        2.16300
C         -2.88560        0.02800        1.35500
C         -4.31030        2.32860        4.05280
F         -5.59960        1.90760        3.93060
F         -4.00990        2.22880        5.37770
F         -4.32310        3.66060        3.77200
H          0.92280       -1.64930       -4.56180
H          2.01870       -2.84390       -4.42840
H          0.98120       -3.71930       -2.48050
H         -0.06770       -3.68460       -3.91150
H         -1.03050       -1.45330       -3.00940
H         -1.43130       -2.93040       -2.09720
H          0.95950       -0.74790        2.18990
H          1.19560       -1.78650        0.82360
H          1.93650        1.10160        1.20890
H          1.32480        0.75130       -0.39610
H          3.85340        0.55800       -0.16550
H          3.62370       -0.79020        0.94510
H          2.37080       -1.27460       -2.80980
H          0.01190        1.19630        2.72410
H         -1.58370        2.38690        4.13970
H         -4.86320        0.58560        1.98940
H         -3.26560       -0.62710        0.57290

