HF BASIS=def2-svp cutoff=1.0e-9 denserms=1.0e-6  zmake GRADIENT DIPOLE CHARGE=0

O          0.01990        0.57560        2.60030
C         -0.07070       -0.69140        3.11290
C          0.00870       -1.81420        2.27080
C         -0.09020       -3.09250        2.84830
C         -0.26270       -3.23670        4.22370
Cl         -0.38160       -4.80850        4.91240
C         -0.33980       -2.11710        5.04750
C         -0.24390       -0.84080        4.49290
C          0.19360       -1.75340        0.78010
O          0.24740       -2.80940        0.15700
N          0.28960       -0.49540        0.22210
C          0.46450       -0.14250       -1.13630
C          0.53580        1.22500       -1.47410
Cl          0.41300        2.45510       -0.26010
C          0.70780        1.63940       -2.79800
C          0.81100        0.67610       -3.80540
C          0.74310       -0.68560       -3.49400
C          0.57050       -1.08720       -2.16340
N          0.99180        1.09810       -5.19940
O          1.07900        0.21460       -6.06320
O          1.04640        2.31450       -5.42850
H         -0.05510        1.22430        3.32400
H         -0.03230       -3.98090        2.22150
H         -0.47440       -2.23280        6.12030
H         -0.30630        0.02120        5.15180
H          0.22630        0.28760        0.87390
H          0.75930        2.70110       -3.02880
H          0.82160       -1.44960       -4.26610
H          0.52280       -2.15410       -1.96400

