HF BASIS=def2-svp cutoff=1.0e-9 denserms=1.0e-6  zmake GRADIENT DIPOLE CHARGE=0

O          1.53780       -4.31300        1.44150
C          1.53730       -3.77370        2.76460
C          0.24560       -2.98570        2.99550
O          0.30150       -1.80880        2.16800
C         -0.92490       -1.06660        2.18650
C         -1.27990       -0.58230        3.61280
O         -2.60650       -0.02390        3.71240
C         -1.22450       -1.75780        4.60190
O         -1.30690       -1.25330        5.94560
C          0.06260       -2.57100        4.45910
O          1.17220       -1.76960        4.89000
C         -0.74560        0.11640        1.24400
C         -1.75130        0.42650        0.30790
O         -2.78060       -0.47430        0.16040
C         -2.51740       -1.36200       -0.95850
O         -1.21180       -1.94240       -0.84320
C         -0.84110       -2.76390       -1.94210
C         -1.76590       -3.97620       -2.00720
O         -1.47400       -4.74570       -3.19010
C         -3.22680       -3.51680       -2.04860
O         -4.08490       -4.66620       -1.95350
C         -3.56010       -2.50440       -0.94520
O         -4.89370       -2.02700       -1.14760
C          0.61290       -3.21820       -1.76260
O          1.01250       -4.12770       -2.68390
O          1.37360       -2.79690       -0.89880
C         -1.70480        1.63070       -0.40470
C         -0.60090        2.47740       -0.24770
O         -0.57380        3.72220       -0.83570
C         -1.56600        4.11980       -1.71300
C         -2.63940        3.36920       -1.97760
C         -2.78760        2.06570       -1.31190
O         -3.77460        1.38490       -1.55720
C         -1.30200        5.43560       -2.35720
C          0.00450        5.95090       -2.32730
C          0.31770        7.15820       -2.93850
O          1.60500        7.62950       -2.94480
C         -0.67100        7.89880       -3.56860
O         -0.36610        9.08880       -4.16230
C         -1.97630        7.43370       -3.60120
C         -2.29290        6.20880       -2.99590
C          0.51880        2.12200        0.55180
C          1.72980        3.06710        0.62080
O          1.98750        3.67710       -0.67340
C          3.17100        3.24420       -1.35120
C          3.21840        3.87600       -2.75230
O          3.30590        5.30840       -2.71090
C          4.44320        3.58090       -0.54730
O          5.42500        2.53600       -0.74410
C          4.11800        3.69290        0.95270
O          5.30920        3.50810        1.72890
C          3.05940        2.63950        1.31370
O          3.54210        1.36330        0.83420
C          0.39490        0.94940        1.31420
O          1.41470        0.59420        2.16200
H          1.52900       -3.53890        0.82770
H          2.42850       -3.14870        2.87400
H          1.60660       -4.61260        3.46360
H         -0.60380       -3.59480        2.65760
H         -1.71900       -1.72670        1.82500
H         -0.58670        0.20080        3.95100
H         -2.93690        0.17670        2.81400
H         -2.09910       -2.40600        4.45690
H         -2.03500       -0.60040        5.93260
H          0.02540       -3.44810        5.11590
H          0.90700       -1.40790        5.75990
H         -2.59640       -0.79060       -1.89150
H         -0.86760       -2.17120       -2.86670
H         -1.60520       -4.63650       -1.14470
H         -2.22930       -5.36190       -3.30750
H         -3.45060       -3.08210       -3.02960
H         -4.01660       -5.04150       -1.05390
H         -3.55650       -2.99670        0.03760
H         -5.44780       -2.79070       -1.39920
H          0.26650       -4.46230       -3.24170
H         -3.42370        3.63980       -2.67050
H          0.79660        5.40440       -1.82650
H          2.16940        6.94500       -2.52700
H          0.58900        9.20990       -3.98490
H         -2.75000        8.01830       -4.09420
H         -3.33070        5.88450       -3.03030
H          1.35850        3.90850        1.22270
H          3.08390        2.16190       -1.51280
H          4.08550        3.49670       -3.30390
H          2.30750        3.62520       -3.30850
H          3.55160        5.57610       -3.61670
H          4.91920        4.50960       -0.87770
H          4.99520        1.71850       -0.39620
H          3.73150        4.68870        1.19430
H          5.91920        3.00620        1.14870
H          2.94950        2.56810        2.40300
H          3.22740        0.71590        1.49870
H          1.34890       -0.37820        2.31760

