HF BASIS=def2-svp cutoff=1.0e-9 denserms=1.0e-6  zmake GRADIENT DIPOLE CHARGE=0

C          7.74100       -2.71280       -2.99500
O          8.95060       -1.98480       -2.74730
C          6.63580       -1.74560       -3.43660
O          5.49080       -2.49450       -3.86800
C          4.38930       -1.73760       -4.13950
O          4.32280       -0.52490       -3.99780
C          3.29330       -2.62690       -4.67990
C          1.94600       -1.91740       -4.81300
C          1.27550       -1.68480       -3.45680
C         -0.09120       -1.01380       -3.61800
C         -0.75720       -0.69040       -2.27860
C         -1.24300       -1.93000       -1.52420
C         -1.79450       -1.55910       -0.14610
C         -2.51900       -2.71240        0.55640
C         -1.63840       -3.93970        0.80790
C         -2.38060       -5.07760        1.52130
C         -2.79050       -4.78100        2.96760
C         -1.59810       -4.72940        3.92560
C         -2.00070       -4.40350        5.36750
C         -2.53290       -2.98340        5.59430
C         -1.49450       -1.89930        5.29460
C         -2.02620       -0.50520        5.63920
C         -1.00700        0.60540        5.37120
C          0.16890        0.58240        6.34920
C          1.12730        1.73570        6.10180
C          7.35600       -3.50110       -1.73710
O          7.21530       -2.57600       -0.64170
C          6.67930       -3.11310        0.48720
O          6.31970       -4.27500        0.60810
C          6.63750       -2.09720        1.60330
C          6.00470       -0.76690        1.20420
C          4.51130       -0.89990        0.89740
C          3.90270        0.45440        0.52750
C          2.40010        0.33010        0.27090
C          1.81280        1.63850       -0.17280
C          0.96300        2.42740        0.50500
C          0.42000        2.21740        1.88900
C          0.64110        3.43770        2.73640
C         -0.28160        4.28080        3.22870
C         -1.77150        4.21720        3.05430
C         -2.25920        5.34580        2.19170
C         -2.69690        5.27610        0.92290
C         -2.76970        4.06120        0.04220
C         -4.19420        3.72720       -0.29390
C         -4.79340        3.77070       -1.49630
C         -4.19200        4.16160       -2.81530
C         -4.78770        5.44620       -3.31540
C         -5.60650        5.62010       -4.36630
C         -6.15860        4.56210       -5.27690
C         -5.52430        4.63150       -6.65810
H          7.93980       -3.42620       -3.80270
H          8.79780       -1.45400       -1.94700
H          6.99940       -1.13550       -4.27280
H          6.37210       -1.06660       -2.61580
H          3.61440       -2.96740       -5.67200
H          3.19220       -3.49970       -4.02560
H          2.06820       -0.96230       -5.33850
H          1.28740       -2.53950       -5.43060
H          1.91670       -1.05560       -2.82930
H          1.16500       -2.64670       -2.94520
H         -0.75340       -1.64810       -4.21850
H          0.03860       -0.07550       -4.17150
H         -0.06320       -0.12060       -1.65490
H         -1.61500       -0.03480       -2.46750
H         -0.41950       -2.63900       -1.40000
H         -2.01940       -2.42990       -2.11520
H         -0.97700       -1.19950        0.49070
H         -2.50290       -0.72710       -0.24870
H         -3.39160       -3.00670       -0.04000
H         -2.90220       -2.32850        1.50750
H         -1.28910       -4.33600       -0.15310
H         -0.74370       -3.65080        1.36910
H         -3.28270       -5.32310        0.94660
H         -1.74960       -5.97500        1.50610
H         -3.36770       -3.85310        3.01080
H         -3.46590       -5.57830        3.30190
H         -0.84710       -4.01360        3.57890
H         -1.10670       -5.71060        3.92300
H         -2.76040       -5.12150        5.69880
H         -1.12720       -4.55720        6.01430
H         -2.83910       -2.90220        6.64500
H         -3.43500       -2.81260        4.99710
H         -0.58610       -2.11270        5.86720
H         -1.22430       -1.91840        4.23240
H         -2.91990       -0.30930        5.03270
H         -2.34190       -0.47160        6.68860
H         -1.52100        1.57220        5.45410
H         -0.63890        0.52920        4.34120
H         -0.20400        0.64310        7.37840
H          0.72620       -0.35490        6.26050
H          1.56890        1.66900        5.10430
H          0.61810        2.69960        6.19160
H          1.94190        1.71580        6.83180
H          6.42320       -4.05390       -1.89830
H          8.16210       -4.19980       -1.48290
H          7.66750       -1.93550        1.93950
H          6.08580       -2.53290        2.44460
H          6.13630       -0.05760        2.03080
H          6.52170       -0.33820        0.33770
H          4.36010       -1.60090        0.06810
H          3.99090       -1.31320        1.77030
H          4.07750        1.17270        1.33840
H          4.40360        0.84750       -0.36740
H          1.90010       -0.05700        1.16360
H          2.22020       -0.40770       -0.51960
H          2.10270        1.95810       -1.17460
H          0.61120        3.33180        0.00690
H          0.89960        1.37370        2.39400
H         -0.63880        1.96050        1.80880
H          1.68540        3.64810        2.96370
H          0.07610        5.12100        3.82320
H         -2.10350        3.24820        2.67430
H         -2.23970        4.31220        4.04180
H         -2.25740        6.32610        2.66770
H         -3.01860        6.20340        0.44780
H         -2.32160        3.18320        0.51470
H         -2.16890        4.25380       -0.85150
H         -4.80120        3.41630        0.55590
H         -5.84560        3.48840       -1.54300
H         -4.34220        3.33970       -3.52200
H         -3.10850        4.29470       -2.75000
H         -4.49820        6.33210       -2.75110
H         -5.92650        6.63670       -4.59290
H         -7.24090        4.71060       -5.36490
H         -6.02180        3.55870       -4.86400
H         -4.44300        4.46100       -6.60460
H         -5.69510        5.60900       -7.12300
H         -5.95710        3.86610       -7.31070

