HF BASIS=def2-svp cutoff=1.0e-9 denserms=1.0e-6  zmake GRADIENT DIPOLE CHARGE=0

C         -3.77960        0.49560       -1.34900
C         -5.26540        0.35720       -1.21110
C         -5.67890       -1.09710       -1.04340
O         -5.66360        1.07590       -0.05090
C         -3.17220        1.01920       -2.42680
C         -1.74370        1.17900       -2.59300
C         -0.81790        0.35330       -2.09190
C          0.59180        0.61100       -2.35800
C          0.93510        1.68930       -3.17880
C          2.27890        1.95020       -3.48990
C          3.28680        1.12680       -2.99030
C          2.95740        0.05120       -2.16910
C          1.62150       -0.18840       -1.83540
O          1.36150       -1.27330       -1.03750
C          1.16210       -0.89060        0.33190
O         -0.05850       -1.44970        0.84080
C         -0.08730       -2.87810        0.91040
C          1.07820       -3.43970        1.73850
O          0.88490       -3.07920        3.12470
C          2.42210       -2.86340        1.27750
O          3.43450       -3.24870        2.22560
C          2.36460       -1.33350        1.18570
O          2.29100       -0.79370        2.51980
C         -0.19620       -3.60040       -0.43470
O         -1.21610       -3.14880       -1.19420
O          0.51850       -4.50470       -0.83610
C         -0.11800        2.57120       -3.73810
O          0.16920        3.52140       -4.45700
O         -1.41070        2.27420       -3.41570
H         -3.19470        0.14580       -0.50010
H         -5.79230        0.78810       -2.06980
H         -5.22250       -1.54060       -0.15080
H         -5.39670       -1.69720       -1.91450
H         -6.76350       -1.17010       -0.90720
H         -5.31890        1.98050       -0.14650
H         -3.77460        1.38490       -3.25760
H         -1.08980       -0.51130       -1.49760
H          2.54060        2.79020       -4.13200
H          4.32580        1.32190       -3.24630
H          3.74390       -0.59890       -1.79400
H          1.04480        0.19610        0.44060
H         -1.01490       -3.12430        1.44350
H          1.10210       -4.53520        1.71140
H          1.62380       -3.50990        3.60170
H          2.69850       -3.28670        0.30600
H          3.58130       -2.46630        2.79790
H          3.30300       -0.96460        0.75850
H          1.45680       -1.13440        2.91400
H         -1.16130       -3.67290       -2.02080

