HF BASIS=def2-svp cutoff=1.0e-9 denserms=1.0e-6  zmake GRADIENT DIPOLE CHARGE=+1

C          1.28160       -3.45610       -1.36010
O          0.54220       -4.05750       -0.30160
C         -0.55640       -3.37840        0.15430
C         -1.19940       -2.35660       -0.54680
C         -2.26030       -1.64530        0.04080
C         -2.77570       -2.06600        1.27840
C         -2.18470       -3.12850        1.96290
O         -2.60360       -3.58020        3.18790
C         -3.99060       -3.42540        3.47190
C         -1.03600       -3.73260        1.42510
O         -0.37430       -4.70640        2.13810
C          0.38640       -4.12290        3.20810
O          1.68090       -3.69000        2.76020
C          2.52110       -4.75930        2.30830
C          2.73800       -5.81760        3.39720
O          3.41650       -6.98660        2.91060
C          1.38830       -6.30170        3.93800
O          1.61790       -7.14830        5.07950
C          0.50100       -5.13570        4.35920
O          1.07380       -4.52210        5.52900
C          3.84450       -4.11850        1.89670
O          4.83600       -5.01710        1.69740
O          4.06080       -2.92920        1.69730
C         -2.79060       -0.41630       -0.58390
C         -2.01070        0.59350       -1.03970
O         -0.64320        0.63770       -1.07150
C          0.08480        0.61430        0.16690
O          1.47120        0.54180       -0.18470
C          2.34210        0.38990        0.94730
C          3.77900        0.21920        0.42910
O          3.92080       -1.04570       -0.22440
C          2.21710        1.61990        1.85800
O          2.99070        1.50420        3.05700
C          0.75040        1.84740        2.25330
O          0.62640        3.11160        2.92440
C         -0.18470        1.86080        1.03990
O          0.00210        3.09340        0.30880
C         -2.66280        1.74860       -1.68280
C         -1.94070        2.81550       -2.21550
C         -2.57550        3.91020       -2.79290
O         -4.00450        3.94930       -2.85580
C         -4.70850        2.83840       -2.33110
C         -4.04560        1.75980       -1.74360
C         -4.79100        0.69960       -1.22630
O         -4.18640       -0.38380       -0.63170
C         -6.18130        0.71150       -1.29920
C         -6.82460        1.79320       -1.89760
O         -8.18360        1.75470       -1.95200
C         -6.09940        2.85950       -2.41360
C         -1.90680        5.08960       -3.37670
C         -0.50540        5.23350       -3.46490
C          0.07670        6.37420       -4.03660
C         -0.73430        7.38720       -4.52750
O         -0.21770        8.51030       -5.09560
C         -2.11410        7.28100       -4.45520
C         -2.69390        6.14350       -3.88640
H          0.73430       -3.53270       -2.30410
H          1.53460       -2.41490       -1.13280
H          2.21710       -4.01350       -1.47180
H         -0.84830       -2.05780       -1.53140
H         -3.60880       -1.52420        1.71760
H         -4.21950       -2.38930        3.74260
H         -4.61540       -3.75960        2.63730
H         -4.22460       -4.05300        4.33610
H         -0.09660       -3.22300        3.61280
H          2.10010       -5.21060        1.40340
H          3.34290       -5.41480        4.21900
H          4.24890       -6.68230        2.49620
H          0.87660       -6.91620        3.18850
H          2.24750       -7.82880        4.76400
H         -0.49040       -5.50560        4.64820
H          1.27520       -5.27300        6.12700
H          5.60400       -4.47640        1.40970
H         -0.15180       -0.28710        0.73790
H          2.06130       -0.52320        1.48860
H          4.51680        0.26850        1.23710
H          4.01490        0.99300       -0.30960
H          3.99550       -1.71720        0.48720
H          2.58180        2.51530        1.33920
H          2.86190        0.61640        3.44160
H          0.43600        1.07050        2.96240
H          1.35760        3.13730        3.57740
H         -1.22830        1.88100        1.37320
H          0.18370        3.76090        1.00670
H         -0.85420        2.79630       -2.16530
H         -6.76470       -0.11780       -0.89980
H         -8.55880        2.55810       -2.35740
H         -6.57940        3.71040       -2.88160
H          0.17930        4.47150       -3.09460
H          1.15920        6.45350       -4.09170
H          0.74810        8.42860       -5.17110
H         -2.73950        8.08240       -4.84140
H         -3.78210        6.09010       -3.84480

