HF BASIS=def2-svp cutoff=1.0e-9 denserms=1.0e-6  zmake GRADIENT DIPOLE CHARGE=0

O          0.40200        0.98370       -1.20890
C          1.65400        0.82480       -0.74080
O          2.46900        0.11420       -1.31360
C          1.86970        1.52490        0.57430
C          1.07200        0.85530        1.69450
C          1.57090       -0.56240        1.99350
C          0.60580       -1.34180        2.84440
C         -0.35080       -2.16640        2.38150
C         -0.69970       -2.36980        0.93250
C          0.04490       -3.55760        0.31390
C         -0.04350       -3.56400       -1.21310
C          0.68320       -2.38620       -1.80530
O          2.01660       -2.46890       -1.64120
O          0.15780       -1.40480       -2.31330
H          0.28250        0.30760       -1.92400
H          2.94150        1.52090        0.80180
H          1.57110        2.57280        0.45920
H          1.15110        1.46420        2.60360
H          0.00920        0.83370        1.42290
H          1.76760       -1.11320        1.06820
H          2.53580       -0.51080        2.51280
H          0.73390       -1.24830        3.92160
H         -0.96040       -2.71010        3.10150
H         -0.49970       -1.44790        0.37680
H         -1.78170       -2.53080        0.85010
H         -0.38140       -4.49120        0.70120
H          1.09900       -3.54420        0.61820
H          0.39560       -4.48050       -1.62260
H         -1.08760       -3.53420       -1.54400
H          2.37880       -1.56600       -1.83170

