HF BASIS=def2-svp cutoff=1.0e-9 denserms=1.0e-6  zmake GRADIENT DIPOLE CHARGE=0

C          5.98100       -1.88590        1.02000
C          5.73970       -2.62670        2.34930
O          4.59070       -2.13630        3.05980
C          3.39370       -2.70460        2.74800
O          3.23700       -3.66330        2.00620
C          2.28070       -1.98460        3.47790
C          1.08580       -1.68220        2.57710
C          0.16620       -2.89050        2.38670
C         -1.04300       -2.54220        1.51610
C         -1.94140       -3.76350        1.30750
C         -3.16200       -3.42470        0.44810
C         -4.00880       -4.67000        0.17950
C         -5.25380       -4.33770       -0.64320
C         -6.05250       -5.60460       -0.96560
C         -7.33620       -5.26670       -1.72820
C         -8.19550       -6.49680       -2.04540
C         -7.55750       -7.41960       -3.08700
C         -8.47990       -8.57950       -3.44000
C          5.94700       -0.35850        1.17590
O          4.62460        0.10560        1.43020
P          4.46860        1.66620        1.75950
O          2.88220        1.84150        1.87460
O          5.18450        2.13860        2.97940
O          4.82920        2.41610        0.39060
C          4.78870        3.83400        0.41010
C          5.04960        4.35750       -1.00290
N          4.95240        5.81940       -1.06110
C          5.22070        6.30120       -2.40960
O          4.97930       -2.31800        0.07340
C          5.22560       -2.06540       -1.23560
O          6.25670       -1.57360       -1.67260
C          4.05540       -2.48610       -2.09030
C          2.75540       -1.79500       -1.68560
C          2.79500       -0.28410       -1.92570
C          1.51850        0.39240       -1.42470
C          1.57280        1.90440       -1.65310
C          0.38530        2.64010       -1.02560
C         -0.91090        2.35580       -1.72800
C         -1.97170        1.68450       -1.24940
C         -2.11450        1.00400        0.08200
C         -3.25510        1.57910        0.87320
C         -3.21680        2.15770        2.08640
C         -2.01760        2.40880        2.95500
C         -2.05890        3.78560        3.56630
C         -1.27460        4.84230        3.29550
C         -0.17160        4.92330        2.27830
C         -0.38520        6.02900        1.23790
C         -1.64520        5.83030        0.38890
C         -1.82290        6.89990       -0.69250
C         -0.78700        6.81280       -1.80560
H          6.96840       -2.19960        0.65820
H          5.65980       -3.70880        2.18720
H          6.59760       -2.46510        3.01090
H          2.67360       -1.02780        3.84360
H          1.99450       -2.57670        4.35320
H          1.43210       -1.32180        1.60210
H          0.50420       -0.87290        3.03470
H          0.71520       -3.71650        1.92180
H         -0.18150       -3.24480        3.36390
H         -0.70180       -2.16590        0.54450
H         -1.61790       -1.73880        1.98630
H         -2.27460       -4.14710        2.27630
H         -1.36410       -4.56270        0.82820
H         -3.77130       -2.66600        0.95720
H         -2.83460       -2.99010       -0.50570
H         -4.31700       -5.12250        1.13260
H         -3.40580       -5.41620       -0.35390
H         -4.95940       -3.84150       -1.57590
H         -5.88440       -3.63360       -0.08700
H         -5.42210       -6.27910       -1.55830
H         -6.30430       -6.13110       -0.03750
H         -7.08850       -4.74090       -2.66150
H         -7.93780       -4.57970       -1.12160
H         -8.39430       -7.05420       -1.12110
H         -9.16480       -6.14810       -2.41970
H         -6.61250       -7.82540       -2.70760
H         -7.32620       -6.84990       -3.99480
H         -8.68110       -9.20330       -2.55920
H         -8.01250       -9.21330       -4.20140
H         -9.43570       -8.21580       -3.83340
H          6.29480        0.12380        0.25590
H          6.61300       -0.04640        1.99030
H          2.58990        1.65140        2.78420
H          5.55150        4.20800        1.10150
H          3.80300        4.15860        0.76430
H          6.04510        4.02310       -1.32110
H          4.33070        3.90220       -1.69740
H          4.01570        6.11010       -0.78520
H          4.49810        5.89640       -3.12530
H          5.13970        7.39360       -2.42880
H          6.23330        6.03690       -2.73000
H          3.95380       -3.57420       -2.00730
H          4.29190       -2.26330       -3.13690
H          1.93300       -2.22980       -2.26570
H          2.53730       -1.99320       -0.63100
H          3.65550        0.15490       -1.40980
H          2.92440       -0.08780       -2.99670
H          0.65290       -0.03860       -1.93920
H          1.39100        0.18570       -0.35610
H          2.48980        2.30450       -1.20870
H          1.62550        2.11420       -2.72740
H          0.33530        2.40670        0.04060
H          0.56930        3.71860       -1.08890
H         -0.98730        2.77270       -2.73280
H         -2.83450        1.58800       -1.90830
H         -2.33760       -0.05330       -0.11010
H         -1.18110        1.00960        0.64870
H         -4.23360        1.48080        0.40090
H         -4.17210        2.46890        2.51050
H         -2.03100        1.68110        3.77490
H         -1.08310        2.24210        2.41650
H         -2.82230        3.91820        4.33210
H         -1.44710        5.75600        3.86360
H         -0.03110        3.97330        1.76250
H          0.76520        5.12530        2.81450
H          0.49810        6.05340        0.59330
H         -0.43620        7.00400        1.74420
H         -2.53060        5.86610        1.04000
H         -1.63330        4.83690       -0.07140
H         -1.79750        7.90000       -0.24310
H         -2.81880        6.77520       -1.13770
H          0.22090        7.02490       -1.43780
H         -0.78930        5.81690       -2.26320
H         -1.01520        7.54570       -2.58590

