HF BASIS=def2-svp cutoff=1.0e-9 denserms=1.0e-6  zmake GRADIENT DIPOLE CHARGE=0

C         -0.21230        2.20320       -5.54540
O          0.34230        0.92900       -5.24780
C          0.28180        0.47730       -3.95360
C         -0.25720        1.10780       -2.82490
O         -0.82400        2.35240       -2.94030
C         -0.21210        0.45700       -1.57250
C          0.35940       -0.80690       -1.45020
O          0.42740       -1.48830       -0.26540
C         -0.09040       -0.90130        0.87650
C         -0.64450        0.32630        0.92370
O         -1.13870        0.85800        2.10560
C         -0.64570        2.16500        2.39080
C         -0.76110        1.08100       -0.35720
O         -1.29330        2.18560       -0.43620
C          0.06270       -1.75670        2.07330
C         -1.02890       -2.04870        2.90890
C         -0.84840       -2.86890        4.01830
O         -1.87780       -3.17380        4.86640
C          0.40220       -3.41080        4.29930
O          0.56780       -4.21540        5.38940
C          1.48920       -3.14570        3.48230
C          1.31810       -2.32070        2.36760
C          0.89640       -1.44140       -2.56430
C          0.85240       -0.79610       -3.79320
O          1.39110       -1.44730       -4.87200
H         -1.28950        2.22320       -5.35300
H          0.31900        3.00110       -5.01750
H         -0.07350        2.37860       -6.61710
H         -1.16710        2.63270       -2.06130
H         -1.26450        2.92440        1.90520
H         -0.72030        2.31990        3.47140
H          0.40600        2.27910        2.10540
H         -2.00760       -1.63420        2.68580
H         -2.67300       -2.70620        4.55710
H         -0.31950       -4.25880        5.79860
H          2.45980       -3.57670        3.70830
H          2.17620       -2.11820        1.72960
H          1.34440       -2.42760       -2.48270
H          1.26120       -0.83930       -5.62730

