HF BASIS=def2-svp cutoff=1.0e-9 denserms=1.0e-6  zmake GRADIENT DIPOLE CHARGE=0

C          4.11690       -2.29490       -1.76600
O          2.79170       -1.84640       -1.48750
C          2.64610       -0.80250       -0.60890
C          1.32490       -0.32480       -0.43210
C          0.19250       -0.95540       -1.23520
O         -0.77090        0.03780       -1.64590
C         -1.72000       -0.49970       -2.58230
C         -2.63270        0.62580       -3.08750
O         -3.43560        0.20410       -4.18510
C         -2.53890       -1.62450       -1.92530
O         -3.45240       -2.21410       -2.85840
C         -1.59560       -2.70510       -1.37470
O         -2.38170       -3.66210       -0.64640
C         -0.52570       -2.08700       -0.46440
O         -1.21440       -1.61420        0.71390
C          1.10150        0.70460        0.50690
C          2.16760        1.27570        1.20340
C          3.46590        0.81300        0.99560
O          4.55790        1.32470        1.64540
C          3.70460       -0.22760        0.10320
C          1.89140        2.35760        2.15730
O          2.79500        2.89700        2.78790
C          0.49150        2.76100        2.33140
C         -0.45240        2.11770        1.63330
O         -0.19650        1.10480        0.72750
C         -1.88150        2.46100        1.75720
C         -2.48260        2.65430        3.01360
C         -3.83690        2.96430        3.08900
O         -4.46780        3.16660        4.28700
C         -4.60010        3.07850        1.93130
O         -5.92620        3.38720        2.01580
C         -4.03060        2.87860        0.68320
C         -2.67190        2.56760        0.59760
H          4.05050       -3.07840       -2.52730
H          4.56900       -2.73530       -0.87090
H          4.73090       -1.48580       -2.17390
H          0.61700       -1.36300       -2.16120
H         -1.18440       -0.89990       -3.45400
H         -3.29370        0.99200       -2.29210
H         -2.03190        1.48040       -3.41580
H         -3.80090       -0.67500       -3.94930
H         -3.14510       -1.21900       -1.10540
H         -3.76680       -3.03560       -2.42620
H         -1.12580       -3.24630       -2.20410
H         -2.42970       -3.31330        0.27010
H          0.17570       -2.85860       -0.12780
H         -1.25430       -0.63820        0.65220
H          4.25410        2.04520        2.24310
H          4.72900       -0.56860       -0.00870
H          0.29480        3.57080        3.02080
H         -1.89610        2.55350        3.92100
H         -3.83390        2.99560        5.00400
H         -6.09690        3.49320        2.97330
H         -4.63560        2.96870       -0.21380
H         -2.22690        2.42310       -0.38590

