HF BASIS=def2-svp cutoff=1.0e-9 denserms=1.0e-6  zmake GRADIENT DIPOLE CHARGE=0

C         -2.99890        0.52490       -3.81440
O         -3.10460        0.34560       -2.40760
C         -2.01520       -0.15870       -1.74840
C         -2.19440       -0.44860       -0.38500
O         -3.41890       -0.28750        0.21120
C         -3.56220        1.04730        0.69560
C         -1.14260       -0.98920        0.35680
C          0.09650       -1.22390       -0.22190
C          0.28780       -0.92110       -1.56800
C         -0.76350       -0.38870       -2.33280
C          1.61190       -1.16810       -2.19620
O          1.82070       -0.90930       -3.37400
O          2.60800       -1.70830       -1.37860
C          2.39500       -2.01190       -0.01760
C          1.15690       -1.77670        0.56970
C          0.96570       -2.08280        1.91950
C          2.01650       -2.62270        2.67400
C          3.24590       -2.84850        2.06210
O          4.26600       -3.37400        2.80030
C          3.44340       -2.54650        0.71840
O          4.67000       -2.78790        0.16810
C         -0.35460       -1.82980        2.55060
O         -0.55740       -2.07140        3.73280
O         -1.34470       -1.29560        1.72350
H         -2.26070        1.29610       -4.05660
H         -3.97100        0.86780       -4.18150
H         -2.76630       -0.41910       -4.31820
H         -2.78810        1.28670        1.43320
H         -4.53510        1.12110        1.19050
H         -3.54320        1.77460       -0.12300
H         -0.57920       -0.16600       -3.38050
H          1.88180       -2.86540        3.72580
H          5.02200       -3.44960        2.18350
H          4.62260       -2.52110       -0.77070

