HF BASIS=def2-svp cutoff=1.0e-9 denserms=1.0e-6  zmake GRADIENT DIPOLE CHARGE=0

C          4.21970        3.84570       -4.99380
C          5.41990        4.45470       -5.73650
O          6.60360        4.52110       -4.94270
C          2.93250        4.00550       -5.80860
O          2.54800        5.38610       -5.83160
C          1.30870        5.61100       -6.34980
O          0.58530        4.75490       -6.84020
C          0.91920        7.05830       -6.18290
C          0.01450        7.24710       -4.96730
C          0.78580        7.15020       -3.64750
C         -0.14980        7.23580       -2.44010
C          0.63450        7.14410       -1.12950
C         -0.29690        7.04860        0.08080
C          0.50630        6.94460        1.37870
C         -0.36140        6.76330        2.62750
C         -1.24400        5.50990        2.64890
C         -0.46860        4.21170        2.40920
C         -1.36680        2.98540        2.58660
C         -0.70680        1.68110        2.12980
C          0.51950        1.29080        2.95700
C          1.13360       -0.02010        2.45610
C          2.33610       -0.42670        3.31220
C          2.98290       -1.74430        2.87200
C          3.60470       -1.74330        1.46330
C          4.70780       -0.69490        1.31120
C          4.16420       -3.13140        1.14250
O          4.41680        2.42680       -4.79500
C          5.12980        2.06900       -3.69490
O          5.69520        2.86030       -2.95090
C          5.15870        0.57020       -3.52550
C          3.76270       -0.05590       -3.50380
C          2.94000        0.38760       -2.28870
C          1.47700       -0.06130       -2.34600
C          1.29480       -1.57810       -2.26430
C         -0.16690       -2.01710       -2.40200
C         -1.07330       -1.50240       -1.28140
C         -2.48750       -2.07020       -1.41600
C         -3.48130       -1.46730       -0.41900
C         -3.12940       -1.64500        1.06010
C         -3.03410       -3.10700        1.49610
C         -2.78750       -3.21720        3.00260
C         -2.68390       -4.67970        3.44030
C         -2.46590       -4.78910        4.95040
C         -2.24930       -6.22630        5.43180
C         -3.46880       -7.12860        5.22540
C         -3.24980       -8.50430        5.86170
C         -4.37810       -9.49740        5.56980
C         -5.72600       -9.07700        6.15990
C         -6.77820      -10.16910        5.96480
C         -8.12650       -9.75090        6.52980
H          4.09010        4.34660       -4.02510
H          5.19930        5.47570       -6.06320
H          5.66330        3.85590       -6.61930
H          6.41980        4.15880       -4.05050
H          2.13950        3.40470       -5.34610
H          3.07690        3.64320       -6.83470
H          1.81440        7.68720       -6.12350
H          0.39200        7.35640       -7.09660
H         -0.78860        6.49990       -4.98150
H         -0.46250        8.23280       -5.02930
H          1.33350        6.20250       -3.60120
H          1.52920        7.95550       -3.59840
H         -0.71220        8.17700       -2.46690
H         -0.88050        6.41950       -2.49190
H          1.28760        8.02000       -1.02980
H          1.28360        6.26000       -1.15240
H         -0.94960        7.92860        0.12160
H         -0.94180        6.17130       -0.03950
H          1.22840        6.12350        1.30840
H          1.10010        7.85880        1.50370
H         -1.00280        7.64420        2.75240
H          0.30120        6.73860        3.50190
H         -1.74070        5.45980        3.62600
H         -2.04250        5.60450        1.90420
H          0.37340        4.16330        3.10830
H         -0.05660        4.20640        1.39420
H         -2.28500        3.12400        2.00190
H         -1.67020        2.89800        3.63660
H         -0.43160        1.76330        1.07120
H         -1.45180        0.88080        2.20040
H          0.23120        1.18740        4.00930
H          1.27990        2.07810        2.90390
H          0.38030       -0.81680        2.47950
H          1.43880        0.10960        1.41170
H          2.00530       -0.54410        4.35250
H          3.08160        0.37690        3.32020
H          3.75990       -2.00240        3.60410
H          2.22950       -2.54140        2.93170
H          2.82390       -1.52860        0.72590
H          5.48030       -0.81620        2.07790
H          5.18930       -0.77550        0.33090
H          4.30340        0.31980        1.38910
H          3.37850       -3.89210        1.20750
H          4.96300       -3.40910        1.83880
H          4.57500       -3.16080        0.12680
H          5.74990        0.15300       -4.34780
H          5.68650        0.33670       -2.59330
H          3.88060       -1.14460       -3.48900
H          3.22440        0.19200       -4.42540
H          3.40450        0.00910       -1.37150
H          2.94650        1.48200       -2.21870
H          0.95480        0.41460       -1.50830
H          1.01620        0.31830       -3.26620
H          1.86060       -2.06500       -3.06650
H          1.70130       -1.95140       -1.31760
H         -0.19450       -3.11380       -2.41180
H         -0.55650       -1.68320       -3.37160
H         -1.12620       -0.40840       -1.31070
H         -0.64330       -1.78520       -0.31450
H         -2.85990       -1.86890       -2.42820
H         -2.46310       -3.16090       -1.31170
H         -4.46950       -1.90580       -0.60510
H         -3.57850       -0.39400       -0.62330
H         -2.18950       -1.13130        1.28550
H         -3.90210       -1.14200        1.65400
H         -2.21640       -3.60580        0.96310
H         -3.96130       -3.63030        1.23590
H         -3.60470       -2.72710        3.54550
H         -1.86200       -2.68800        3.26380
H         -1.85380       -5.16410        2.91100
H         -3.60330       -5.20340        3.15560
H         -3.32150       -4.35210        5.48010
H         -1.58500       -4.19830        5.23050
H         -2.00570       -6.19190        6.50100
H         -1.37870       -6.65710        4.92260
H         -3.66550       -7.25580        4.15510
H         -4.34880       -6.64790        5.66660
H         -3.12820       -8.39470        6.94630
H         -2.31330       -8.93110        5.48110
H         -4.09130      -10.47150        5.98620
H         -4.47750       -9.63320        4.48520
H         -5.61030       -8.86570        7.22990
H         -6.07370       -8.15340        5.68300
H         -6.88960      -10.39290        4.89720
H         -6.45310      -11.09190        6.46010
H         -8.86150      -10.54920        6.38890
H         -8.05490       -9.53810        7.60080
H         -8.50040       -8.85340        6.02750

