HF BASIS=def2-svp cutoff=1.0e-9 denserms=1.0e-6  zmake GRADIENT DIPOLE CHARGE=0

C         -5.75190        2.89340        1.21530
C         -5.50940        2.34920       -0.19480
C         -5.49510        3.50380       -1.19760
C         -4.20550        1.53040       -0.22100
C         -3.95480        0.82460       -1.55710
C         -2.71750       -0.07490       -1.48480
C         -2.46040       -0.77170       -2.82300
C         -1.30390       -1.77520       -2.77210
C          0.05580       -1.11850       -2.52090
C          1.23140       -2.09180       -2.65650
C          1.21540       -3.28890       -1.69990
C          1.12610       -2.94870       -0.20910
C          2.29690       -2.10030        0.29230
C          2.20560       -1.87200        1.80480
C          3.38100       -1.05700        2.34550
N          3.30040        0.30140        1.82710
C          4.18690        1.17200        2.13270
C          4.14550        2.57400        1.62130
O          5.24010        0.94750        2.93680
H         -5.80770        2.07740        1.94360
H         -4.94770        3.56990        1.52420
H         -6.69640        3.44570        1.26260
H         -6.34650        1.68580       -0.44690
H         -6.40460        4.10780       -1.10700
H         -5.45290        3.13720       -2.22760
H         -4.63530        4.16200       -1.03310
H         -3.35340        2.18180        0.01190
H         -4.24810        0.77380        0.57320
H         -4.83120        0.22210       -1.82440
H         -3.81110        1.56420       -2.35260
H         -2.85590       -0.82760       -0.69930
H         -1.84990        0.53290       -1.20430
H         -2.26440       -0.02270       -3.59990
H         -3.36660       -1.31080       -3.12610
H         -1.27170       -2.30930       -3.72970
H         -1.51320       -2.52260       -1.99850
H          0.20100       -0.30780       -3.24580
H          0.07780       -0.65390       -1.52980
H          1.25750       -2.47440       -3.68480
H          2.16490       -1.53240       -2.52270
H          2.12400       -3.87920       -1.87400
H          0.37730       -3.94730       -1.95780
H          1.10160       -3.89140        0.35200
H          0.17920       -2.44000        0.00530
H          3.24230       -2.60210        0.05340
H          2.30280       -1.13350       -0.22220
H          2.18970       -2.84250        2.31530
H          1.26250       -1.36500        2.04390
H          3.32010       -1.04500        3.44010
H          4.32400       -1.53380        2.05300
H          3.30350        2.70360        0.93550
H          5.07300        2.79750        1.08720
H          4.02930        3.26560        2.46010
H          5.25100        0.03950        3.26750

