HF BASIS=def2-svp cutoff=1.0e-9 denserms=1.0e-6  zmake GRADIENT DIPOLE CHARGE=0

C          3.59620       -2.82200        1.21400
O          2.95700       -1.96630        0.26630
C          1.83890       -1.34010        0.74770
O          1.39650       -1.49330        1.88060
C          1.25320       -0.40500       -0.34430
N         -0.25570       -0.41690       -0.35000
C         -0.78180       -1.79380       -0.48400
C         -2.31550       -1.81510       -0.41020
C         -2.89900       -0.92650       -1.49830
S         -4.68010       -0.63670       -1.29080
C         -4.49190        1.10300       -1.26970
O         -5.41250        1.89930       -1.20960
C         -3.07550        1.48460       -1.32960
C         -2.26660        0.42360       -1.43580
C         -0.77240        0.44020       -1.43660
C          1.83230        0.99080       -0.11110
C          1.38490        1.74520        0.99450
C          1.89890        3.01520        1.25870
C          2.87540        3.55510        0.42860
C          3.33930        2.82280       -0.66330
C          2.82650        1.54820       -0.93190
Cl          3.46650        0.71660       -2.30420
H          4.47430       -3.26250        0.73390
H          2.92320       -3.63120        1.51440
H          3.92890       -2.24880        2.08500
H          1.56470       -0.81220       -1.31290
H         -0.41980       -2.43370        0.32690
H         -0.44750       -2.24610       -1.42720
H         -2.62730       -1.47980        0.58880
H         -2.67230       -2.84540       -0.52870
H         -2.73080       -1.37040       -2.48630
H         -2.78230        2.51950       -1.25480
H         -0.43610        1.47540       -1.31240
H         -0.40770        0.09660       -2.41360
H          0.62390        1.33560        1.66020
H          1.53730        3.57860        2.11580
H          3.27900        4.54360        0.63340
H          4.10690        3.25220       -1.30300

