HF BASIS=def2-svp cutoff=1.0e-9 denserms=1.0e-6  zmake GRADIENT DIPOLE CHARGE=0

O         -1.33330       -3.13000        1.00080
C         -1.49240       -1.92630        0.23450
C         -0.89930       -0.72950        1.00100
O          0.08220       -1.21270        1.94060
C         -0.30450        0.31600        0.02940
O         -0.37370        1.59640        0.68450
C          0.80520        2.28610        0.57980
C          1.94170        1.93800        1.31050
O          1.89590        0.85770        2.14940
C          3.10940        2.68920        1.18720
C          3.13360        3.80760        0.33660
C          1.98600        4.17290       -0.37800
C          0.83030        3.41430       -0.23980
O         -0.28620        3.79720       -0.92760
C          4.39680        4.57610        0.23710
O          4.31340        5.61570       -0.60870
O          5.42350        4.32320        0.83990
O         -1.10550        0.37500       -1.15900
C         -0.94670       -0.82090       -1.96570
C         -0.83090       -2.10960       -1.13500
O          0.56390       -2.40810       -0.93300
C         -2.16250       -0.89750       -2.88790
O         -2.87860        0.25660       -2.88900
O         -2.47680       -1.86480       -3.56270
H         -0.73600       -2.88530        1.74240
H         -2.56680       -1.76660        0.08490
H         -1.69240       -0.27900        1.60970
H          0.60100       -0.42740        2.22380
H          0.72950        0.06090       -0.24140
H          2.75330        0.78980        2.61040
H          4.00520        2.42400        1.74390
H          1.98090        5.04140       -1.03110
H         -1.00500        3.21330       -0.61990
H          5.20250        6.02760       -0.57930
H         -0.06570       -0.66940       -2.60030
H         -1.24440       -2.98130       -1.65320
H          0.57620       -3.18880       -0.34170
H         -2.44670        0.89650       -2.27850

