HF BASIS=def2-svp cutoff=1.0e-9 denserms=1.0e-6  zmake GRADIENT DIPOLE CHARGE=0

O          4.13880       -2.51760        2.26800
C          3.93360       -1.10500        2.35690
C          2.50120       -0.83190        2.82280
O          1.62780       -1.38390        1.81830
C          0.24070       -1.34640        2.18880
O          0.00680       -2.07530        3.40200
C         -0.13840       -3.41200        3.25270
O         -0.10540       -4.03240        2.20350
C         -0.36050       -4.06210        4.57150
C         -0.22240       -3.36330        5.78110
C         -0.43230       -4.03170        6.98010
O         -0.29370       -3.35220        8.15610
C         -0.77640       -5.37690        6.98950
O         -0.97530       -6.00340        8.18910
C         -0.91380       -6.07330        5.79480
O         -1.25340       -7.39550        5.86480
C         -0.70690       -5.42640        4.58090
C         -0.23000        0.11070        2.38410
O         -0.30960        0.81590        1.11640
C         -1.44430        0.52240        0.41960
O         -2.30290       -0.26560        0.78610
C         -1.55170        1.28390       -0.85090
C         -0.48420        1.99850       -1.39790
C         -0.67250        2.65720       -2.60750
O          0.33710        3.35160       -3.21980
C         -1.90700        2.63360       -3.26980
O         -1.98470        3.29510       -4.46340
C         -2.98220        1.93490       -2.73260
O         -4.23970        1.78530       -3.23830
C         -4.70230        2.62890       -4.29440
O         -6.10270        2.88970       -4.07730
C         -7.01120        1.81630       -4.36960
C         -6.33590        0.51070       -4.79640
O         -7.27720       -0.49760       -5.17840
C         -5.35890        0.76910       -5.94680
O         -4.58380       -0.42590       -6.14980
C         -4.45780        1.99140       -5.68630
O         -4.68910        2.95020       -6.73790
C         -7.90910        2.33660       -5.48340
O         -9.21150        2.03530       -5.32690
O         -7.53090        2.98580       -6.45130
C         -2.78580        1.25160       -1.52530
C          0.71180        0.85010        3.34810
O          0.38890        2.24610        3.39040
C          2.20660        0.65630        3.05320
O          2.56780        1.44900        1.89680
C          3.73430        2.13780        2.00650
O          4.49820        2.11810        2.95720
C          3.97310        2.97130        0.80690
C          3.36130        2.68170       -0.41900
C          3.60780        3.50660       -1.50610
O          2.98740        3.25220       -2.69620
C          4.47070        4.58860       -1.39300
O          4.69390        5.37060       -2.49220
C          5.09610        4.86550       -0.18380
O          5.93770        5.93980       -0.13380
C          4.85350        4.06280        0.92450
H          3.40040       -2.86000        1.72530
H          4.66760       -0.70210        3.06070
H          4.12350       -0.69200        1.36110
H          2.34040       -1.39130        3.75330
H         -0.31540       -1.79650        1.35930
H          0.04930       -2.31270        5.80850
H         -0.48530       -4.01540        8.85080
H         -1.20650       -6.92450        7.94700
H         -1.31140       -7.75000        4.95890
H         -0.81020       -5.96240        3.64060
H         -1.22310        0.13180        2.85490
H          0.47330        2.03100       -0.89550
H          1.19090        3.16060       -2.77630
H         -1.09920        3.69530       -4.59160
H         -4.25590        3.62530       -4.23420
H         -7.63460        1.66150       -3.48200
H         -5.79260        0.08350       -3.94600
H         -6.73430       -1.24450       -5.50410
H         -5.92050        0.89190       -6.88120
H         -4.00370       -0.25230       -6.91460
H         -3.41090        1.68700       -5.77920
H         -5.61250        3.27580       -6.65280
H         -9.65550        2.41690       -6.11140
H         -3.61800        0.68810       -1.10180
H          0.52620        0.45830        4.35680
H          0.46930        2.57050        2.47360
H          2.75880        1.00720        3.93350
H          2.71810        1.81570       -0.53330
H          3.39420        3.89640       -3.31990
H          5.32240        6.05600       -2.18210
H          6.31690        5.99800        0.76220
H          5.33260        4.26790        1.87880

