HF BASIS=def2-svp cutoff=1.0e-9 denserms=1.0e-6  zmake GRADIENT DIPOLE CHARGE=0

C         -0.64480       -1.62360        3.55960
C         -0.16380       -1.38560        2.11060
C         -0.02170       -2.76160        1.42830
C          1.23090       -0.72600        2.15430
O          1.14570        0.63570        2.56050
C         -1.22260       -0.50040        1.39030
O         -2.43120       -1.24310        1.17990
C         -0.74440        0.07230        0.03820
O         -0.99750       -0.48980       -1.02640
N         -0.03770        1.24680        0.13100
C          0.58620        1.89000       -1.00510
C          1.87520        1.21220       -1.45540
C          2.99970        1.35640       -0.45210
N          4.21990        0.96260       -0.92050
O          2.87150        1.74230        0.70520
H         -1.61610       -2.13030        3.58140
H         -0.74940       -0.67860        4.10430
H          0.06390       -2.24890        4.11450
H          0.28330       -2.65620        0.38160
H          0.73590       -3.37330        1.93220
H         -0.96030       -3.32590        1.44920
H          1.70220       -0.76250        1.16620
H          1.89690       -1.24830        2.85020
H          2.00270        1.05070        2.31030
H         -1.49800        0.35010        2.02630
H         -2.38890       -1.56350        0.25620
H          0.29060        1.51060        1.06170
H         -0.13260        1.88410       -1.83210
H          0.77120        2.93160       -0.72210
H          2.20180        1.66790       -2.39770
H          1.71290        0.14300       -1.63230
H          4.38070        0.69570       -1.88250
H          5.01980        1.05810       -0.30780

