HF BASIS=def2-svp cutoff=1.0e-9 denserms=1.0e-6  zmake GRADIENT DIPOLE CHARGE=0

C         -0.49140        7.56230       -3.35120
O         -0.48770        6.62470       -2.28350
C          0.70430        6.34300       -1.67440
C          1.82190        7.18390       -1.77540
C          3.00800        6.87740       -1.10940
C          3.08330        5.73440       -0.32230
C          1.97210        4.88910       -0.20650
C          0.78280        5.17730       -0.88150
C         -0.35200        4.22340       -0.75970
O         -1.40180        4.36860       -1.37860
C         -0.24060        3.03660        0.11950
C          0.93960        2.78730        0.81540
C          1.03410        1.66650        1.66050
O          2.18250        1.36980        2.34870
C         -0.04610        0.78980        1.81130
C          0.03140       -0.44280        2.68830
C         -1.31460       -0.78770        3.38150
O         -1.33410       -0.01270        4.61870
C         -2.57450       -0.38400        2.57900
C         -2.30040       -0.04880        1.10910
O         -1.88820       -1.25730        0.45690
C         -2.04400       -1.21670       -0.96750
C         -2.17970       -2.64840       -1.48670
C         -0.85020       -3.40060       -1.37940
N         -1.04000       -4.73730       -1.97380
C         -0.16000       -5.64100       -1.71140
O          0.90410       -5.38690       -0.90050
C         -0.20940       -7.06750       -2.26450
F         -1.28590       -7.77460       -1.82900
F          0.89390       -7.76710       -1.85530
F         -0.20950       -7.12170       -3.62150
C          0.25120       -2.59570       -2.10010
O         -0.02750       -2.55280       -3.50750
C          0.29410       -1.18220       -1.48460
C          1.32970       -0.27920       -2.14740
O         -0.97120       -0.52460       -1.60550
C         -1.21320        0.99990        1.05470
C         -1.31370        2.13450        0.23980
O         -2.49500        2.30970       -0.43920
C         -1.36080       -2.26600        3.85740
O         -0.24810       -2.52140        4.74310
C         -1.33420       -3.33800        2.76580
O         -1.36860       -4.62590        3.38900
C          2.09020        3.69020        0.64330
O          3.14920        3.43340        1.20990
H          0.24840        7.30010       -4.11370
H         -1.47920        7.52950       -3.82010
H         -0.33590        8.57940       -2.97920
H          1.79610        8.09830       -2.36090
H          3.87000        7.53310       -1.20050
H          4.01160        5.50470        0.19840
H          2.86310        2.04620        2.13500
H          0.79690       -0.29980        3.46150
H          0.37220       -1.26120        2.04540
H         -2.21860       -0.09970        5.01790
H         -3.32080       -1.18670        2.62790
H         -3.04630        0.49100        3.04690
H         -3.24560        0.30350        0.68060
H         -2.97160       -0.68850       -1.21860
H         -2.95180       -3.18630       -0.92390
H         -2.49930       -2.62240       -2.53530
H         -0.60050       -3.49700       -0.31540
H          1.47940       -6.17140       -0.80850
H          1.22550       -3.08160       -1.98300
H          0.63160       -1.98490       -3.93400
H          0.55360       -1.26080       -0.42170
H          2.32000       -0.74330       -2.15200
H          1.04630       -0.02470       -3.17410
H          1.39790        0.67150       -1.60880
H         -2.40160        3.09820       -1.02230
H         -2.25050       -2.42060        4.48200
H         -0.15860       -1.70760        5.28220
H         -2.19590       -3.26770        2.09900
H         -0.41400       -3.30100        2.17750
H         -0.71840       -4.56380        4.11810

