HF BASIS=def2-svp cutoff=1.0e-9 denserms=1.0e-6  zmake GRADIENT DIPOLE CHARGE=0

C          2.41560       -0.54660       -1.67490
O          1.94670       -0.35930       -0.34480
C          0.87180       -1.10880        0.04640
C          0.24720       -0.70150        1.24450
O          0.75050        0.39930        1.91390
C          1.81200       -0.00760        2.78290
C         -0.94800       -1.29120        1.73520
C         -1.45420       -2.39570        1.03230
C         -0.80450       -2.82250       -0.10960
C          0.32270       -2.19900       -0.60100
O          0.76300       -2.80240       -1.74100
C         -0.22100       -3.83750       -1.92350
O         -1.20350       -3.87580       -0.87440
C         -1.66260       -0.75700        2.95460
O         -3.10680       -0.75940        2.94000
C         -2.47970        0.52270        2.90050
C         -2.69330        1.29450        1.63920
O         -1.53810        2.07770        1.41880
S         -1.14260        2.48540       -0.09630
O          0.45690        2.63730        0.01960
O         -1.70090        3.78970       -0.36880
O         -1.38400        1.35860       -0.96960
H          2.91690       -1.51360       -1.77950
H          1.61060       -0.42420       -2.40710
H          3.16010        0.23050       -1.87440
H          1.47370       -0.76850        3.49490
H          2.12980        0.87090        3.35220
H          2.67460       -0.37370        2.21680
H         -2.35700       -2.89940        1.36600
H          0.29160       -4.80540       -1.96080
H         -0.73120       -3.67360       -2.87980
H         -1.20010       -0.99120        3.90930
H         -2.51670        1.14330        3.78590
H         -2.90320        0.62210        0.80070
H         -3.55250        1.96340        1.75390
H          0.81050        1.80120        0.39980

