HF BASIS=def2-svp cutoff=1.0e-9 denserms=1.0e-6  zmake GRADIENT DIPOLE CHARGE=0

C         -2.20720        0.38480        2.25760
C         -0.89640        0.52530        1.49500
C         -0.09980       -0.79580        1.40900
C          1.30220       -0.58910        0.81030
N          2.12950       -1.83240        0.91030
C          3.25700       -1.53390        0.00880
C          2.62150       -0.88390       -1.21810
C          1.32100       -0.22390       -0.68970
C          0.05010       -0.70810       -1.44510
N         -0.11370        0.10430       -2.57060
C          0.48690        1.34410       -2.25590
C          1.32490        1.22810       -1.12270
C          2.02100        2.31800       -0.63060
C          1.87970        3.53440       -1.30260
C          1.07020        3.63050       -2.44490
O          0.99750        4.85010       -3.05700
C          0.36890        2.53340       -2.94420
C         -0.86900       -1.52520       -0.88330
C         -0.78700       -1.91260        0.58850
C         -0.00310       -3.20570        0.83670
C          1.46490       -3.07110        0.44440
C         -2.11990       -1.82880       -1.62420
O         -2.58760       -1.12780       -2.51080
O         -2.64610       -2.99420       -1.17130
C         -3.85120       -3.38080       -1.83210
H         -2.67000        1.36820        2.38990
H         -2.92070       -0.24430        1.71790
H         -2.04250       -0.04690        3.24970
H         -0.28200        1.27280        2.01240
H         -1.11660        0.93660        0.50560
H          0.02400       -1.14810        2.44400
H          1.81660        0.18510        1.39570
H          3.93180       -0.82360        0.50290
H          3.85460       -2.41660       -0.24490
H          2.40440       -1.63970       -1.98310
H          3.32960       -0.17520       -1.66390
H         -1.06950        0.15530       -2.93140
H          2.67170        2.23770        0.23310
H          2.41260        4.41430       -0.95040
H          0.42120        4.77030       -3.83500
H         -0.25250        2.59930       -3.82780
H         -1.79810       -2.05690        0.98620
H         -0.45340       -4.04050        0.28610
H         -0.06690       -3.46670        1.90130
H          1.52140       -3.18840       -0.64480
H          2.01650       -3.92570        0.85560
H         -4.63200       -2.62990       -1.67570
H         -4.18790       -4.32580       -1.39700
H         -3.67020       -3.53630       -2.90030

