HF BASIS=def2-svp cutoff=1.0e-9 denserms=1.0e-6  zmake GRADIENT DIPOLE CHARGE=0

C          0.70240        4.93900       -0.86360
O          0.90190        3.53170       -0.92080
C          0.60440        2.86550        0.31350
C          1.74840        3.12380        1.30550
C          1.82040        2.01960        2.36440
C          2.68700        2.37440        3.63010
C          4.13400        2.80660        3.31170
C          2.04280        3.58120        4.37130
C          2.65400        1.16580        4.61650
C          3.01020       -0.15800        3.94130
C          2.09340       -0.45280        2.75830
C          2.11060        0.64650        1.66240
C          3.45910        0.59290        0.90330
C          1.01500        0.39190        0.58600
C          0.31630        1.39710       -0.00570
C         -0.82240        1.13090       -1.04330
C         -2.07000        1.97800       -0.64930
C         -0.43680        1.51380       -2.51790
O          0.97080        1.48280       -2.75700
C         -1.08560        0.48530       -3.45830
C         -1.91280       -0.45940       -2.57940
C         -2.21530       -1.88250       -3.15820
C         -1.09710       -2.45790       -4.04040
C         -3.58070       -1.86760       -3.91690
C         -4.08950       -3.26030       -4.35280
C         -4.35720       -4.17770       -3.18890
C         -3.79400       -5.37460       -2.92520
C         -2.77650       -6.08230       -3.76700
C         -4.23490       -6.04780       -1.67350
O         -3.53960       -7.16960       -1.42460
O         -5.10710       -5.67130       -0.91180
O         -3.43450       -1.04170       -5.09400
C         -4.53190       -0.34020       -5.48500
C         -4.22090        0.45220       -6.71810
O         -5.62650       -0.36480       -4.94060
C         -1.21840       -0.39500       -1.17900
C         -2.20180       -0.87330       -0.08330
C          0.05440       -1.25660       -1.11390
C          0.80920       -1.05810        0.19250
O          3.57890        1.39940        5.69920
C          3.27300        0.82570        6.89450
C          4.32020        1.16940        7.91010
O          2.28060        0.15120        7.12780
H          0.86300        5.34610       -1.86450
H         -0.32180        5.17260       -0.55720
H          1.41800        5.40640       -0.18260
H         -0.30550        3.29070        0.75600
H          1.56390        4.09720        1.77240
H          2.70080        3.24210        0.77700
H          0.79530        1.93090        2.76470
H          4.17060        3.54210        2.50250
H          4.77970        1.96980        3.04770
H          4.60380        3.27900        4.18370
H          0.97710        3.41020        4.56030
H          2.14010        4.51030        3.80090
H          2.52140        3.75720        5.34190
H          1.63360        1.08850        5.01790
H          4.06320       -0.16780        3.63860
H          2.92050       -0.97530        4.66860
H          1.06960       -0.57700        3.13870
H          2.38820       -1.42430        2.34150
H          4.32340        0.72220        1.55130
H          3.60610       -0.37870        0.41640
H          3.52240        1.34610        0.11100
H         -2.34270        1.82830        0.40220
H         -1.89250        3.04980       -0.79100
H         -2.94910        1.74640       -1.25630
H         -0.78270        2.51900       -2.78360
H          1.34140        2.18430       -2.18090
H         -1.73940        0.98890       -4.17960
H         -0.31410       -0.03290       -4.03550
H         -2.89080        0.02530       -2.45780
H         -2.33560       -2.56090       -2.30670
H         -1.01650       -1.93510       -4.99860
H         -1.27930       -3.51350       -4.26190
H         -0.12170       -2.41240       -3.55070
H         -4.33020       -1.42880       -3.24220
H         -5.03430       -3.13610       -4.89910
H         -3.40820       -3.69140       -5.09120
H         -5.10360       -3.78870       -2.49270
H         -3.11210       -7.09830       -4.00230
H         -2.59020       -5.58760       -4.72230
H         -1.82020       -6.14160       -3.23660
H         -3.92590       -7.49490       -0.58440
H         -4.96380        1.24820       -6.83510
H         -3.23790        0.92350       -6.62610
H         -4.24670       -0.20400       -7.59190
H         -2.30730       -1.96400       -0.09140
H         -1.86970       -0.58200        0.91880
H         -3.20560       -0.45840       -0.22370
H         -0.18850       -2.32180       -1.20980
H          0.73180       -1.01870       -1.94180
H          0.28170       -1.57660        1.00110
H          1.77440       -1.56200        0.07830
H          4.18540        2.20150        8.24190
H          4.22330        0.49880        8.76870
H          5.31890        1.03100        7.48710

