HF BASIS=def2-svp cutoff=1.0e-9 denserms=1.0e-6  zmake GRADIENT DIPOLE CHARGE=0

C          2.59540       -0.39130       -3.27270
C          1.37720       -0.87350       -2.48940
C          1.78550       -1.39060       -1.11520
C          0.34710        0.24400       -2.33760
O          0.66870        1.43190       -2.37450
C         -1.10030       -0.19290       -2.16830
C         -2.02820        0.91600       -1.66320
C         -1.71320        1.42110       -0.23660
C         -2.68120        2.54540        0.15260
C         -1.73300        0.31660        0.80670
C         -2.87180       -0.46930        1.03110
C         -2.85900       -1.48730        1.98830
C         -1.70560       -1.74570        2.73570
C         -1.70410       -2.81450        3.78770
C         -0.57380       -0.95080        2.53070
C         -0.58640        0.06730        1.57410
H          3.29740       -1.21390       -3.44450
H          3.12860        0.40270       -2.73800
H          2.29710        0.00870       -4.24790
H          0.90860       -1.68280       -3.06230
H          2.53670       -2.18240       -1.20250
H          0.92650       -1.80430       -0.57750
H          2.20390       -0.58820       -0.49730
H         -1.13890       -1.05780       -1.49990
H         -1.44780       -0.52570       -3.15330
H         -3.05960        0.54370       -1.70820
H         -1.98110        1.76550       -2.35720
H         -0.71110        1.86780       -0.24800
H         -2.60160        3.38240       -0.54960
H         -2.45610        2.92730        1.15470
H         -3.72310        2.20680        0.15100
H         -3.78390       -0.29400        0.46560
H         -3.75930       -2.07650        2.14770
H         -0.70330       -3.24220        3.90850
H         -2.37600       -3.63430        3.51250
H         -2.02880       -2.39720        4.74580
H          0.32740       -1.11650        3.11670
H          0.31010        0.66840        1.43430

