HF BASIS=def2-svp cutoff=1.0e-9 denserms=1.0e-6  zmake GRADIENT DIPOLE CHARGE=0

C          6.69080       -1.35560       -3.19490
O          5.50580       -1.53740       -2.41420
C          5.32740       -0.54600       -1.48440
C          5.25190        0.79970       -1.85920
C          4.99550        1.79420       -0.90180
C          4.84730        3.24000       -1.32570
C          3.48240        3.98820       -1.11110
C          3.10630        4.10400        0.35890
C          3.78690        5.02710        1.17620
C          3.48650        5.13880        2.53640
O          4.10860        6.00190        3.39940
C          5.14100        6.83820        2.89570
C          2.49210        4.31640        3.09740
O          2.25300        4.48850        4.43540
C          1.42990        3.53500        5.09520
C          1.80420        3.40880        2.28580
C          2.10400        3.29130        0.91920
C          1.28510        2.34520        0.07660
C          1.71870        2.19780       -1.38120
N          2.26490        3.50300       -1.98620
C          2.67920        3.23890       -3.42520
C          1.20020        4.65930       -1.96250
C         -0.06560        4.37970       -2.76970
C         -1.11970        5.45860       -2.51160
O         -1.54240        5.46400       -1.13900
C         -2.50680        4.55610       -0.81680
O         -2.89970        3.66850       -1.56240
C         -2.98410        4.75660        0.59980
C         -2.18360        3.92510        1.59650
C         -2.51100        2.45530        1.52910
C         -2.98860        1.75250        2.57030
C         -3.34580        0.29490        2.51720
C         -4.84140        0.09310        2.70340
C         -5.16420       -1.36990        2.82320
O         -5.26450       -1.97070        3.88440
O         -5.31310       -1.93680        1.59060
C         -5.72510       -3.31230        1.62210
C         -5.50690       -3.91470        0.23390
C         -4.01050       -3.94090       -0.08780
N         -3.65410       -4.61140       -1.43860
C         -3.94360       -6.11390       -1.36300
C         -4.48120       -4.04440       -2.61400
C         -4.29060       -2.54040       -2.77920
C         -2.84610       -2.10940       -2.77610
C         -2.55110       -0.80930       -3.23480
C         -1.23870       -0.33490       -3.27920
O         -0.88410        0.91480       -3.72090
C         -1.82870        1.58650       -4.54800
C         -0.20170       -1.17220       -2.84930
O          1.06630       -0.64330       -2.89650
C          2.14070       -1.57670       -2.98280
C         -0.49430       -2.45970       -2.37700
C         -1.81750       -2.94510       -2.29830
C         -2.12100       -4.37100       -1.82100
C         -1.11600       -5.04370       -0.82120
C         -1.00630       -4.59000        0.61870
C         -0.76320       -3.25700        0.97490
C         -0.62620       -2.89210        2.31730
O         -0.39360       -1.57210        2.61630
C          1.01990       -1.34130        2.67750
C         -0.78190       -3.83810        3.33270
O         -0.63090       -3.45260        4.63920
C         -1.90670       -3.24240        5.24490
C         -0.97590       -5.18180        2.99730
O         -1.10820       -6.08780        4.01680
C         -0.35080       -7.28420        3.83810
C         -1.09270       -5.54860        1.64970
C          4.89900        1.41270        0.44950
C          4.92870        0.06680        0.83270
O          4.73760       -0.37810        2.11560
C          4.89380        0.57300        3.16270
C          5.12650       -0.91170       -0.14890
O          5.05840       -2.24460        0.17550
C          6.33770       -2.70620        0.62060
H          6.50380       -0.65790       -4.01910
H          6.95780       -2.32510       -3.62790
H          7.53670       -1.01470       -2.58340
H          5.36820        1.06450       -2.90980
H          5.62770        3.79550       -0.78560
H          5.14040        3.34110       -2.37880
H          3.66140        5.01010       -1.47730
H          4.55440        5.65710        0.73320
H          4.74250        7.55730        2.16900
H          5.95630        6.24640        2.45750
H          5.55700        7.40400        3.73560
H          1.81280        2.51690        4.96140
H          0.39190        3.61500        4.75570
H          1.45150        3.76140        6.16620
H          1.01280        2.78910        2.69810
H          1.29610        1.35160        0.54000
H          0.24690        2.69070        0.08720
H          0.88160        1.86480       -1.99870
H          2.49860        1.44180       -1.47780
H          3.11030        4.15680       -3.83670
H          1.80160        2.93080       -4.00080
H          3.40370        2.42350       -3.45340
H          0.94530        4.85150       -0.91860
H          1.70300        5.55100       -2.35640
H         -0.48460        3.41060       -2.50040
H          0.15650        4.37270       -3.84110
H         -1.98310        5.33540       -3.17850
H         -0.70300        6.45180       -2.71900
H         -2.89570        5.82150        0.84740
H         -4.05600        4.52310        0.64080
H         -2.38240        4.30620        2.60680
H         -1.11070        4.05520        1.41800
H         -2.37340        1.96050        0.57070
H         -3.12740        2.24280        3.53340
H         -2.79250       -0.22690        3.30490
H         -3.02500       -0.15380        1.56960
H         -5.41370        0.51760        1.86760
H         -5.20370        0.59100        3.61230
H         -5.15320       -3.87830        2.36780
H         -6.79010       -3.35000        1.87610
H         -5.92950       -4.92470        0.22070
H         -6.04840       -3.30680       -0.49700
H         -3.50970       -4.51690        0.69050
H         -3.59520       -2.92750       -0.10170
H         -5.02450       -6.26410       -1.29480
H         -3.56870       -6.58520       -2.27420
H         -3.45660       -6.53380       -0.47770
H         -5.53570       -4.29980       -2.44970
H         -4.14890       -4.57900       -3.51500
H         -4.81510       -1.99730       -1.98780
H         -4.75180       -2.24910       -3.73070
H         -3.37780       -0.17620       -3.55340
H         -1.32950        2.45850       -4.98190
H         -2.16170        0.95110       -5.37570
H         -2.67520        1.94690       -3.95510
H          1.93160       -2.38100       -3.69660
H          3.01300       -1.03100       -3.34990
H          2.37170       -1.97760       -1.99240
H          0.33140       -3.08200       -2.03970
H         -2.01240       -4.96360       -2.74390
H         -0.10200       -4.99290       -1.23950
H         -1.32540       -6.12260       -0.82620
H         -0.65360       -2.47200        0.23610
H          1.17960       -0.38440        3.18440
H          1.42500       -1.26220        1.66110
H          1.55660       -2.11630        3.24070
H         -2.46170       -4.18150        5.34450
H         -1.73960       -2.84260        6.24950
H         -2.49610       -2.50740        4.68550
H         -0.25480       -7.76780        4.81330
H         -0.87360       -7.97620        3.17080
H          0.65800       -7.07410        3.46600
H         -1.26750       -6.59330        1.40410
H          4.78310        2.17910        1.20690
H          5.84790        1.10620        3.08010
H          4.89760        0.02650        4.11080
H          4.04910        1.27020        3.18090
H          6.62680       -2.23130        1.56390
H          6.25610       -3.78260        0.79420
H          7.10590       -2.54190       -0.14100

