HF BASIS=def2-svp cutoff=1.0e-9 denserms=1.0e-6  zmake GRADIENT DIPOLE CHARGE=0

C          2.35150       -2.05000        1.06340
O          1.82540       -2.35120       -0.22510
C          0.92430       -1.46070       -0.74760
C          0.50400       -1.74470       -2.05040
O          0.98820       -2.84300       -2.70700
C         -0.40430       -0.93480       -2.71990
C         -0.91310        0.18870       -2.07080
O         -1.81020        0.98840       -2.73390
C         -0.51780        0.50340       -0.75910
C          0.40810       -0.33470       -0.10540
C         -1.03020        1.68760       -0.00610
O         -1.94070        2.44730       -0.64160
N         -0.63590        1.97890        1.18910
C         -1.27960        3.19660        1.75880
C         -0.67670        3.43460        3.13680
O          0.25830        2.49670        3.44390
O         -0.97870        4.34840        3.88840
H          3.08600       -2.82180        1.31240
H          2.86890       -1.08530        1.06250
H          1.56550       -2.07840        1.82480
H          1.60860       -3.26600       -2.08050
H         -0.69640       -1.19770       -3.73170
H         -1.93940        0.62960       -3.63340
H          0.70810       -0.09300        0.90890
H         -2.14020        2.11710       -1.53990
H         -1.06450        4.07530        1.14160
H         -2.35540        3.03700        1.88390
H          0.28360        1.90140        2.65560

