HF BASIS=def2-svp cutoff=1.0e-9 denserms=1.0e-6  zmake GRADIENT DIPOLE CHARGE=0

C          0.45910        5.46880        2.26890
S         -0.80060        4.46920        3.10090
C         -0.57840        2.89370        2.20620
C          0.70400        2.17340        2.62840
C          0.87860        0.78270        1.99510
N          0.91720        0.89110        0.51360
C          1.54620       -0.31580       -0.09600
C          1.09260       -0.43060       -1.57690
O          1.46480        0.75300       -2.27640
O         -0.35090       -0.52760       -1.58930
C         -0.70540       -1.80550       -2.15390
C         -1.93080       -2.36250       -1.43350
O         -1.63520       -2.67590       -0.07430
C          0.53260       -2.68550       -2.02790
O          0.57580       -3.75560       -2.96490
C          1.63000       -1.67430       -2.30200
O          2.89250       -2.14770       -1.83490
C         -0.25040       -0.16260        2.43470
O         -0.20480       -0.46910        3.74430
O         -1.12290       -0.62680        1.71250
H          0.30500        5.45750        1.18690
H          1.46160        5.10510        2.50510
H          0.38010        6.50200        2.61790
H         -0.59690        3.09470        1.13060
H         -1.45300        2.27790        2.43790
H          1.57780        2.78190        2.36450
H          0.71660        2.06480        3.72090
H          1.82830        0.35940        2.34640
H         -0.05710        0.89950        0.17690
H          1.24720       -1.22100        0.44350
H          2.63350       -0.20050       -0.03270
H          1.44110        1.45180       -1.59530
H         -0.96260       -1.64270       -3.20800
H         -2.27220       -3.28230       -1.91790
H         -2.75260       -1.63910       -1.43970
H         -1.53780       -1.82120        0.40330
H          0.66250       -3.11030       -1.02570
H         -0.05130       -4.43350       -2.65260
H          1.73300       -1.48600       -3.37820
H          3.07360       -2.95600       -2.35170
H         -0.96410       -1.07200        3.89230

