HF BASIS=def2-svp cutoff=1.0e-9 denserms=1.0e-6  zmake GRADIENT DIPOLE CHARGE=0

C          0.06890       -2.26380        1.61030
O          0.09960       -2.96620        2.85790
C         -0.61910       -0.91180        1.81920
O         -1.95650       -1.18700        2.23340
P         -3.00870        0.01800        2.17090
O         -4.37110       -0.68640        2.63310
O         -2.69070        1.19800        3.02240
O         -3.27590        0.32450        0.62190
C         -3.46590       -0.76210       -0.27310
C         -4.62300       -0.47060       -1.23720
C         -5.95410       -0.44170       -0.46580
O         -7.08060       -0.42600       -1.36820
C         -7.43920       -1.64410       -1.85840
O         -6.85350       -2.69240       -1.62790
C         -8.64640       -1.52700       -2.75120
C         -9.91230       -1.07090       -2.02530
C        -10.61940       -2.18080       -1.23440
C        -10.01540       -2.43240        0.14990
C        -10.66430       -3.60670        0.89210
C        -12.12820       -3.36610        1.26580
C        -12.69280       -4.53240        2.06470
O         -4.48560        0.82600       -1.87270
C         -3.44110        1.00480       -2.71920
O         -2.59910        0.16230       -3.00070
C         -3.44700        2.41700       -3.25940
C         -2.16000        3.16300       -2.91890
C         -2.01530        3.41880       -1.41600
C         -0.72180        4.17370       -1.10370
C         -0.59400        4.44820        0.39740
C          0.73880        5.10160        0.77800
C          1.90850        4.11680        0.71730
C          3.22090        4.76820        1.15740
C          4.41740        3.80950        1.11860
C          4.82330        3.39050       -0.29830
C          6.07610        2.51100       -0.26980
C          6.49440        2.08020       -1.67700
C          7.71410        1.15680       -1.62640
C          8.15170        0.72750       -3.02610
C          9.34910       -0.20980       -2.97060
C          1.48920       -2.13050        1.07330
O          1.47060       -1.59530       -0.23920
P          2.39940       -0.31750       -0.51870
O          3.88390       -0.88890       -0.36490
O          2.14040        0.84160        0.38400
O          2.28770       -0.01370       -2.08580
C          1.00970        0.36080       -2.58410
C          1.05610        0.50770       -4.10970
C          2.05510        1.58130       -4.55710
O          1.59790        2.87130       -4.11620
C          2.25620        3.92090       -4.68390
O          3.21160        3.82740       -5.43970
C          1.63480        5.22770       -4.25730
C          2.35840        5.86730       -3.07980
C          3.76640        6.35160       -3.43900
C          4.39240        7.14030       -2.28730
C          5.86030        7.46820       -2.56110
C          6.50250        8.15830       -1.35560
C          7.99840        8.38970       -1.58040
C          8.69660        9.08090       -0.40320
C          8.58310        8.37390        0.94960
C          9.09530        6.93210        0.93800
C          9.01900        6.30710        2.33380
C          9.53720        4.86810        2.33540
C          9.45980        4.25770        3.73590
C          9.93770        2.80510        3.80200
C         11.42550        2.64280        3.49660
C         11.88920        1.21050        3.71380
O          1.41640       -0.78040       -4.65200
C          1.04050       -1.02220       -5.93450
O          0.53310       -0.20190       -6.68460
C          1.32130       -2.45710       -6.31170
C          0.31050       -3.40350       -5.66730
C          0.76400       -3.90130       -4.29080
C         -0.38820       -4.56690       -3.54020
C          0.05590       -5.06810       -2.16520
C         -1.15110       -5.46790       -1.31790
C         -0.74130       -5.92630        0.08270
C         -1.97410       -6.04090        0.97960
C         -1.61040       -6.39470        2.42130
C         -2.84090       -6.46270        3.33260
C         -3.45770       -5.08840        3.61160
C         -4.77410       -5.21420        4.38240
C         -5.38880       -3.83740        4.65130
C         -6.73600       -3.91430        5.37440
C         -7.86400       -4.42840        4.47520
C         -9.23990       -4.40370        5.14910
C         -9.36480       -5.23260        6.43120
C         -9.05420       -6.71790        6.23200
C         -9.26810       -7.50740        7.52490
C         -8.92210       -8.97660        7.34560
H         -0.53570       -2.85930        0.91750
H         -0.81430       -2.93500        3.20550
H         -0.62880       -0.32530        0.89510
H         -0.13250       -0.33690        2.61280
H         -4.56380       -0.44240        3.55960
H         -2.52520       -0.89620       -0.81320
H         -3.66010       -1.69520        0.26760
H         -4.66280       -1.23390       -2.02290
H         -6.03170        0.47740        0.12750
H         -6.04820       -1.28700        0.22750
H         -8.80860       -2.49010       -3.24640
H         -8.39330       -0.81240       -3.54370
H        -10.61500       -0.72300       -2.79360
H         -9.71180       -0.21210       -1.37450
H        -10.62830       -3.10950       -1.81700
H        -11.66570       -1.87820       -1.10990
H        -10.09410       -1.52270        0.75920
H         -8.94930       -2.65510        0.05630
H        -10.58400       -4.51380        0.28100
H        -10.08990       -3.79030        1.80720
H        -12.73850       -3.23310        0.36600
H        -12.21610       -2.44860        1.85970
H        -12.66420       -5.45800        1.47810
H        -13.73430       -4.33730        2.33840
H        -12.12380       -4.69210        2.98650
H         -4.31360        2.96320       -2.86790
H         -3.57570        2.35030       -4.34570
H         -1.29320        2.59870       -3.28030
H         -2.16340        4.12200       -3.44960
H         -2.87700        3.99230       -1.05620
H         -2.00970        2.46660       -0.87510
H         -0.70530        5.12590       -1.64740
H          0.12790        3.58290       -1.45860
H         -1.40730        5.11780        0.70400
H         -0.72200        3.51710        0.96320
H          0.93480        5.96100        0.12700
H          0.65470        5.48700        1.80190
H          1.69590        3.26590        1.37430
H          2.01290        3.72830       -0.29920
H          3.42990        5.64710        0.53730
H          3.10690        5.13010        2.18780
H          5.26900        4.31020        1.59880
H          4.19390        2.91930        1.71820
H          4.00880        2.83800       -0.77890
H          5.01540        4.28090       -0.90700
H          6.89920        3.05920        0.20380
H          5.88400        1.62390        0.34440
H          5.66190        1.56280       -2.16870
H          6.72620        2.96720       -2.27970
H          7.47420        0.26860       -1.02960
H          8.54270        1.66950       -1.12470
H          8.41280        1.60820       -3.62260
H          7.32460        0.22210       -3.53830
H          9.62600       -0.53260       -3.98000
H         10.21700        0.28950       -2.52380
H          9.12270       -1.10250       -2.37870
H          1.96480       -3.11550        1.03060
H          2.09970       -1.52040        1.75260
H          4.49630       -0.19470       -0.05590
H          0.29070       -0.42100       -2.31670
H          0.70070        1.29650       -2.10660
H          0.04440        0.77820       -4.43920
H          2.14460        1.57170       -5.64980
H          3.05170        1.38660       -4.14270
H          0.58510        5.04780       -3.99750
H          1.61700        5.89640       -5.12570
H          1.76230        6.71590       -2.72570
H          2.42260        5.15300       -2.25240
H          3.72990        6.98190       -4.33650
H          4.40010        5.48910       -3.67280
H          4.32160        6.55540       -1.36590
H          3.82770        8.06800       -2.12440
H          5.94120        8.11110       -3.44440
H          6.40510        6.54290       -2.78130
H          6.00480        9.11660       -1.16700
H          6.35130        7.53230       -0.46810
H          8.13400        9.01460       -2.47370
H          8.49640        7.43610       -1.79660
H          9.75770        9.19730       -0.65610
H          8.29150       10.09590       -0.29860
H          7.54340        8.39360        1.29550
H          9.15740        8.95260        1.68330
H          8.50270        6.32350        0.24460
H         10.13400        6.91380        0.58250
H          7.97900        6.32480        2.68470
H          9.60740        6.91060        3.03740
H          8.94630        4.26250        1.63680
H         10.57190        4.86360        1.97570
H          8.41850        4.29320        4.08230
H         10.04560        4.86420        4.43780
H          9.73570        2.42590        4.81030
H          9.34790        2.18960        3.11230
H         12.01280        3.31000        4.13580
H         11.63220        2.92000        2.45990
H         12.96590        1.12760        3.52630
H         11.37440        0.52680        3.02940
H         11.69550        0.88230        4.74000
H          2.35770       -2.70970       -6.06380
H          1.23490       -2.52160       -7.40360
H         -0.66480       -2.90890       -5.58620
H          0.17300       -4.27450       -6.31860
H          1.14230       -3.07000       -3.68630
H          1.59350       -4.60910       -4.41180
H         -0.78890       -5.40320       -4.12550
H         -1.20090       -3.84000       -3.41830
H          0.61280       -4.27870       -1.64510
H          0.73410       -5.92170       -2.28140
H         -1.82500       -4.60610       -1.23590
H         -1.71280       -6.26770       -1.81630
H         -0.03700       -5.20790        0.51960
H         -0.22310       -6.89150        0.02320
H         -2.65060       -6.80270        0.57420
H         -2.51120       -5.08740        0.95110
H         -1.11080       -7.37150        2.43230
H         -0.89430       -5.66820        2.82360
H         -3.58830       -7.12860        2.88480
H         -2.54440       -6.91500        4.28640
H         -2.74700       -4.47960        4.18430
H         -3.65450       -4.55570        2.67650
H         -5.46810       -5.82920        3.79870
H         -4.60100       -5.73190        5.33420
H         -5.50630       -3.28740        3.70970
H         -4.69490       -3.25670        5.27190
H         -6.63150       -4.54920        6.26120
H         -6.99690       -2.90980        5.72800
H         -7.64930       -5.44370        4.12660
H         -7.91610       -3.80020        3.57510
H         -9.50300       -3.36470        5.38050
H         -9.98690       -4.75450        4.42660
H        -10.39090       -5.12780        6.80500
H         -8.71250       -4.81750        7.20850
H         -8.01590       -6.84550        5.90340
H         -9.69800       -7.12570        5.44270
H        -10.31200       -7.41790        7.84740
H         -8.64510       -7.08840        8.32530
H         -9.51020       -9.42420        6.53830
H         -7.86110       -9.10170        7.11170
H         -9.13300       -9.52870        8.26620

