HF BASIS=def2-svp cutoff=1.0e-9 denserms=1.0e-6  zmake GRADIENT DIPOLE CHARGE=0

C          1.45640        6.47630        1.48390
C          2.50170        5.71940        0.66170
C          3.94320        5.93990        1.16590
C          4.20420        5.74460        2.66560
C          3.97130        4.35220        3.26670
O          4.29690        4.41480        4.65570
O          2.60130        3.97000        3.19230
C          2.54420        2.54530        3.31610
C          1.68730        1.95910        2.19230
C          2.65530        1.16180        1.29250
C          2.01240        0.00130        0.49700
C          0.85220        0.52470       -0.36410
C          0.02640       -0.55340       -0.98110
C          0.03300       -1.83860       -0.58110
C         -0.89060       -2.83230       -1.24540
C         -1.79630       -3.48330       -0.19400
C         -0.92590       -4.20220        0.83670
C          0.03160       -3.22220        1.52560
C          0.91240       -2.36690        0.55980
C          1.99590       -3.27490       -0.06990
C          1.55740       -1.18040        1.39210
C          2.71380       -1.62410        2.31530
C          3.29650       -0.46920        3.13000
C          3.77680        0.72470        2.25800
C          5.05580        0.33430        1.50460
C          3.96240        1.97670        3.15610
C          4.73040        3.19060        2.60810
C          6.21910        3.17660        2.93510
O         -2.70090       -4.41900       -0.79520
C         -3.81010       -3.75980       -1.41870
O         -4.07420       -4.30770       -2.70440
C         -4.66810       -5.61300       -2.70000
C         -4.88890       -6.00700       -4.16700
O         -5.65310       -7.19490       -4.30500
C         -5.97520       -5.64550       -1.89370
O         -7.00570       -4.89340       -2.55090
C         -5.74430       -5.10410       -0.48100
O         -7.01870       -5.03520        0.19020
C         -5.03220       -3.74610       -0.48130
O         -5.94230       -2.71700       -0.91980
C         -6.19260       -1.74050        0.09170
O         -6.97650       -2.34210        1.12340
C         -7.83770       -1.43820        1.83680
C         -8.03570       -2.01770        3.23430
C         -7.27560       -0.00710        1.87360
O         -8.09550        0.86650        2.64930
C         -7.15290        0.54990        0.44470
O         -6.08460        1.51140        0.43160
C         -6.89290       -0.55370       -0.58550
O         -6.10600       -0.02930       -1.67250
C          2.37640        6.16580       -0.80830
O          3.29560        5.47470       -1.64750
C          2.71280        4.37860       -2.35630
O          1.75110        4.89680       -3.28370
C          1.12710        3.86290       -4.05540
C         -0.03260        4.49410       -4.83800
O         -0.66910        3.54370       -5.68250
C          2.18590        3.23850       -4.97840
O          2.71680        4.22800       -5.86770
C          3.31840        2.64200       -4.13240
O          2.85570        1.47520       -3.42840
C          3.85580        3.64410       -3.10120
O          4.71410        2.93970       -2.18410
H          0.45330        6.32410        1.06700
H          1.65990        7.55260        1.48880
H          1.42350        6.13390        2.52210
H          2.28640        4.64580        0.70500
H          4.62770        5.29920        0.59990
H          4.23590        6.97060        0.92460
H          5.24400        6.03740        2.86680
H          3.60230        6.47550        3.21960
H          3.72930        5.11880        5.01410
H          2.11630        2.30490        4.29520
H          1.16620        2.73820        1.62400
H          0.92370        1.31090        2.63280
H          3.06760        1.86650        0.55820
H          2.78030       -0.38430       -0.18990
H          1.25480        1.16560       -1.15470
H          0.16940        1.14410        0.22730
H         -0.64130       -0.23490       -1.77930
H         -1.49130       -2.34870       -2.02560
H         -0.31570       -3.59970       -1.77740
H         -2.37670       -2.71260        0.33530
H         -0.37250       -5.02310        0.36400
H         -1.56880       -4.67830        1.58820
H         -0.57930       -2.55470        2.14650
H          0.66490       -3.78500        2.22070
H          2.65120       -2.71260       -0.74360
H          2.61670       -3.75480        0.69450
H          1.56420       -4.09170       -0.65440
H          0.76410       -0.79250        2.04710
H          3.52150       -2.07480        1.73430
H          2.36150       -2.39460        3.01120
H          4.13150       -0.84320        3.73630
H          2.53220       -0.14470        3.84910
H          5.38750        1.13080        0.83220
H          4.91760       -0.55630        0.88350
H          5.86880        0.11700        2.20610
H          4.37020        1.69260        4.13630
H          4.60250        3.24110        1.52200
H          6.72790        2.34380        2.43640
H          6.39630        3.06840        4.00940
H          6.70170        4.10020        2.60510
H         -3.55780       -2.71410       -1.62790
H         -3.96250       -6.31860       -2.24760
H         -3.92050       -6.17160       -4.64970
H         -5.37390       -5.20260       -4.73080
H         -6.58450       -6.93370       -4.15100
H         -6.35680       -6.67070       -1.82320
H         -7.65530       -4.68870       -1.84690
H         -5.12540       -5.82540        0.07050
H         -7.09290       -4.14930        0.60090
H         -4.70320       -3.54200        0.54670
H         -5.22970       -1.40950        0.50650
H         -8.81550       -1.44110        1.33240
H         -7.08620       -2.04450        3.78040
H         -8.75560       -1.43560        3.81780
H         -8.38950       -3.05480        3.17460
H         -6.28540       -0.02010        2.34570
H         -7.64810        1.73590        2.63410
H         -8.05220        1.10560        0.15880
H         -5.81320        1.56660       -0.51110
H         -7.84910       -0.89310       -1.00780
H         -5.83080       -0.82240       -2.17760
H          1.34550        6.04770       -1.16280
H          2.61400        7.23210       -0.88870
H          2.22890        3.70590       -1.63570
H          0.71210        3.09470       -3.38690
H          0.29810        5.35190       -5.43250
H         -0.77990        4.87850       -4.13570
H         -0.35250        3.70620       -6.58820
H          1.73130        2.45000       -5.58880
H          2.84400        5.04860       -5.35160
H          4.15120        2.32080       -4.76830
H          2.83180        0.74990       -4.08000
H          4.47650        4.38970       -3.61340
H          4.26180        2.09210       -1.99750

