HF BASIS=def2-svp cutoff=1.0e-9 denserms=1.0e-6  zmake GRADIENT DIPOLE CHARGE=0

C         -1.77690        1.78800       -2.39110
C         -1.25450        1.94470       -0.95800
C         -0.59900        3.33040       -0.81300
C         -0.01870        3.53550        0.56860
O         -0.17860        4.59110        1.17940
C          0.84870        2.42970        1.11630
C          0.10530        1.10520        0.98570
C          0.88350       -0.05550        1.58580
O          2.00470        0.07530        2.07030
C          0.15670       -1.38040        1.60470
C         -0.30390       -1.73520        0.18770
C         -1.08980       -0.57310       -0.46560
C         -0.31310        0.78100       -0.47790
C          0.91910        0.65110       -1.40830
C         -1.08730       -3.04290        0.15460
C         -2.40180       -3.12140        0.88570
C         -0.61640       -4.11070       -0.51330
H         -0.96570        1.80980       -3.12520
H         -2.33380        0.85580       -2.51870
H         -2.46310        2.60620       -2.63740
H         -2.13590        1.94020       -0.29970
H         -1.35060        4.11030       -0.98520
H          0.20140        3.48340       -1.54440
H          1.80610        2.43120        0.58590
H          1.05970        2.64190        2.17110
H         -0.80620        1.18680        1.59810
H          0.83200       -2.15100        1.99410
H         -0.68130       -1.28490        2.30350
H          0.60440       -1.88080       -0.41290
H         -2.03650       -0.42520        0.07040
H         -1.35460       -0.86440       -1.48960
H          1.67600       -0.02620       -1.00080
H          1.41950        1.60870       -1.57620
H          0.63260        0.25770       -2.38970
H         -2.26900       -2.91530        1.95150
H         -3.11960       -2.40530        0.47530
H         -2.85510       -4.11560        0.80370
H          0.32910       -4.08310       -1.04730
H         -1.16200       -5.04970       -0.54550

