HF BASIS=def2-svp cutoff=1.0e-9 denserms=1.0e-6  zmake GRADIENT DIPOLE CHARGE=0

C         -4.89350        1.69340        0.76430
O         -3.75130        1.20560        0.07200
C         -2.61910        1.02470        0.91930
C         -1.39060        0.97290        0.00690
C         -0.08420        0.72330        0.77990
O          0.12160        1.84230        1.65180
C         -0.19240       -0.57830        1.60440
C         -1.38720       -0.56180        2.55950
O         -1.14050        0.42570        3.56260
C         -1.99750        0.27230        4.69290
C         -2.65630       -0.26110        1.76290
O         -3.64540       -0.98880        1.85790
C          1.09150        0.63610       -0.19290
C          2.11740        1.50400       -0.19700
C          3.20760        1.34520       -1.16880
O          4.16510        2.11020       -1.20130
C          3.10340        0.22190       -2.10470
C          4.08260       -0.02130       -3.07410
O          5.19700        0.76060       -3.21990
C          3.95310       -1.09840       -3.94750
C          2.83880       -1.92650       -3.84180
O          2.66770       -2.99340       -4.67340
C          1.85850       -1.69380       -2.88050
C          1.99390       -0.61370       -2.00870
O          0.99980       -0.43300       -1.08060
H         -4.68850        2.68240        1.18550
H         -5.71290        1.78750        0.04650
H         -5.20510        1.00750        1.55610
H         -2.53850        1.87860        1.60340
H         -1.33090        1.92340       -0.54130
H         -1.54490        0.19550       -0.75460
H         -0.09290        1.57610        2.57000
H         -0.28610       -1.44450        0.93680
H          0.72440       -0.70700        2.19500
H         -1.47570       -1.55200        3.02330
H         -3.04510        0.40120        4.40640
H         -1.73980        1.04580        5.42140
H         -1.84750       -0.70700        5.15710
H          2.19410        2.34010        0.48720
H          5.15820        1.47720       -2.54560
H          4.72210       -1.27260       -4.69350
H          3.41390       -3.02890       -5.29600
H          0.99620       -2.35130       -2.81580

