HF BASIS=def2-svp cutoff=1.0e-9 denserms=1.0e-6  zmake GRADIENT DIPOLE CHARGE=0

C          5.37540       -1.62950        4.87540
O          5.35550       -1.87420        3.47690
C          4.19780       -1.58760        2.79690
C          4.23350       -1.77590        1.40450
O          5.41830       -2.24340        0.88960
C          5.56440       -2.25590       -0.52250
C          3.09140       -1.50470        0.63780
C          1.90760       -1.01960        1.22560
C          0.65650       -0.75260        0.38160
C          0.96420        0.03870       -0.90230
C         -0.28960        0.20370       -1.75990
O          0.01400        1.01740       -2.89350
C         -1.44020        0.83910       -0.96340
C         -2.72680        0.88720       -1.82230
C         -3.96660        1.51690       -1.15470
C         -5.15280        1.46860       -2.12300
C         -3.72310        2.95960       -0.71100
C         -1.64430        0.06750        0.34930
N         -0.39510       -0.01120        1.11650
C         -0.62430       -0.60500        2.43750
C          0.61600       -0.40640        3.31000
C          1.87270       -0.87840        2.62430
C          3.01740       -1.14160        3.39570
H          6.37600       -1.87570        5.24380
H          5.19140       -0.57290        5.09610
H          4.66170       -2.27440        5.39850
H          6.59410       -2.54840       -0.74970
H          5.39980       -1.26120       -0.95020
H          4.90110       -2.99810       -0.97820
H          3.10680       -1.68710       -0.43000
H          0.26870       -1.74440        0.10440
H          1.38780        1.02380       -0.66040
H          1.72490       -0.45860       -1.51440
H         -0.60000       -0.77810       -2.13930
H          0.77250        0.62010       -3.35350
H         -1.15310        1.87370       -0.73140
H         -2.98060       -0.13630       -2.13000
H         -2.51500        1.43860       -2.74790
H         -4.24420        0.92560       -0.27450
H         -4.95280        2.05340       -3.02740
H         -5.36660        0.43800       -2.42520
H         -6.05590        1.87130       -1.65220
H         -4.64160        3.40340       -0.31190
H         -2.96950        3.01190        0.08050
H         -3.38440        3.58020       -1.54740
H         -2.39050        0.59640        0.95280
H         -2.04210       -0.93580        0.14710
H         -0.87150       -1.67160        2.35080
H         -1.46800       -0.11680        2.94060
H          0.47490       -0.95360        4.24980
H          0.73420        0.65670        3.55490
H          2.95410       -0.99540        4.46920

