HF BASIS=def2-svp cutoff=1.0e-9 denserms=1.0e-6  zmake GRADIENT DIPOLE CHARGE=0

C          6.57230        3.97770        1.11460
O          6.83990        3.53150        2.44930
C          7.06160        2.91250        0.12910
O          8.44030        2.64430        0.40740
C          5.08110        4.26270        0.96370
O          4.78950        4.71400       -0.34790
P          3.23880        4.74650       -0.75640
O          3.28520        5.32920       -2.24650
O          2.33670        5.51980        0.14370
O          2.86280        3.20500       -0.99220
C          1.48770        2.87570       -1.00770
C          1.22720        1.63550       -1.86500
C          2.10060        0.43680       -1.45820
O          1.99120        0.16560       -0.04710
C          1.05660       -0.75090        0.32380
O          0.33670       -1.38330       -0.43640
C          1.01680       -0.87180        1.82760
C         -0.39120       -0.63930        2.36730
C         -0.81540        0.82840        2.24850
C         -2.26020        1.02700        2.70800
C         -2.70860        2.49110        2.71130
C         -2.65520        3.14620        1.32880
C         -3.30490        4.49910        1.34070
C         -2.69800        5.69650        1.39480
C         -1.22520        5.98250        1.47290
C         -0.86480        6.54450        2.81870
C         -0.08550        5.98680        3.76190
C          0.59930        4.65190        3.71930
C          2.09070        4.81690        3.68650
C          2.98310        4.52500        4.64700
C          2.70100        3.99330        6.02280
C          3.39020        2.65630        6.30900
C          2.88770        1.51050        5.42480
C          3.47210        0.17370        5.88530
C          3.02600       -0.97500        4.99620
O         -0.17200        1.31620       -1.71630
C         -0.72300        0.58650       -2.72550
O         -0.14700        0.26440       -3.75560
C         -2.15380        0.24820       -2.40040
C         -3.05090        1.47570       -2.54260
C         -4.47450        1.23100       -2.03830
C         -5.23230        0.25020       -2.88720
C         -5.48980       -1.03880       -2.60870
C         -5.05730       -1.81820       -1.39920
C         -6.20910       -2.57010       -0.79620
C         -6.36460       -3.90460       -0.74020
C         -5.45090       -4.95130       -1.31320
C         -4.63600       -5.60690       -0.23660
C         -3.30350       -5.56730       -0.06700
C         -2.28530       -4.84340       -0.90450
C         -1.15420       -5.75810       -1.38970
C         -1.58290       -6.89700       -2.32080
C         -2.28710       -6.47470       -3.61420
C         -1.44080       -5.55650       -4.49950
C         -2.13250       -5.28840       -5.83840
C         -1.29730       -4.36240       -6.72220
C         -1.98440       -4.09740       -8.05360
H          7.14890        4.89670        0.95890
H          7.74950        3.17140        2.40920
H          6.97050        3.25220       -0.90660
H          6.51240        1.97360        0.25770
H          8.75900        2.06130       -0.30380
H          4.77690        5.03180        1.68220
H          4.49910        3.36100        1.19170
H          3.35580        6.30060       -2.23180
H          1.15020        2.71940        0.02320
H          0.89820        3.71160       -1.40370
H          1.44800        1.89250       -2.90880
H          1.85580       -0.45770       -2.04210
H          3.15600        0.65890       -1.65200
H          1.71540       -0.15920        2.27970
H          1.36680       -1.87790        2.08540
H         -1.10780       -1.27650        1.83510
H         -0.41780       -0.93510        3.42290
H         -0.71270        1.15280        1.20890
H         -0.14530        1.45130        2.85210
H         -2.93240        0.44450        2.06630
H         -2.37440        0.63040        3.72480
H         -2.08820        3.05930        3.41550
H         -3.73490        2.53110        3.09880
H         -3.18570        2.52050        0.60120
H         -1.62180        3.21150        0.97450
H         -4.39400        4.48790        1.30910
H         -3.33650        6.58000        1.39820
H         -0.97830        6.72930        0.70810
H         -0.62540        5.10550        1.22200
H         -1.27950        7.52860        3.03300
H          0.07290        6.55220        4.68020
H          0.30530        4.06730        2.84290
H          0.26890        4.06630        4.58260
H          2.47150        5.23340        2.75520
H          4.03470        4.71920        4.43270
H          1.62890        3.89400        6.21430
H          3.06970        4.73200        6.74480
H          3.21420        2.40230        7.36200
H          4.47640        2.76180        6.18920
H          3.16750        1.69220        4.37970
H          1.79270        1.46200        5.46380
H          4.56680        0.22260        5.88580
H          3.15700       -0.03110        6.91530
H          3.39420       -0.84190        3.97520
H          3.42010       -1.92330        5.37450
H          1.93540       -1.04850        4.96520
H         -2.46880       -0.55400       -3.07680
H         -2.19040       -0.16080       -1.38360
H         -2.62490        2.31300       -1.97560
H         -3.06820        1.79920       -3.59060
H         -5.02480        2.18020       -2.05290
H         -4.44850        0.92340       -0.98800
H         -5.60260        0.64470       -3.83300
H         -6.04070       -1.61330       -3.35340
H         -4.63580       -1.17480       -0.62210
H         -4.25100       -2.49100       -1.70350
H         -6.97670       -1.94980       -0.33510
H         -7.25200       -4.28910       -0.23940
H         -4.83140       -4.54280       -2.11470
H         -6.06810       -5.71940       -1.79580
H         -5.21310       -6.18330        0.48620
H         -2.89540       -6.10150        0.79100
H         -1.84430       -4.05640       -0.27910
H         -2.73560       -4.33330       -1.75840
H         -0.65100       -6.19930       -0.51820
H         -0.39600       -5.14350       -1.88860
H         -2.24120       -7.58490       -1.77630
H         -0.68920       -7.47890       -2.58180
H         -2.53410       -7.38460       -4.17590
H         -3.24130       -5.98920       -3.38280
H         -0.46070       -6.01540       -4.67840
H         -1.26710       -4.60230       -3.98990
H         -2.30220       -6.23830       -6.36060
H         -3.11720       -4.83850       -5.65990
H         -1.12830       -3.40860       -6.20830
H         -0.31370       -4.81090       -6.90800
H         -1.37360       -3.43060       -8.66890
H         -2.13640       -5.02930       -8.60800
H         -2.95950       -3.62300       -7.90370

