HF BASIS=def2-svp cutoff=1.0e-9 denserms=1.0e-6  zmake GRADIENT DIPOLE CHARGE=0

O          3.13690        0.72550        2.63920
C          2.88610       -0.33180        1.81520
C          3.65630       -1.48870        1.86770
C          3.36800       -2.53980        0.99920
C          2.31180       -2.42670        0.09190
C          1.53070       -1.26140        0.05040
C          1.83050       -0.20600        0.91560
C          0.41590       -1.19680       -0.94030
O          0.42340       -1.97610       -1.90160
C         -0.71970       -0.16750       -0.75930
O         -1.61740       -0.18990       -1.85960
S         -1.05400        0.22760       -3.32230
O         -0.78540       -1.20200       -4.01550
O         -2.12500        0.87680       -4.04210
O          0.23250        0.86880       -3.15250
C         -1.55140       -0.46210        0.47610
C         -2.16280       -1.71490        0.65230
C         -2.92240       -1.98050        1.79240
C         -3.08720       -0.99770        2.76560
C         -2.49910        0.25380        2.59720
C         -1.73930        0.52350        1.45760
H          3.89660        0.50980        3.20610
H          4.48000       -1.58770        2.56820
H          3.96520       -3.44840        1.02530
H          2.10130       -3.25690       -0.58030
H          1.27850        0.72710        0.91010
H         -0.28740        0.83710       -0.69190
H         -0.21710       -1.73490       -3.40470
H         -2.06020       -2.49220       -0.10330
H         -3.39210       -2.95300        1.91800
H         -3.68200       -1.20440        3.65170
H         -2.63710        1.02330        3.35290
H         -1.29950        1.51260        1.34580

