HF BASIS=def2-svp cutoff=1.0e-9 denserms=1.0e-6  zmake GRADIENT DIPOLE CHARGE=0

C          3.34430       -3.67760       -1.78970
C          2.94310       -3.77910       -3.25370
C          1.81940       -2.81690       -3.64900
C          0.48890       -3.11780       -2.95650
C         -0.61570       -2.17380       -3.43800
C         -1.90700       -2.43380       -2.71370
C         -2.63260       -1.56090       -1.99360
C         -2.32770       -0.11860       -1.70520
C         -3.16250        0.78720       -2.56120
C         -4.17910        1.58310       -2.18500
C         -4.77220        1.74220       -0.81510
C         -4.60950        3.14830       -0.31220
C         -3.87570        3.57640        0.72900
C         -3.01020        2.75480        1.63920
C         -1.54870        3.21560        1.66720
C         -0.87190        3.16760        0.29170
C          0.64520        3.31690        0.38080
C          1.28180        2.00470        0.76020
O          1.47620        1.08430       -0.02300
O          1.53250        1.95650        2.09050
C          2.04240        0.70580        2.65010
C          2.70980        1.13810        3.95390
C          3.18560       -0.11810        4.63720
O          4.23310       -0.62760        4.16310
O          2.38940       -0.57960        5.49790
C          0.84330       -0.26510        2.86860
N          0.97350       -1.69930        2.27610
C          2.18590       -2.44390        2.83720
C         -0.27140       -2.46930        2.68940
C          1.07270       -1.67740        0.76640
H          4.23450       -4.28590       -1.60010
H          2.55000       -4.04290       -1.13320
H          3.57570       -2.64420       -1.51390
H          2.64980       -4.81100       -3.47890
H          3.82080       -3.55560       -3.87100
H          1.67930       -2.87750       -4.73540
H          2.12620       -1.78770       -3.42750
H          0.20040       -4.15710       -3.15450
H          0.60010       -3.01810       -1.87330
H         -0.78570       -2.32900       -4.51050
H         -0.28680       -1.13670       -3.32250
H         -2.30750       -3.44090       -2.83260
H         -3.57250       -1.91790       -1.57320
H         -2.49200        0.06220       -0.63770
H         -1.27160        0.11590       -1.87660
H         -2.88560        0.79490       -3.61650
H         -4.66120        2.17380       -2.96390
H         -5.84640        1.52740       -0.88100
H         -4.37630        1.00660       -0.11200
H         -5.17630        3.90010       -0.86300
H         -3.89960        4.64400        0.95310
H         -3.41810        2.82860        2.65470
H         -3.03530        1.69290        1.37800
H         -1.01480        2.57240        2.37530
H         -1.48660        4.23570        2.06520
H         -1.26600        3.98300       -0.32780
H         -1.12440        2.22850       -0.21370
H          1.05670        3.60220       -0.59460
H          0.93940        4.10370        1.08390
H          2.79110        0.29800        1.96460
H          3.55180        1.81350        3.75320
H          2.01190        1.69480        4.59200
H         -0.05320        0.14970        2.39150
H          0.59160       -0.38530        3.92630
H          3.09300       -1.95150        2.48970
H          2.10520       -2.49280        3.92350
H          2.16760       -3.46220        2.43380
H         -0.30560       -2.51960        3.78320
H         -0.21780       -3.47790        2.26730
H         -1.14890       -1.94640        2.29830
H          1.03830       -2.71060        0.41190
H          0.22240       -1.12160        0.36480
H          2.02710       -1.23570        0.47620

