HF BASIS=def2-svp cutoff=1.0e-9 denserms=1.0e-6  zmake GRADIENT DIPOLE CHARGE=0

C         -0.25610       -0.71850        1.58540
N         -0.20870       -0.88670        0.12880
C         -0.19340       -2.22170       -0.36290
C         -0.21690       -3.35560        0.46990
C         -0.20190       -4.65490       -0.05590
C         -0.16270       -4.85740       -1.43090
C         -0.13770       -3.75940       -2.28340
C         -0.15250       -2.46010       -1.75290
C         -0.12330       -1.31490       -2.68810
O         -0.09350       -1.46600       -3.90470
C         -0.13020        0.03850       -2.11070
C         -0.17110        0.17620       -0.77750
C         -0.17350        1.56710       -0.28510
C          1.03930        2.21130        0.00410
C          0.98420        3.51340        0.45370
C         -0.21010        4.17640        0.61590
O         -0.04030        5.44750        1.06790
C          1.39800        5.51310        1.16200
O          2.05440        4.28500        0.78390
C         -1.41910        3.57640        0.33770
C         -1.39750        2.25520       -0.12010
H         -0.28370        0.32780        1.90280
H         -1.15780       -1.18380        2.00030
H          0.63170       -1.15800        2.05470
H         -0.24670       -3.26520        1.55150
H         -0.22090       -5.50970        0.61640
H         -0.15090       -5.86500       -1.83810
H         -0.10610       -3.91100       -3.36030
H         -0.10090        0.86590       -2.80820
H          1.99200        1.70720       -0.11780
H          1.67070        5.75180        2.19640
H          1.75610        6.31770        0.50930
H         -2.35260        4.11190        0.46790
H         -2.33640        1.75420       -0.34910

