HF BASIS=def2-svp cutoff=1.0e-9 denserms=1.0e-6  zmake GRADIENT DIPOLE CHARGE=0

C          0.82760       -0.44410       -0.75590
O          0.36070        0.81170       -1.27240
C         -0.82630        0.68150       -2.06560
C         -2.06870        0.99070       -1.23480
N         -2.04690        2.46560       -1.07410
C         -1.51030        2.97930       -2.38200
C         -0.82990        1.80850       -3.08720
C         -2.67420        3.54390       -3.20650
O         -3.81570        3.61240       -2.47320
O         -2.60130        3.89780       -4.37260
O         -0.14780       -1.04940        0.08420
C          0.30320       -2.30360        0.64400
C         -0.84600       -2.86140        1.48810
O         -1.97410       -3.10280        0.64300
C          1.58420       -2.13080        1.47500
O          1.33050       -1.33970        2.64380
C          2.66030       -1.43620        0.64030
O          3.78490       -1.13410        1.48180
C          2.12140       -0.14670        0.02250
O          3.13400        0.40560       -0.83630
H          1.04750       -1.09660       -1.61150
H         -0.86980       -0.29680       -2.55680
H         -2.07150        0.51660       -0.25060
H         -2.98060        0.69920       -1.76800
H         -1.31130        2.64840       -0.37860
H         -0.81690        3.80320       -2.18130
H         -1.39420        1.49820       -3.97450
H          0.18540        2.07640       -3.39920
H         -3.58300        3.24540       -1.58200
H          0.48770       -2.98390       -0.19780
H         -0.56840       -3.80850        1.95990
H         -1.16460       -2.15560        2.26200
H         -2.19100       -2.23580        0.25280
H          1.94840       -3.10150        1.83000
H          2.21750       -1.11170        2.99390
H          3.02220       -2.10850       -0.14720
H          4.36050       -0.55500        0.94080
H          1.93830        0.60180        0.80340
H          2.70880        1.16790       -1.27760

