HF BASIS=def2-svp cutoff=1.0e-9 denserms=1.0e-6  zmake GRADIENT DIPOLE CHARGE=0

C          2.58550        4.15530      -13.24250
C          2.47850        3.27920      -12.03850
C          3.11110        3.41160      -10.85540
C          4.10100        4.47530      -10.49270
C          2.77540        2.39020       -9.81690
O          2.24810        1.31380      -10.04610
O          3.10170        2.86150       -8.58280
C          2.66490        2.07860       -7.43290
C          3.90090        1.89760       -6.51010
O          4.51460        3.18780       -6.32090
C          3.59090        1.24250       -5.12750
C          3.34130       -0.29630       -5.31740
O          2.21310       -0.59130       -6.14930
C          1.94260       -1.91880       -6.27890
C          0.78580       -2.12370       -7.20440
O          2.54330       -2.83300       -5.72630
C          4.82290        1.39680       -4.16900
O          5.91570        0.61100       -4.65550
C          4.54810        0.99320       -2.70010
C          3.28700        1.66400       -2.06570
C          3.58340        3.18680       -1.92710
C          2.14110        1.42680       -3.08110
C          1.07180        0.65870       -2.79190
C          0.90220       -0.14790       -1.54250
C          2.23170       -0.33450       -0.77380
C          2.10930       -1.30550        0.49500
C          2.07580       -2.74900       -0.10730
C          0.77090       -1.09850        1.24890
C          0.65340       -1.88820        2.54340
C          1.76610       -1.51870        3.51790
O          1.58330       -2.24760        4.73770
C          1.01710       -1.53070        5.84690
O          1.44300       -2.21270        7.04520
C          0.98780       -3.58510        7.06760
C         -0.53920       -3.71760        6.93620
O         -1.19780       -3.20440        8.11150
C         -1.03620       -2.90820        5.71790
O         -2.46680       -2.93560        5.58230
C         -3.00180       -4.22830        5.24820
O         -2.17920       -4.90010        4.28470
C         -2.85780       -5.79270        3.40370
C         -4.07350       -6.44040        4.05290
O         -4.63680       -7.44280        3.20530
C         -5.11580       -5.35720        4.35720
O         -5.99450       -5.84640        5.38230
C         -4.46360       -4.03120        4.79410
O         -4.45980       -3.15410        3.63810
C         -5.28780       -2.00190        3.82530
O         -6.64490       -2.46100        3.83330
C         -7.63920       -1.47600        3.52900
C         -7.77620       -0.44710        4.66460
O         -8.86090        0.45050        4.44930
C         -7.41760       -0.84080        2.14250
O         -8.40090       -1.33550        1.21420
C         -6.03550       -1.18760        1.57710
O         -5.74570       -0.28650        0.49260
C         -4.97050       -1.03730        2.66050
O         -4.94770        0.33970        3.10490
C         -0.53740       -1.45200        5.85160
O         -1.09690       -0.62220        4.82750
C         -0.95360        0.78310        5.06390
O          0.35150        1.19330        4.69440
C          0.65570        2.55650        5.04040
C          1.86060        2.98910        4.18840
O          3.00960        2.19920        4.53900
C         -0.57440        3.48960        4.91380
O         -0.20510        4.83310        4.57560
C         -1.58910        2.96300        3.89040
O         -1.03180        3.05720        2.56880
C         -2.00530        1.52090        4.20320
O         -3.24940        1.55470        4.92630
C          1.44070       -4.18100        8.39680
O          2.33380       -3.39000        9.04140
O          1.03440       -5.23360        8.86820
C          3.15120       -1.87620        2.91380
C          3.39870       -3.40280        2.90070
C          4.20950       -1.34960        3.90010
O          5.41070       -1.59850        3.81430
C          3.35350       -1.20830        1.48260
C          3.84310        0.25160        1.62330
C          4.16040        0.88840        0.28010
C          2.90740        1.06900       -0.59580
C          1.95160        2.07630        0.12510
C          2.39140        2.00130       -4.47820
C          1.15110        2.11830       -5.39260
C          1.45370        2.78420       -6.75530
C          1.66300        4.30460       -6.56830
C          0.20250        2.62900       -7.64970
H          1.59630        4.54640      -13.49860
H          2.94690        3.57280      -14.09530
H          3.25430        5.00710      -13.10900
H          1.77590        2.45310      -12.16500
H          4.42380        5.08090      -11.34400
H          5.00650        4.02500      -10.06320
H          3.66330        5.15490       -9.74750
H          2.35470        1.08470       -7.76580
H          4.64680        1.29550       -7.04770
H          4.59340        3.57340       -7.21710
H          3.19140       -0.78410       -4.34730
H          4.22090       -0.75640       -5.79000
H         -0.09990       -1.62020       -6.81470
H          1.03970       -1.74950       -8.20140
H          0.56380       -3.19270       -7.27860
H          5.17090        2.43350       -4.17520
H          6.69820        0.84490       -4.12730
H          5.44370        1.25830       -2.12130
H          4.49420       -0.09940       -2.63150
H          4.27500        3.38960       -1.10250
H          2.66950        3.76400       -1.75560
H          4.05590        3.62150       -2.81200
H          0.28230        0.50510       -3.52360
H          0.50360       -1.12270       -1.84000
H          0.13210        0.32780       -0.92810
H          2.90040       -0.88450       -1.45490
H          1.29650       -2.85450       -0.87020
H          1.86730       -3.52450        0.62640
H          3.03070       -3.00210       -0.58180
H         -0.07640       -1.38480        0.61410
H          0.61970       -0.04700        1.49830
H          0.63710       -2.96820        2.36010
H         -0.33090       -1.68840        2.96650
H          1.74390       -0.44570        3.71670
H          1.46920       -0.53810        5.90500
H          1.50180       -4.14480        6.27750
H         -0.82980       -4.77110        6.85110
H         -1.12500       -3.88360        8.81290
H         -0.61150       -3.32620        4.79850
H         -3.00840       -4.83530        6.16180
H         -2.14110       -6.55540        3.08090
H         -3.13610       -5.24640        2.49470
H         -3.76870       -6.93900        4.98300
H         -5.26950       -7.94710        3.75050
H         -5.73930       -5.18320        3.46950
H         -6.79150       -6.18310        4.92850
H         -5.02990       -3.57310        5.61540
H         -5.05280       -1.52270        4.78430
H         -8.58920       -2.02500        3.49640
H         -6.86910        0.14660        4.78690
H         -7.93920       -0.95980        5.61970
H         -9.66000       -0.08630        4.29890
H         -7.57400        0.24530        2.17670
H         -8.18540       -0.91750        0.35840
H         -6.03230       -2.20200        1.15740
H         -5.01540       -0.68460       -0.01540
H         -3.97030       -1.22290        2.25170
H         -5.02730        0.87200        2.28550
H         -0.89050       -1.05990        6.81410
H         -1.12600        0.98620        6.12840
H          0.98360        2.54590        6.09010
H          1.65820        2.82820        3.12460
H          2.12620        4.03720        4.35750
H          3.71060        2.43330        3.90600
H         -1.05840        3.52780        5.89870
H         -0.94450        5.40980        4.84860
H         -2.46580        3.62200        3.88370
H         -0.69280        3.97150        2.48750
H         -2.17630        0.97120        3.26910
H         -3.90620        1.06710        4.37770
H          2.45020       -2.56820        8.50690
H          3.51050       -3.79240        3.92420
H          4.33340       -3.65280        2.38120
H          2.59360       -3.98020        2.44440
H          3.84200       -0.69240        4.70680
H          4.18870       -1.73690        0.99690
H          4.77870        0.28360        2.18950
H          3.12290        0.84710        2.18880
H          4.65400        1.85100        0.45650
H          4.89800        0.24960       -0.22150
H          1.50220        1.66370        1.02650
H          1.13200        2.40570       -0.51950
H          2.49460        2.97110        0.45280
H          2.69890        3.04460       -4.32530
H          0.70420        1.13390       -5.57190
H          0.37720        2.69950       -4.86600
H          0.77720        4.76850       -6.12030
H          1.83860        4.81010       -7.52480
H          2.50670        4.54200       -5.91730
H          0.00190        1.57650       -7.87450
H         -0.68880        3.03300       -7.15390
H          0.31020        3.15990       -8.60220

