HF BASIS=def2-svp cutoff=1.0e-9 denserms=1.0e-6  zmake GRADIENT DIPOLE CHARGE=0

C         -3.83460        3.70540        3.63900
O         -2.46560        3.37130        3.44690
C         -2.16340        2.41400        2.51670
C         -0.82260        2.00320        2.41620
O          0.22890        2.48150        3.16840
C          0.23310        3.89190        3.37820
C         -0.46290        0.96680        1.53310
O          0.84140        0.54060        1.54120
C         -1.40930        0.37390        0.69930
C         -2.74010        0.79970        0.78810
C         -3.11310        1.80690        1.68680
C         -1.09600       -0.69820       -0.27840
O         -1.97080       -1.48060       -0.63910
C          0.26280       -0.80720       -0.84960
O          0.65970        0.28520       -1.69340
C          0.41800       -0.97070       -2.34990
C          1.60330       -1.72360       -2.89410
C          1.66350       -3.12580       -2.81510
C          2.75390       -3.83590       -3.32390
C          3.80040       -3.14970       -3.92350
O          4.84570       -3.87820       -4.40740
C          3.77360       -1.76460       -4.02380
C          2.67850       -1.06150       -3.51230
H         -4.41640        2.83150        3.95010
H         -3.88740        4.44360        4.44520
H         -4.25670        4.16540        2.73970
H         -0.29980        4.14120        4.30030
H          1.27490        4.20110        3.51020
H         -0.16850        4.44620        2.52270
H          1.29020        1.08950        2.21630
H         -3.50120        0.34390        0.15580
H         -4.16180        2.08650        1.71400
H          1.01070       -1.27070       -0.21800
H         -0.49420       -1.03650       -2.93720
H          0.84630       -3.67470       -2.35040
H          2.78260       -4.91930       -3.25240
H          5.49430       -3.26760       -4.79400
H          4.58460       -1.21530       -4.49060
H          2.66040        0.02430       -3.59080

