HF BASIS=def2-svp cutoff=1.0e-9 denserms=1.0e-6  zmake GRADIENT DIPOLE CHARGE=0

C          3.94790        2.77520        1.55370
C          3.75120        1.29410        1.20150
C          5.09920        0.57650        1.34200
C          2.63790        0.63450        2.06870
C          1.29030        1.34710        1.90150
C          2.47380       -0.88990        1.84170
C          2.11880       -1.30450        0.40400
C          2.03850       -2.83710        0.20770
C          3.42550       -3.47970        0.41160
C          1.46350       -3.29880       -1.17140
C          2.13120       -2.61610       -2.38290
C          1.21680       -1.45820       -2.78690
C         -0.11420       -1.76170       -2.14890
C         -1.19380       -0.95260       -2.11640
C         -1.23510        0.36230       -2.86050
C         -1.69890        1.51380       -1.97480
C         -3.04610        1.18070       -1.32550
C         -3.61510        2.39350       -0.57790
C         -5.00380        2.09080       -0.01920
O         -5.45640        3.19290        0.76020
C         -5.02310        0.82230        0.82710
C         -4.41490       -0.37570        0.09390
C         -2.97560       -0.11150       -0.44250
C         -2.02050        0.06670        0.76120
C         -2.48050       -1.31050       -1.35280
C         -2.40450       -2.67070       -0.60170
C         -0.98210       -3.10990       -0.23510
C         -0.05650       -3.10330       -1.45790
C         -0.51640       -4.19440       -2.46400
H          4.16710        2.90350        2.61890
H          3.05990        3.36620        1.31090
H          4.77950        3.20440        0.98410
H          3.45710        1.25160        0.14540
H          5.88160        1.10280        0.78410
H          5.41110        0.52240        2.39050
H          5.05720       -0.44100        0.94260
H          2.92590        0.75300        3.12310
H          0.49440        0.80640        2.42420
H          1.31910        2.35430        2.32880
H          1.01350        1.43720        0.84650
H          3.39600       -1.38190        2.16460
H          1.69200       -1.26500        2.51530
H          1.15750       -0.85360        0.14860
H          2.86110       -0.89250       -0.28640
H          1.39800       -3.25600        0.99340
H          3.76490       -3.37740        1.44640
H          4.18130       -3.02710       -0.23780
H          3.39640       -4.55420        0.20040
H          1.67450       -4.37620       -1.23240
H          3.15230       -2.27430       -2.19010
H          2.20350       -3.32750       -3.21540
H          1.13800       -1.39800       -3.87710
H          1.61930       -0.51280       -2.40830
H         -1.92660        0.25440       -3.70620
H         -0.26510        0.62710       -3.29340
H         -1.79730        2.41410       -2.59380
H         -0.94150        1.74070       -1.21530
H         -3.74800        0.97450       -2.14900
H         -2.94150        2.72250        0.22220
H         -3.68940        3.25380       -1.25600
H         -5.70830        1.97640       -0.85140
H         -4.83730        3.31000        1.50100
H         -6.05790        0.59270        1.11110
H         -4.50030        0.99420        1.77600
H         -5.07160       -0.64160       -0.74490
H         -4.43280       -1.22770        0.78110
H         -2.23500        0.96720        1.34260
H         -2.09480       -0.77580        1.45680
H         -0.97910        0.13370        0.44100
H         -3.25430       -1.44280       -2.12490
H         -2.86490       -3.43970       -1.23460
H         -3.00830       -2.67320        0.30920
H         -0.61290       -2.43410        0.54270
H         -1.01210       -4.11030        0.21370
H         -0.53490       -5.17860       -1.98200
H          0.14760       -4.27050       -3.33200
H         -1.51680       -3.99900       -2.86420

