HF BASIS=def2-svp cutoff=1.0e-9 denserms=1.0e-6  zmake GRADIENT DIPOLE CHARGE=0

C          6.48360       -1.00230       -2.40300
C          5.04550       -1.39360       -2.55410
O          4.58710       -2.47340       -2.21580
O          4.34270       -0.36600       -3.09680
C          2.92660       -0.51960       -3.40240
C          2.74750       -1.54280       -4.53770
C          2.49940        0.85460       -3.95530
C          2.07690       -0.91310       -2.16200
C          2.38740       -0.09700       -0.89170
C          1.02190        0.01320       -0.32900
C          0.61790        0.47360        0.91530
C         -0.75420        0.52940        1.18670
C         -1.66510        0.13600        0.20510
O         -3.04390        0.19900        0.45850
C         -3.55930        0.66150        1.66560
O         -4.77330        0.74180        1.81490
C         -2.58660        1.04870        2.73910
C         -1.26770        0.98740        2.46710
C         -3.16380        1.52560        4.09500
C         -4.15240        0.49470        4.69160
C         -3.90510        2.86720        3.89520
C         -2.05870        1.65270        5.16350
C         -1.59270        2.76400        5.75270
C         -1.26090       -0.31990       -1.04820
C          0.09520       -0.37580       -1.28370
O          0.65450       -0.79020       -2.46180
H          7.05100       -1.85140       -2.01120
H          6.89830       -0.72940       -3.37670
H          6.56850       -0.16930       -1.70080
H          3.40820       -1.30860       -5.38030
H          3.00690       -2.55550       -4.21330
H          1.71490       -1.56520       -4.90200
H          1.45170        0.86720       -4.27210
H          3.11710        1.13070       -4.81860
H          2.64750        1.64820       -3.21590
H          2.23360       -1.97530       -1.93000
H          3.07680       -0.63190       -0.23210
H          2.78610        0.89840       -1.10520
H          1.35260        0.78430        1.65160
H         -0.52120        1.28160        3.19760
H         -4.40980        0.74480        5.72910
H         -5.10060        0.45310        4.14760
H         -3.72540       -0.51580        4.69260
H         -4.77420        2.76750        3.23700
H         -4.28270        3.26140        4.84660
H         -3.24980        3.62610        3.45090
H         -1.60940        0.70700        5.47400
H         -0.80740        2.70120        6.50100
H         -1.96590        3.75550        5.52010
H         -1.97830       -0.61900       -1.80250

