HF BASIS=def2-svp cutoff=1.0e-9 denserms=1.0e-6  zmake GRADIENT DIPOLE CHARGE=0

C         -2.64200        3.04580       -1.81960
C         -3.27380        2.43730       -0.59600
O         -4.28800        2.91370       -0.08760
C         -2.66730        1.22930        0.02660
C         -1.56230        0.61160       -0.41980
C         -0.97380       -0.62590        0.23680
C         -0.99110       -1.76410       -0.77910
C         -2.32370       -2.41670       -1.03230
C          0.12340       -2.18280       -1.40790
C          1.48920       -1.60450       -1.18350
C          1.50240       -0.34590       -0.31180
C          0.46150       -0.38610        0.83240
C          0.81130       -1.52450        1.82330
C          0.53890        0.93520        1.62780
H         -1.62530        3.37720       -1.59320
H         -3.22500        3.91810       -2.13060
H         -2.64120        2.32490       -2.64120
H         -3.20150        0.86820        0.90070
H         -1.03660        0.97660       -1.29830
H         -1.62120       -0.91960        1.07600
H         -2.73600       -2.81090       -0.09780
H         -2.24490       -3.25180       -1.73650
H         -3.03420       -1.69760       -1.45140
H          0.06920       -3.00790       -2.11550
H          2.11440       -2.37690       -0.71930
H          1.94760       -1.37240       -2.15180
H          1.31130        0.52490       -0.95280
H          2.51310       -0.20200        0.09150
H          1.82760       -1.40370        2.21580
H          0.75300       -2.51710        1.36710
H          0.12500       -1.52050        2.67810
H         -0.23080        0.97200        2.40690
H          0.41140        1.81090        0.98270
H          1.51350        1.04100        2.11870

