HF BASIS=def2-svp cutoff=1.0e-9 denserms=1.0e-6  zmake GRADIENT DIPOLE CHARGE=0

O          5.95450        1.22370       -0.18670
C          4.52100        1.20850       -0.22280
C          3.97280        0.10380        0.67460
O          4.59750        0.25300        1.96910
C          2.43740        0.22570        0.76510
O          2.01510       -0.79000        1.68780
C          0.74090       -1.24230        1.48510
C          0.55320       -2.61970        1.58310
C         -0.71450       -3.17230        1.39160
C         -1.81250       -2.34750        1.11720
C         -3.18090       -2.93930        0.88190
C         -3.28140       -3.75610       -0.40680
C         -2.86980       -2.98230       -1.64610
O         -1.83940       -3.26830       -2.25980
C         -3.69720       -1.84820       -2.15070
C         -3.15080       -0.95630       -3.08890
O         -1.88050       -1.08200       -3.58930
C         -3.89310        0.12410       -3.56690
C         -5.19840        0.32290       -3.12060
C         -5.74570       -0.57020       -2.20470
O         -7.02110       -0.42480       -1.74670
C         -5.01310       -1.65100       -1.71960
C         -1.62170       -0.95980        1.06400
C         -0.35160       -0.40930        1.25280
O          2.08890        1.52630        1.24290
C          2.49840        2.57650        0.36410
C          4.02080        2.58800        0.21850
O          4.41820        3.55740       -0.77230
C          2.00290        3.93870        0.87610
O          2.51140        4.99750        0.19470
O          1.18080        4.09080        1.77080
H          6.18930        1.01190        0.74200
H          4.23560        1.02880       -1.26520
H          4.26710       -0.88580        0.30920
H          3.97730       -0.14630        2.61240
H          1.99840        0.05770       -0.22960
H          1.39690       -3.27120        1.79600
H         -0.83640       -4.25120        1.45700
H         -3.93180       -2.14060        0.88520
H         -3.43180       -3.58180        1.73590
H         -4.29310       -4.15320       -0.54170
H         -2.62820       -4.63690       -0.34320
H         -1.50700       -1.92780       -3.25000
H         -3.45050        0.80440       -4.28890
H         -5.76590        1.16600       -3.50010
H         -7.41920        0.35600       -2.16980
H         -5.49750       -2.32270       -1.01550
H         -2.45880       -0.29130        0.88010
H         -0.24490        0.67170        1.23900
H          2.00960        2.43530       -0.61030
H          4.49950        2.88400        1.16110
H          5.36850        3.36700       -0.94070
H          3.22100        4.73510       -0.44110

