HF BASIS=def2-svp cutoff=1.0e-9 denserms=1.0e-6  zmake GRADIENT DIPOLE CHARGE=0

C         -4.67550        3.37210       -3.68530
C         -5.56270        3.57360       -4.91440
O         -6.86400        4.02490       -4.54170
C         -4.54370        4.65190       -2.85460
O         -3.58160        4.39450       -1.81400
C         -3.30320        5.45460       -1.00940
O         -3.76510        6.57900       -1.13300
C         -2.36260        5.02910        0.08840
C         -3.13560        4.30360        1.18370
C         -2.20230        3.61760        2.18200
C         -3.00390        2.89850        3.26830
C         -2.10340        2.05960        4.17760
C         -2.93600        1.31580        5.22510
C         -2.12510        0.34810        6.09220
C         -1.39920       -0.77650        5.34210
C         -2.30840       -1.57080        4.40000
C         -1.64530       -2.81970        3.81000
C         -0.31370       -2.59610        3.08710
C         -0.37970       -1.56410        1.95930
C          0.96630       -1.45880        1.24210
C          0.97430       -0.32980        0.21030
C          2.29020       -0.31410       -0.56530
C          2.52520        0.94760       -1.39770
C          1.51340        1.18630       -2.52330
C          0.38850        2.14240       -2.11320
C         -0.60970        2.43020       -3.23880
C          0.00770        3.18770       -4.41540
C         -1.04860        3.62410       -5.41770
O         -5.27690        2.35620       -2.84110
C         -4.84200        1.08380       -3.05310
O         -4.05950        0.74860       -3.93160
C         -5.49280        0.13640       -2.07570
C         -4.48040       -0.85760       -1.50800
C         -5.16990       -1.89300       -0.61900
C         -4.20710       -2.83350        0.11120
C         -3.28260       -3.61600       -0.82620
C         -2.56190       -4.74150       -0.07900
C         -1.59580       -5.52950       -0.96900
C         -0.30810       -4.75890       -1.27490
C          0.65800       -5.60240       -2.11350
C          1.95190       -4.86430       -2.47500
C          2.83260       -4.57280       -1.25860
C          4.14370       -3.89050       -1.65230
C          4.94000       -3.48590       -0.40950
C          6.26380       -2.81440       -0.77890
C          7.11380       -2.43970        0.44020
C          6.48450       -1.42290        1.39810
C          6.26510       -0.04770        0.76320
C          5.63630        0.92990        1.76030
C          5.46650        2.31890        1.14010
C          4.84750        3.33810        2.09950
C          3.39220        3.04600        2.43210
H         -3.67200        3.05770       -3.99610
H         -5.12880        4.31650       -5.58910
H         -5.68760        2.63690       -5.46690
H         -7.22240        3.36840       -3.91750
H         -5.49780        4.91240       -2.38290
H         -4.18930        5.47970       -3.48050
H         -1.58180        4.39530       -0.34820
H         -1.86170        5.91860        0.48580
H         -3.78490        5.01900        1.70310
H         -3.80100        3.55290        0.73770
H         -1.57060        2.89580        1.64950
H         -1.53470        4.35630        2.64030
H         -3.74860        2.24380        2.79740
H         -3.55520        3.63500        3.86630
H         -1.54590        1.34930        3.55820
H         -1.36940        2.70360        4.67720
H         -3.41470        2.05230        5.88350
H         -3.75280        0.77060        4.73670
H         -1.38490        0.91380        6.67080
H         -2.80580       -0.10450        6.82490
H         -0.96240       -1.45590        6.08500
H         -0.55870       -0.34870        4.78430
H         -2.65410       -0.93210        3.57860
H         -3.20510       -1.88680        4.94690
H         -1.47990       -3.54520        4.61570
H         -2.35340       -3.28910        3.11600
H          0.01500       -3.55840        2.67510
H          0.45270       -2.29820        3.81230
H         -1.15630       -1.84590        1.23940
H         -0.64740       -0.58230        2.36090
H          1.18760       -2.41110        0.75060
H          1.76260       -1.28200        1.97610
H          0.83200        0.62850        0.72530
H          0.13830       -0.46450       -0.48460
H          2.33860       -1.19570       -1.21540
H          3.12350       -0.40600        0.14220
H          3.51850        0.84510       -1.85460
H          2.58240        1.82330       -0.74100
H          1.09880        0.23630       -2.88160
H          2.06070        1.62980       -3.36420
H          0.81870        3.09050       -1.76590
H         -0.16630        1.72460       -1.26590
H         -1.05600        1.49120       -3.58950
H         -1.42440        3.03020       -2.81840
H          0.73530        2.55390       -4.93150
H          0.54280        4.07350       -4.05460
H         -1.60640        2.76440       -5.80220
H         -0.57880        4.13050       -6.26620
H         -1.75860        4.32070       -4.95970
H         -6.30330       -0.37760       -2.60280
H         -5.93810        0.70840       -1.25340
H         -3.96120       -1.36110       -2.33130
H         -3.71700       -0.31650       -0.93640
H         -5.86330       -2.48760       -1.22770
H         -5.77880       -1.37740        0.13350
H         -3.60360       -2.25890        0.82480
H         -4.80670       -3.53350        0.70630
H         -2.55100       -2.93040       -1.26750
H         -3.86700       -4.04580       -1.64920
H         -3.31420       -5.43950        0.31150
H         -2.02500       -4.33760        0.78730
H         -1.33330       -6.45930       -0.44900
H         -2.09590       -5.81730       -1.90230
H          0.16170       -4.47830       -0.32650
H         -0.53650       -3.83290       -1.81430
H          0.90100       -6.52940       -1.58010
H          0.15840       -5.89380       -3.04570
H          1.70700       -3.92750       -2.98970
H          2.51530       -5.48220       -3.18520
H          3.05350       -5.50880       -0.73090
H          2.29570       -3.92710       -0.55970
H          3.93050       -2.99840       -2.25330
H          4.74020       -4.56840       -2.27420
H          4.32850       -2.80460        0.19220
H          5.13770       -4.37190        0.20490
H          6.07500       -1.92780       -1.39340
H          6.84730       -3.50250       -1.40250
H          7.34050       -3.35320        1.00440
H          8.07680       -2.04880        0.08830
H          5.54020       -1.80980        1.79630
H          7.15410       -1.30920        2.26060
H          7.22630        0.34740        0.41190
H          5.61040       -0.13230       -0.11010
H          6.26680        1.00240        2.65480
H          4.66490        0.53550        2.07890
H          6.44990        2.69140        0.83050
H          4.85580        2.25160        0.23280
H          4.90680        4.33120        1.63700
H          5.43200        3.38510        3.02590
H          2.78700        2.97740        1.52280
H          2.98270        3.85190        3.05130
H          3.28460        2.11320        2.99170

