HF BASIS=def2-svp cutoff=1.0e-9 denserms=1.0e-6  zmake GRADIENT DIPOLE CHARGE=0

C          1.76090       -0.99680       -0.71850
C          2.13720       -1.81160       -1.95130
C          3.26750       -2.71200       -1.43040
C          2.96390       -2.81750        0.05460
O          3.63010       -3.47400        0.84350
C          1.71510       -2.03550        0.42020
C          0.54390       -3.03430        0.37590
C          1.74720       -1.27750        1.74270
C          0.56860       -0.29100        1.84420
C          0.44010        0.66680        0.62350
C          0.50700       -0.11830       -0.73370
C          0.50420        0.84690       -1.92800
C         -0.70120        1.78150       -1.89460
C         -0.76510        2.51310       -0.57740
C         -0.74000        3.85780       -0.55230
C         -0.72690        4.61570        0.71500
O         -0.72310        5.83990        0.72570
C         -0.70640        3.83670        1.96630
C         -0.73350        2.49740        1.94510
C         -0.79550        1.64030        0.68530
C         -2.14170        0.88500        0.74660
H          2.61600       -0.32080       -0.54300
H          2.48500       -1.18640       -2.77960
H          1.29370       -2.40810       -2.31520
H          3.25000       -3.69510       -1.90560
H          4.24270       -2.23350       -1.55840
H         -0.43230       -2.54930        0.45700
H          0.53820       -3.63120       -0.54250
H          0.62320       -3.74710        1.20570
H          1.71850       -1.97400        2.58960
H          2.69080       -0.72480        1.84060
H          0.70650        0.28840        2.76350
H         -0.35780       -0.85990        1.97380
H          1.34080        1.30250        0.65730
H         -0.37700       -0.75790       -0.83060
H          0.48530        0.28290       -2.86790
H          1.42850        1.43950       -1.93190
H         -0.62940        2.48080       -2.73660
H         -1.62530        1.21250       -2.04820
H         -0.70760        4.46320       -1.45110
H         -0.68060        4.40520        2.88790
H         -0.74590        1.98340        2.90370
H         -2.98830        1.58070        0.68020
H         -2.25820        0.16260       -0.06680
H         -2.25870        0.33330        1.68640

