HF BASIS=def2-svp cutoff=1.0e-9 denserms=1.0e-6  zmake GRADIENT DIPOLE CHARGE=0

C         -0.76550        0.46580        3.22050
C          0.12770       -0.66510        3.79360
C          0.74710       -1.39220        2.58990
C          0.44020       -0.47160        1.41680
C          0.56530       -1.02610       -0.00750
C          1.95710       -1.62260       -0.25860
C          2.14670       -2.06340       -1.70810
C          1.82690       -0.95480       -2.72520
C          2.94040        0.10960       -2.70620
C          2.62330        1.26680       -3.62120
O          3.46990        1.74520       -4.37430
C          1.25880        1.88690       -3.46990
C          0.19600        0.80190       -3.53470
C          0.39650       -0.35370       -2.51070
C         -0.66900       -1.42450       -2.86530
C          0.24820        0.12110       -1.01850
C         -1.10510        0.80720       -0.69930
C         -1.24670        1.23230        0.77430
C         -0.97320        0.06770        1.73810
C         -2.09640       -0.99250        1.61160
C         -2.03910        0.68480        4.03230
O         -2.50470       -0.16710        4.79350
C         -2.75720        2.01790        3.85420
O         -3.69440        2.24340        4.89710
H         -0.18660        1.39790        3.28240
H         -0.41650       -1.38020        4.41910
H          0.91370       -0.22910        4.42150
H          0.28840       -2.37830        2.45780
H          1.82250       -1.54290        2.72840
H          1.15500        0.36540        1.49260
H         -0.15850       -1.83780       -0.13230
H          2.11190       -2.49230        0.39120
H          2.73190       -0.89610        0.01350
H          3.17770       -2.41190       -1.84660
H          1.50970       -2.93460       -1.90220
H          1.85260       -1.41260       -3.72510
H          3.10840        0.52360       -1.70730
H          3.88370       -0.34170       -3.03600
H          1.10350        2.60250       -4.28460
H          1.22390        2.44070       -2.52720
H         -0.79440        1.25700       -3.42440
H          0.21280        0.37760       -4.54920
H         -0.65980       -2.28020       -2.18610
H         -1.68020       -1.00480       -2.85180
H         -0.50330       -1.81840       -3.87530
H          1.00740        0.89640       -0.84530
H         -1.21910        1.70830       -1.31170
H         -1.93900        0.14910       -0.96180
H         -0.54610        2.05440        0.97020
H         -2.25150        1.63930        0.92810
H         -1.97170       -1.81910        2.31830
H         -2.15330       -1.43360        0.61320
H         -3.07600       -0.54290        1.81100
H         -3.29740        2.01180        2.90570
H         -2.03140        2.83450        3.86700
H         -3.95270        1.35750        5.22520

