HF BASIS=def2-svp cutoff=1.0e-9 denserms=1.0e-6  zmake GRADIENT DIPOLE CHARGE=0

C         -1.33070       -1.14480        3.55360
C         -0.96140       -1.88480        4.78280
O         -1.07430       -1.42680        5.91200
C         -1.82200        0.09980        3.64050
C         -2.23260        0.91240        2.48610
C         -1.54680        0.87850        1.26000
C         -1.94970        1.69010        0.19500
O         -1.36920        1.75800       -1.04150
C         -0.37830        0.78500       -1.38920
O         -0.42180        0.62780       -2.82190
C          0.51830       -0.36080       -3.27740
C          1.96960       -0.02750       -2.89990
O          2.83680       -1.14810       -3.15090
C          2.07470        0.29780       -1.40380
O          1.90700       -0.91430       -0.65010
C          1.01660        1.31010       -0.98080
O          1.28830        2.56960       -1.61650
C          0.41870       -0.39610       -4.79780
O         -0.62010        0.33210       -5.27440
O          1.19150       -1.01220       -5.51920
C         -3.03310        2.55460        0.36660
C         -3.71220        2.60870        1.58220
C         -3.30980        1.79340        2.63900
H         -1.19280       -1.67150        2.61830
H         -0.56940       -2.89970        4.60290
H         -1.96040        0.56150        4.61810
H         -0.68510        0.22550        1.17280
H         -0.61690       -0.19240       -0.95300
H          0.20780       -1.34800       -2.91420
H          2.33470        0.82790       -3.48160
H          2.81350       -1.31630       -4.11840
H          3.08060        0.67520       -1.18540
H          2.53800       -1.54340       -1.06380
H          1.06010        1.47790        0.10000
H          0.49580        3.12360       -1.47330
H         -1.06630        0.77350       -4.51270
H         -3.35200        3.19430       -0.45330
H         -4.55250        3.28700        1.70700
H         -3.84880        1.84970        3.58300

