HF BASIS=def2-svp cutoff=1.0e-9 denserms=1.0e-6  zmake GRADIENT DIPOLE CHARGE=0

C          7.04720       -3.35180       -4.64830
C          7.68740       -3.29280       -3.42770
C          8.63900       -4.18580       -2.71550
C          8.27840       -5.67160       -2.81220
C          6.99690       -6.02720       -2.04880
C          6.58060       -7.48900       -2.22850
C          7.53680       -8.47890       -1.58290
O          7.35420       -2.13860       -2.78590
C          6.49490       -1.46060       -3.59490
C          6.00420       -0.15450       -3.08140
C          4.70730       -0.32360       -2.28930
C          4.05210        1.00850       -1.91210
C          4.88760        1.84480       -0.94070
C          4.13040        3.06480       -0.40660
C          3.87280        4.13350       -1.47500
C          3.21440        5.39650       -0.90880
C          1.75390        5.17400       -0.51220
C          1.13140        6.43520        0.08840
C         -0.37480        6.30350        0.34350
C         -0.73430        5.14170        1.27670
C         -2.19490        5.15400        1.71440
C         -3.13800        4.73970        0.61100
O         -3.37090        5.40660       -0.38860
O         -3.70520        3.53020        0.88480
C         -4.78430        3.14520        0.00050
C         -6.04550        3.97190        0.31660
O         -6.63530        3.58910        1.57810
C         -6.19890        4.25410        2.68360
O         -5.33280        5.11800        2.70120
C         -6.93310        3.77110        3.90990
C         -6.00380        3.08240        4.90540
C         -5.51960        1.71660        4.41020
C         -4.77770        0.95390        5.51130
C         -4.37800       -0.45140        5.05220
C         -3.84950       -1.32450        6.19510
C         -2.52940       -0.86100        6.81980
C         -1.31290       -0.90190        5.88800
C         -0.96710       -2.31940        5.42250
C          0.38070       -2.41460        4.69950
C          0.51720       -1.55780        3.43850
C         -0.51320       -1.89490        2.35810
C         -0.27880       -1.09740        1.12360
C         -0.46970        0.23290        0.80150
C         -1.01000        1.28840        1.69340
C         -0.02620        0.37980       -0.55450
C         -0.01830        1.63150       -1.35290
C          0.39300       -0.87780       -0.95410
C          0.97380       -1.43150       -2.20860
C         -0.05610       -2.18360       -3.05380
C         -0.99470       -1.24630       -3.81960
C         -2.04460       -2.03630       -4.60170
C         -3.00220       -1.11430       -5.33970
O          0.21310       -1.77440        0.05340
C         -5.06080        1.65200        0.20690
O         -4.03700        0.86190       -0.39190
P         -4.13980       -0.71950       -0.12310
O         -3.03040       -1.33350       -1.09610
O         -4.00380       -1.14810        1.29990
O         -5.50980       -1.14910       -0.84270
C         -5.81710       -2.53690       -0.83600
C         -7.01090       -2.79340       -1.75820
N         -6.75260       -2.35570       -3.13500
C          6.26110       -2.17170       -4.75900
C          5.38020       -1.78340       -5.88600
H          7.13150       -4.15140       -5.37090
H          9.63460       -4.03610       -3.15040
H          8.71050       -3.89500       -1.66110
H          8.18000       -5.96990       -3.86270
H          9.11600       -6.24560       -2.39820
H          7.12940       -5.80900       -0.98190
H          6.17090       -5.39690       -2.39960
H          6.48070       -7.71930       -3.29570
H          5.58770       -7.62440       -1.78350
H          8.52640       -8.44510       -2.04780
H          7.15300       -9.49780       -1.69470
H          7.64850       -8.27460       -0.51390
H          5.84050        0.52580       -3.92500
H          6.77750        0.30070       -2.45230
H          4.89470       -0.91520       -1.38390
H          3.98880       -0.89780       -2.88710
H          3.08330        0.79090       -1.44850
H          3.84600        1.57860       -2.82520
H          5.17260        1.21960       -0.08620
H          5.81640        2.17380       -1.42040
H          3.18670        2.73190        0.03920
H          4.72200        3.50940        0.40240
H          4.83000        4.41790       -1.92820
H          3.24770        3.73000       -2.28000
H          3.78830        5.75940       -0.04770
H          3.25700        6.18240       -1.67300
H          1.69330        4.36240        0.21930
H          1.18110        4.86450       -1.39490
H          1.64010        6.67990        1.02900
H          1.29340        7.28270       -0.58870
H         -0.73250        7.24540        0.77640
H         -0.88710        6.18050       -0.61810
H         -0.51180        4.19020        0.78400
H         -0.10610        5.20030        2.17370
H         -2.31980        4.46450        2.55820
H         -2.50150        6.14020        2.07770
H         -4.46690        3.31040       -1.03730
H         -5.85490        5.05110        0.30260
H         -6.80610        3.77460       -0.44750
H         -7.39620        4.65100        4.37150
H         -7.75430        3.10480        3.62080
H         -6.55190        2.95150        5.84660
H         -5.13920        3.71960        5.12370
H         -4.85310        1.84960        3.55050
H         -6.37730        1.12420        4.07020
H         -5.42260        0.87620        6.39560
H         -3.88720        1.52090        5.80730
H         -5.25870       -0.95130        4.63010
H         -3.64220       -0.38730        4.24300
H         -3.74600       -2.35410        5.83470
H         -4.60860       -1.36270        6.98670
H         -2.64200        0.15710        7.20830
H         -2.32270       -1.49410        7.69210
H         -0.45570       -0.48700        6.43280
H         -1.48080       -0.24680        5.02700
H         -1.75830       -2.70960        4.77350
H         -0.92820       -2.98370        6.29480
H          1.17840       -2.13290        5.39810
H          0.55930       -3.46450        4.43620
H          0.45620       -0.49590        3.70440
H          1.52740       -1.70660        3.03310
H         -0.46680       -2.96610        2.12420
H         -1.52720       -1.69190        2.71880
H         -0.19380        1.80930        2.20390
H         -1.58170        2.01890        1.11870
H         -1.67910        0.86850        2.45160
H          0.31530        1.45880       -2.38050
H         -1.02290        2.06450       -1.39540
H          0.65620        2.36260       -0.89910
H          1.77920       -2.12490       -1.93620
H          1.43790       -0.63600       -2.80150
H         -0.63900       -2.86760       -2.42420
H          0.48160       -2.80440       -3.78130
H         -0.40920       -0.62840       -4.51140
H         -1.49720       -0.56120       -3.12940
H         -2.61840       -2.67390       -3.91770
H         -1.55110       -2.69760       -5.32430
H         -3.75780       -1.70080       -5.87180
H         -2.46880       -0.50330       -6.07440
H         -3.51850       -0.44540       -4.64430
H         -6.01320        1.37770       -0.25870
H         -5.09890        1.40930        1.27220
H         -2.14080       -1.27860       -0.69590
H         -4.94840       -3.11420       -1.17210
H         -6.06430       -2.83920        0.18630
H         -7.88350       -2.24240       -1.38970
H         -7.26140       -3.85920       -1.75800
H         -6.47940       -1.37050       -3.09890
H         -5.92410       -2.83600       -3.49100
H          4.36180       -1.59480       -5.53020
H          5.33150       -2.57430       -6.64130
H          5.75230       -0.87340       -6.36810

