HF BASIS=def2-svp cutoff=1.0e-9 denserms=1.0e-6  zmake GRADIENT DIPOLE CHARGE=0

C         -2.75150        2.28550        0.90460
C         -2.75810        1.10630       -0.08780
C         -2.60190        1.61800       -1.53880
C         -3.51790        2.77020       -1.96700
C         -4.97730        2.40220       -1.93560
O         -5.77200        3.48790       -1.99850
O         -5.45730        1.28270       -1.89080
C         -1.65860        0.06750        0.31610
C         -1.91380       -0.45410        1.75220
C         -1.23710       -1.79760        1.77830
O         -1.17140       -2.50100        2.78290
C         -0.58260       -2.14820        0.44470
C         -0.68710       -3.64910        0.12950
C          0.89300       -1.67140        0.52620
C          1.49820       -0.96820       -0.46440
C          0.73250       -0.74950       -1.74350
O          1.28720       -0.30380       -2.74760
C         -0.72130       -1.13240       -1.84050
C         -1.46770       -1.26090       -0.50990
C         -2.85020       -1.89760       -0.81710
C          2.94040       -0.39090       -0.38470
C          3.84790       -1.25660       -1.29840
C          3.02330        1.08040       -0.87930
C          2.16510        2.03720       -0.05960
C          2.08940        1.61010        1.38940
O          1.08340        1.85360        2.05670
C          3.30040        0.87060        1.96160
C          4.52890        1.81620        1.89560
C          3.10250        0.62280        3.47330
C          3.54580       -0.43070        1.09200
C          3.13890       -1.75310        1.75280
C          1.63100       -1.95390        1.82870
O          1.43740       -3.29480        2.25170
H         -2.85700        1.95050        1.94040
H         -1.82160        2.85900        0.82660
H         -3.59140        2.96370        0.72670
H         -3.73770        0.62190        0.00450
H         -2.80060        0.79290       -2.22750
H         -1.56320        1.93350       -1.69750
H         -3.27790        3.04550       -3.00080
H         -3.34790        3.65380       -1.34480
H         -6.68130        3.12200       -1.99000
H         -0.70590        0.61060        0.32300
H         -2.97810       -0.59490        1.96240
H         -1.45570        0.19800        2.50080
H         -1.70000       -4.02850        0.30410
H         -0.03790       -4.26880        0.75120
H         -0.41580       -3.85950       -0.91010
H         -0.73980       -2.08920       -2.37900
H         -1.20100       -0.40940       -2.50040
H         -2.74950       -2.83750       -1.37100
H         -3.46340       -1.24260       -1.44330
H         -3.42060       -2.11230        0.09210
H          3.78820       -2.32030       -1.04400
H          3.58020       -1.16260       -2.35580
H          4.89790       -0.95290       -1.21400
H          2.76210        1.19510       -1.93510
H          4.07000        1.40320       -0.85640
H          1.14570        2.05400       -0.46100
H          2.56390        3.05500       -0.11240
H          5.39440        1.36460        2.39500
H          4.31550        2.76990        2.39400
H          4.84490        2.06400        0.88220
H          2.17990        0.09040        3.70710
H          3.03540        1.57360        4.01780
H          3.94330        0.06630        3.90160
H          4.63960       -0.49880        0.98990
H          3.58270       -2.58990        1.19540
H          3.57980       -1.85500        2.75150
H          1.21750       -1.30520        2.60340
H          0.60090       -3.31030        2.76430

