HF BASIS=def2-svp cutoff=1.0e-9 denserms=1.0e-6  zmake GRADIENT DIPOLE CHARGE=0

C         -1.54370        2.47490       -0.04350
C         -0.21700        1.73240       -0.05680
C         -0.20520        0.62860       -1.11670
C          1.11260       -0.14190       -1.13490
O          1.27120       -0.81180        0.11980
C          2.33630       -1.63540        0.19890
O          3.17080       -1.81650       -0.67660
C          2.44040       -2.29840        1.51730
C          1.51270       -2.45540        2.47580
C          0.11400       -2.02470        2.43500
C         -0.31380       -0.97880        3.25950
C         -1.64610       -0.56140        3.23170
C         -2.55760       -1.19090        2.38510
C         -2.13960       -2.24010        1.56770
C         -0.80780       -2.65880        1.59390
H         -2.37080        1.79530        0.18590
H         -1.74140        2.94300       -1.01310
H         -1.53000        3.26160        0.71730
H          0.59280        2.44420       -0.25480
H         -0.03830        1.30840        0.93730
H         -1.02660       -0.06870       -0.91170
H         -0.37960        1.06580       -2.10660
H          1.08630       -0.87990       -1.94520
H          1.95380        0.54240       -1.29440
H          3.42950       -2.71660        1.68430
H          1.79320       -2.96630        3.39480
H          0.38820       -0.47450        3.91890
H         -1.97130        0.25740        3.86800
H         -3.59370       -0.86350        2.36210
H         -2.84950       -2.73150        0.90770
H         -0.49430       -3.47680        0.95000

