HF BASIS=def2-svp cutoff=1.0e-9 denserms=1.0e-6  zmake GRADIENT DIPOLE CHARGE=0

C         -0.09510        1.33890        4.68710
C         -0.10930        0.45770        3.48240
C          0.86810        0.76920        2.36970
C          0.82330       -0.52350        1.50470
C          0.79780       -1.61650        2.62690
C         -0.15810       -1.03170        3.62350
C         -1.36940       -0.29560        3.11400
C         -1.74960       -0.39880        1.66250
C         -0.52960       -0.63270        0.72320
C         -0.58460        0.14120       -0.65710
C         -0.68020        1.67560       -0.47050
C         -1.85190       -0.33210       -1.42710
C         -1.89580        0.11080       -2.88710
C         -0.63980       -0.29810       -3.64790
C          0.67780        0.17240       -2.98440
C          1.83880       -0.47360       -3.77220
C          0.84010        1.67710       -3.19550
O          1.68850        2.37050       -2.64240
C          0.68830       -0.27230       -1.48440
C          1.98520        0.04630       -0.70980
C          2.04510       -0.72180        0.60800
H         -0.37620        2.36030        4.41170
H         -0.79480        0.99150        5.45460
H          0.90470        1.36650        5.13230
H          1.87060        0.92140        2.78840
H          0.58320        1.67820        1.84430
H          0.46070       -2.59230        2.26270
H          1.78610       -1.73800        3.08610
H         -0.16870       -1.49900        4.59530
H         -2.23270       -0.21810        3.76380
H         -2.31230        0.49960        1.39980
H         -2.45100       -1.23430        1.54410
H         -0.59850       -1.69680        0.44130
H         -1.45160        1.96170        0.24830
H          0.25660        2.12170       -0.13560
H         -0.94270        2.19350       -1.39580
H         -2.75990        0.02550       -0.92650
H         -1.90350       -1.42900       -1.40730
H         -2.04490        1.19290       -2.95970
H         -2.76900       -0.34430       -3.37030
H         -0.63200       -1.39370       -3.73020
H         -0.71340        0.08350       -4.67470
H          1.85880       -1.56010       -3.63340
H          2.81350       -0.07360       -3.47350
H          1.74160       -0.27680       -4.84700
H          0.17420        2.13370       -3.94850
H          0.65510       -1.37390       -1.53540
H          2.86390       -0.24400       -1.29440
H          2.09090        1.11560       -0.50990
H          2.96240       -0.44820        1.14390
H          2.14390       -1.78990        0.37060

