HF BASIS=def2-svp cutoff=1.0e-9 denserms=1.0e-6  zmake GRADIENT DIPOLE CHARGE=0

O         -4.75450        0.49940        0.53610
C         -3.47830        0.23430       -0.06700
C         -2.75370        1.55270       -0.11960
C         -2.36320        2.15980       -1.24830
C         -2.76710       -0.85320        0.78710
O         -2.77470       -0.45030        2.16830
C         -1.36630       -1.17570        0.32020
C         -0.25660       -1.03270        1.05780
C          1.03110       -1.38200        0.48080
C          2.21060       -1.24620        1.22200
C          3.44180       -1.58370        0.65430
C          3.50290       -2.05820       -0.65530
C          2.33150       -2.19620       -1.39980
C          1.09620       -1.85790       -0.83030
C         -0.14260       -2.00820       -1.62790
O         -0.11560       -2.41380       -2.78380
O         -1.31350       -1.67070       -1.00910
H         -5.16970        1.19440       -0.00600
H         -3.66140       -0.15420       -1.07610
H         -2.53410        2.02350        0.83710
H         -2.54710        1.72690       -2.22730
H         -1.83600        3.10890       -1.21310
H         -3.36690       -1.77110        0.74920
H         -3.67210       -0.08280        2.30070
H         -0.29730       -0.66030        2.07650
H          2.18230       -0.87790        2.24540
H          4.35460       -1.47630        1.23590
H          4.46160       -2.32100       -1.09610
H          2.38230       -2.56750       -2.42160

