HF BASIS=def2-svp cutoff=1.0e-9 denserms=1.0e-6  zmake GRADIENT DIPOLE CHARGE=0

N          2.47270        0.92240       -3.09030
C          2.78810       -0.10870       -2.05610
C          2.34840       -1.54290       -2.39740
S          0.92270       -1.72700       -3.54500
C         -0.55860       -1.69430       -2.43330
C         -1.01680       -0.24920       -2.37170
C         -1.05990        0.56510       -1.30570
C         -1.56870        1.91720       -1.38160
C         -1.62820        2.73290       -0.31760
C         -2.13970        4.08250       -0.39780
C         -2.31240        4.93370        0.62640
C         -2.06840        4.70060        2.09070
C         -0.91590        5.52720        2.58610
C          0.26390        5.09640        3.06430
C          0.72050        3.67210        3.23030
C          1.70440        3.24550        2.14590
C          3.04200        3.92000        2.25580
O          3.61140        3.78420        3.46980
O          3.63130        4.50920        1.36400
C         -0.49790       -2.48200       -1.08780
O         -1.81780       -2.52720       -0.49110
C         -0.06200       -3.95100       -1.25450
C          0.37220       -4.63170        0.05460
C         -0.64990       -4.67160        1.18400
C         -1.86620       -5.49680        0.84600
O         -2.82990       -4.80240        0.20050
O         -1.97910       -6.68170        1.12190
C          2.22110        0.35000       -0.71010
O          1.95390        1.67880       -0.71600
O          2.04540       -0.35800        0.26890
H          1.52540        0.71180       -3.43680
H          3.05390        0.72330       -3.91090
H          3.87610       -0.09990       -1.91230
H          3.17750       -2.00180       -2.95080
H          2.21000       -2.16210       -1.50910
H         -1.34080       -2.19550       -3.02100
H         -1.38690        0.13280       -3.32480
H         -0.70280        0.23740       -0.33140
H         -1.92110        2.26590       -2.34940
H         -1.26800        2.38420        0.64540
H         -2.39820        4.44150       -1.39400
H         -2.69820        5.92400        0.38450
H         -1.94040        3.63970        2.31480
H         -2.96930        5.00460        2.63920
H         -1.07110        6.60560        2.54310
H          0.98550        5.85350        3.37380
H          1.16860        3.57230        4.22540
H         -0.12950        2.98430        3.22070
H          1.29150        3.46720        1.15510
H          1.87550        2.16510        2.19770
H          4.47430        4.23820        3.37400
H          0.15790       -1.97900       -0.37320
H         -2.15780       -1.61090       -0.47580
H         -0.87710       -4.53000       -1.70540
H          0.78850       -4.03180       -1.93780
H          1.27230       -4.12480        0.42480
H          0.67380       -5.65940       -0.18570
H         -0.94940       -3.67340        1.51800
H         -0.18880       -5.13680        2.06490
H         -2.55140       -3.87410       -0.00040
H          2.14400        2.00430       -1.63420

