HF BASIS=def2-svp cutoff=1.0e-9 denserms=1.0e-6  zmake GRADIENT DIPOLE CHARGE=0

C          5.94390       -1.87380        1.64060
O          5.75120       -2.77730        2.73880
C          6.49350       -0.55990        2.20930
O          5.44510        0.12720        2.91170
C          5.70450        1.42700        3.21330
O          6.75020        2.01490        2.97560
C          4.49140        2.07420        3.82920
C          3.74660        2.92150        2.80080
C          3.11990        2.08730        1.71380
C          3.38180        2.13610        0.39640
C          4.32230        3.06130       -0.32480
C          5.63250        2.38600       -0.60170
C          6.14000        2.00790       -1.78670
C          5.53830        2.18280       -3.14920
C          5.20050        0.85770       -3.77040
C          4.01480        0.47020       -4.27030
C          2.73220        1.24720       -4.29980
C          2.57190        1.95950       -5.61240
C          1.84160        1.57780       -6.67490
C          1.02920        0.32290       -6.82490
C         -0.40110        0.63990       -7.15470
C         -1.48030        0.51070       -6.36370
C         -1.52590        0.05200       -4.93540
C         -2.07320        1.12940       -4.04420
C         -3.27420        1.16240       -3.44270
C         -4.37190        0.14570       -3.55980
C         -4.48140       -0.70510       -2.30430
C          4.64060       -1.63370        0.85910
O          4.36920       -2.69450       -0.08240
C          3.82480       -3.83090        0.42670
O          3.67980       -4.05700        1.62170
C          3.43990       -4.78260       -0.67650
C          2.26300       -4.25200       -1.49050
C          0.98470       -4.24510       -0.69680
C          0.34360       -3.18130       -0.18290
C          0.73410       -1.73120       -0.26320
C         -0.38160       -0.91540       -0.85250
C         -1.08430        0.07020       -0.26750
C         -0.93760        0.62350        1.12100
C         -0.63210        2.09380        1.07000
C         -1.31870        3.10290        1.63220
C         -2.55990        3.01970        2.47080
C         -3.72910        3.64970        1.77000
C         -4.85260        3.04760        1.34310
C         -5.19240        1.58750        1.42280
C         -6.26400        1.33470        2.44430
C         -6.14780        0.69570        3.62140
C         -4.91580        0.07450        4.21590
C         -4.44030        0.86430        5.40120
C         -4.35640        0.47010        6.68300
C         -4.70800       -0.87190        7.25400
C         -5.94790       -0.78860        8.13020
H          6.69480       -2.33490        0.99070
H          4.97210       -3.34270        2.55160
H          7.30950       -0.75800        2.91300
H          6.85700        0.06290        1.38540
H          4.83520        2.69940        4.66170
H          3.84030        1.30830        4.26560
H          2.94540        3.47250        3.30950
H          4.42800        3.67360        2.39150
H          2.38180        1.36030        2.05570
H          2.84720        1.43910       -0.25050
H          3.82840        3.39730       -1.24180
H          4.50970        3.97380        0.25190
H          6.24190        2.20230        0.28390
H          7.12390        1.54060       -1.77750
H          6.28190        2.68110       -3.78550
H          4.67780        2.85350       -3.12920
H          6.03260        0.16030       -3.85980
H          3.95760       -0.51880       -4.72480
H          2.68700        1.98190       -3.49010
H          1.89820        0.56360       -4.10510
H          3.12230        2.89630       -5.69430
H          1.85910        2.22440       -7.55320
H          1.10780       -0.32640       -5.94900
H          1.44540       -0.25910       -7.65720
H         -0.56780        1.00820       -8.16740
H         -2.44830        0.77830       -6.78840
H         -0.53580       -0.22090       -4.55900
H         -2.12480       -0.86200       -4.88100
H         -1.39730        1.96620       -3.86950
H         -3.49770        2.01810       -2.80580
H         -5.31680        0.67690       -3.72200
H         -4.23620       -0.50280       -4.43170
H         -4.63680       -0.08570       -1.41480
H         -3.57340       -1.29900       -2.15250
H         -5.32540       -1.39740       -2.38960
H          3.77910       -1.51100        1.52460
H          4.72580       -0.72890        0.25070
H          4.31580       -4.93570       -1.31870
H          3.20250       -5.75630       -0.22990
H          2.11230       -4.90240       -2.36120
H          2.49190       -3.26010       -1.89290
H          0.54940       -5.22860       -0.51590
H         -0.56750       -3.37480        0.38620
H          0.99560       -1.39690        0.74570
H          1.62730       -1.57880       -0.87760
H         -0.64050       -1.17090       -1.88060
H         -1.87230        0.53880       -0.85760
H         -0.13680        0.12860        1.67890
H         -1.86500        0.41590        1.66260
H          0.26160        2.35700        0.50370
H         -0.93900        4.11240        1.47760
H         -2.77530        1.99480        2.77690
H         -2.38260        3.57130        3.40200
H         -3.65360        4.72570        1.62070
H         -5.61200        3.67180        0.87220
H         -5.57450        1.27080        0.44570
H         -4.30780        0.97180        1.59320
H         -7.24700        1.72850        2.18840
H         -7.03990        0.61480        4.24310
H         -4.09660        0.01340        3.49360
H         -5.15430       -0.95980        4.47710
H         -4.13630        1.88620        5.17020
H         -3.99090        1.19820        7.40770
H         -4.86650       -1.62290        6.47510
H         -3.86190       -1.22640        7.85400
H         -5.79860       -0.09330        8.96390
H         -6.81660       -0.45290        7.55280
H         -6.18280       -1.77310        8.54770

