HF BASIS=def2-svp cutoff=1.0e-9 denserms=1.0e-6  zmake GRADIENT DIPOLE CHARGE=0

C         -2.33950        0.41400       -4.24320
O         -1.71690        0.10350       -3.00510
C         -2.16360        0.76260       -1.88910
C         -3.11140        1.78920       -1.89450
C         -3.51880        2.39880       -0.69550
C         -4.54190        3.51130       -0.71990
C         -3.93340        4.83330       -1.09330
C         -4.30760        5.56690       -2.14990
C         -2.95780        1.97530        0.51940
C         -1.99980        0.95930        0.54350
O         -1.44510        0.45720        1.69160
C         -1.38990        1.34380        2.80340
C         -1.59920        0.36710       -0.66540
O         -0.67950       -0.65820       -0.66300
C          0.66910       -0.17460       -0.49960
C          1.41080       -0.35380       -1.82750
C          1.36260       -0.91360        0.68070
O          2.69020       -0.38150        0.90440
C          2.76530        0.76710        1.62390
C          4.19900        1.16900        1.78940
O          1.81890        1.39570        2.07410
C          1.47880       -2.42400        0.47980
C          2.65680       -3.02230       -0.00370
C          2.67800       -4.39250       -0.16350
C          1.58880       -5.17600        0.13350
O          1.81980       -6.49610       -0.09650
C          3.17770       -6.45200       -0.58050
O          3.73280       -5.12110       -0.61920
C          0.41510       -4.63390        0.60550
C          0.36350       -3.24680        0.77780
H         -2.13910        1.45000       -4.53500
H         -1.90440       -0.23610       -5.00830
H         -3.41530        0.21270       -4.20880
H         -3.55430        2.13980       -2.82160
H         -5.01130        3.60680        0.26730
H         -5.35140        3.23630       -1.40820
H         -3.14040        5.20680       -0.44800
H         -3.82620        6.51670       -2.36300
H         -5.09470        5.24200       -2.82300
H         -3.29770        2.43910        1.44020
H         -0.99100        2.32400        2.52030
H         -0.71340        0.90790        3.54480
H         -2.37530        1.44010        3.26990
H          0.68460        0.90240       -0.28040
H          1.32200       -1.37880       -2.20200
H          2.46970       -0.09410       -1.73870
H          0.97210        0.29170       -2.59560
H          0.77990       -0.78020        1.60060
H          4.73780        0.39820        2.34620
H          4.65540        1.32620        0.80880
H          4.25030        2.10620        2.35110
H          3.53400       -2.43590       -0.25460
H          3.20250       -6.87160       -1.59300
H          3.80240       -7.07300        0.07190
H         -0.44140       -5.25900        0.82970
H         -0.56080       -2.79470        1.13810

