HF BASIS=def2-svp cutoff=1.0e-9 denserms=1.0e-6  zmake GRADIENT DIPOLE CHARGE=0

C          2.09930        1.86090       -0.83780
C          2.97470        0.80120       -0.17780
C          2.47710       -0.63910       -0.42550
C          3.49490       -1.65110        0.15080
O          3.48320       -1.61160        1.57910
N          1.14850       -0.78140        0.20040
C          0.43280       -1.98490       -0.25260
C         -0.99630       -2.00690        0.33570
N         -1.69660       -0.75430        0.00500
C         -2.84540       -0.48380        0.89880
C         -3.25620        0.98740        0.67140
C         -4.35670        1.46300        1.61110
C         -3.99430       -1.46650        0.58130
O         -4.27250       -1.45820       -0.81880
H          1.09050        1.87280       -0.41350
H          2.53510        2.85370       -0.68720
H          2.01970        1.68630       -1.91590
H          3.03670        1.00980        0.89810
H          3.99110        0.90290       -0.57690
H          2.40490       -0.78680       -1.51030
H          3.25120       -2.67130       -0.16300
H          4.50850       -1.42070       -0.19450
H          4.16970       -2.23000        1.88320
H          1.30940       -0.85880        1.21070
H          0.36440       -1.98880       -1.34720
H          0.95560       -2.89470        0.06010
H         -0.91950       -2.13310        1.42250
H         -1.54090       -2.86500       -0.07160
H         -0.99470       -0.00940        0.10550
H         -2.54630       -0.59570        1.94820
H         -2.38320        1.63470        0.82830
H         -3.57960        1.14450       -0.36500
H         -4.08980        1.27780        2.65640
H         -5.30830        0.96770        1.40080
H         -4.51390        2.53940        1.48790
H         -3.72050       -2.48950        0.85970
H         -4.91300       -1.21980        1.11940
H         -3.39900       -1.29420       -1.23270

