HF BASIS=def2-svp cutoff=1.0e-9 denserms=1.0e-6  zmake GRADIENT DIPOLE CHARGE=0

C         -2.13180       -0.54310       -3.72670
C         -3.23670       -1.47560       -3.24870
C         -3.46880       -1.41040       -1.73710
C         -2.29730       -1.92010       -0.94600
C         -1.58430       -1.16010       -0.09770
C         -0.38380       -1.55740        0.71940
C          0.03240       -2.99710        0.59090
C          1.02380       -3.48640       -0.17360
C          1.88350       -2.70300       -1.12590
C          3.28880       -2.49400       -0.56000
C          4.21790       -1.72020       -1.50220
C          3.74460       -0.31990       -1.90800
C          3.48090        0.60400       -0.71710
C          3.06510        2.00450       -1.17890
C          2.82720        2.97100       -0.01290
C          1.61990        2.62490        0.82360
C          1.76550        2.02130        2.07770
C          0.63760        1.69030        2.83480
O          0.79990        1.09380        4.05560
C         -0.65940        1.94890        2.37240
C         -1.86220        1.58270        3.19440
C         -0.78780        2.56480        1.12060
O         -1.99930        2.87730        0.56760
C          0.33030        2.89160        0.35190
H         -2.05710       -0.57830       -4.81840
H         -2.33820        0.49160       -3.43470
H         -1.15850       -0.83010       -3.31710
H         -2.99980       -2.50290       -3.55090
H         -4.16910       -1.20300       -3.75740
H         -3.72090       -0.38250       -1.44900
H         -4.34070       -2.02650       -1.48620
H         -2.03590       -2.96460       -1.09870
H         -1.86720       -0.11480        0.01930
H         -0.60670       -1.36520        1.77620
H          0.44600       -0.88910        0.46590
H         -0.53070       -3.69610        1.20740
H          1.21690       -4.55750       -0.13730
H          1.94310       -3.25580       -2.07140
H          1.41500       -1.74400       -1.36560
H          3.23270       -1.98220        0.40840
H          3.74660       -3.47140       -0.35810
H          5.20070       -1.63460       -1.02180
H          4.37170       -2.31110       -2.41380
H          4.51550        0.12830       -2.54740
H          2.84250       -0.39560       -2.52600
H          4.38340        0.67250       -0.09810
H          2.68840        0.17960       -0.09360
H          3.85920        2.41930       -1.81210
H          2.16580        1.93520       -1.80320
H          3.72270        3.01940        0.61940
H          2.69030        3.98510       -0.41020
H          2.76220        1.80600        2.45270
H          1.74920        0.98130        4.22650
H         -1.60620        1.01090        4.09110
H         -2.54570        0.96010        2.60730
H         -2.38480        2.48910        3.51700
H         -2.70060        2.70810        1.21540
H          0.18590        3.36010       -0.61910

