HF BASIS=def2-svp cutoff=1.0e-9 denserms=1.0e-6  zmake GRADIENT DIPOLE CHARGE=0

O          3.97050       -1.20720       -2.59880
C          2.85480       -1.00270       -3.48460
C          1.88730       -2.13650       -3.39330
O          1.93830       -2.90580       -2.18370
C          0.78980       -2.06080       -2.36070
C          0.70090       -0.83220       -1.47920
C          1.37160        0.35150       -1.87720
C          1.24160        1.52210       -1.11550
C          0.49400        1.54000        0.06500
C          0.37950        2.71350        0.82200
C         -0.36000        2.73200        2.00490
C         -1.00250        1.57570        2.46050
C         -0.89710        0.38230        1.70650
C         -1.54240       -0.78840        2.16240
C         -1.43000       -1.96170        1.41270
C         -0.69470       -1.98040        0.22410
C         -0.04380       -0.83020       -0.26510
C         -0.14730        0.36000        0.49950
C         -2.27930       -0.75520        3.35570
C         -2.38110        0.42210        4.09430
C         -1.74670        1.58040        3.64950
C          2.18730        0.35760       -3.16380
O          3.21150        1.35760       -3.09840
H          3.62570       -1.73250       -1.84900
H          3.28500       -0.95520       -4.49120
H          1.71010       -2.65100       -4.32630
H         -0.14560       -2.54200       -2.63320
H          1.73920        2.43160       -1.45140
H          0.87040        3.62870        0.49690
H         -0.42670        3.66000        2.56830
H         -1.91110       -2.87840        1.74660
H         -0.63000       -2.92540       -0.31090
H         -2.78050       -1.64950        3.71950
H         -2.95440        0.43680        5.01750
H         -1.83670        2.48950        4.23990
H          1.50440        0.63150       -3.97720
H          3.99030        0.89400       -2.72630

