HF BASIS=def2-svp cutoff=1.0e-9 denserms=1.0e-6  zmake GRADIENT DIPOLE CHARGE=0

C         -5.13370       -3.00090        2.96520
O         -4.78810       -2.60860        1.64280
C         -3.58190       -1.98620        1.47830
C         -3.28690       -1.62200        0.16390
C         -2.08670       -0.97770       -0.14840
C         -1.15520       -0.68290        0.85580
C         -1.45690       -1.05500        2.17380
C         -2.66040       -1.70030        2.48350
C          0.15720        0.01250        0.55230
C         -0.02420        1.35700       -0.15950
O          1.20980        2.08210       -0.26320
C          2.26440        1.33630       -0.72630
C          2.27850       -0.06310       -0.76090
C          1.09030       -0.85920       -0.29600
C          3.41350       -0.72570       -1.26070
C          4.52850       -0.00210       -1.69430
C          4.50680        1.38270       -1.63010
O          5.59680        2.09080       -2.04650
C          3.38660        2.04840       -1.14800
O          3.40970        3.41850       -1.10260
H         -4.42220       -3.73470        3.35800
H         -6.11710       -3.47910        2.92570
H         -5.21240       -2.13200        3.62690
H         -3.99960       -1.84410       -0.62690
H         -1.89360       -0.71670       -1.18630
H         -0.75530       -0.84600        2.97940
H         -2.84360       -1.96510        3.51940
H          0.67500        0.21990        1.50070
H         -0.71610        1.99210        0.40620
H         -0.44780        1.24500       -1.16600
H          0.57490       -1.24700       -1.18370
H          1.42190       -1.72230        0.29500
H          3.43740       -1.81260       -1.30940
H          5.40630       -0.51540       -2.07530
H          5.34710        3.02660       -1.90710
H          2.54120        3.66670       -0.72730

