HF BASIS=def2-svp cutoff=1.0e-9 denserms=1.0e-6  zmake GRADIENT DIPOLE CHARGE=0

O         -2.10320       -1.76130        0.76810
C         -0.98290       -2.45980        0.50670
O         -0.11660       -2.63010        1.35430
C         -0.90290       -2.90480       -0.92780
C         -0.62550       -1.73180       -1.86830
C          0.72580       -1.06680       -1.58560
C          0.97340        0.13740       -2.49930
C          2.31030        0.83760       -2.21640
C          2.39650        1.51290       -0.84330
C          1.59120        2.81570       -0.75340
C          1.16480        3.12260        0.68690
C         -0.15190        2.41920        1.03800
C         -0.48420        2.46780        2.53400
C          0.29390        1.44610        3.36520
C         -0.08460        0.03570        2.99460
O          0.99110       -0.75750        2.83440
O         -1.22080       -0.38170        2.81430
H         -1.98330       -1.36610        1.67060
H         -1.84540       -3.39750       -1.19150
H         -0.11640       -3.66340       -1.01110
H         -1.42470       -0.98630       -1.77490
H         -0.64360       -2.09440       -2.90290
H          0.75030       -0.74500       -0.54100
H          1.53080       -1.80000       -1.71660
H          0.14640        0.84990       -2.40740
H          0.97710       -0.20480       -3.54160
H          3.11640        0.09750       -2.29410
H          2.49580        1.58380       -2.99860
H          3.44870        1.75430       -0.64360
H          2.10360        0.81310       -0.05520
H          0.70940        2.79520       -1.40240
H          2.22480        3.63340       -1.11910
H          1.96530        2.84590        1.38140
H          1.01540        4.20430        0.79090
H         -0.96020        2.92020        0.48980
H         -0.14340        1.38230        0.68530
H         -0.29470        3.47500        2.92330
H         -1.55870        2.28140        2.65460
H          1.37140        1.58810        3.23290
H          0.07430        1.57670        4.43030
H          0.65490       -1.61740        2.46980

