HF BASIS=def2-svp cutoff=1.0e-9 denserms=1.0e-6  zmake GRADIENT DIPOLE CHARGE=0

C         -0.30250        0.78570       -4.93180
N         -1.45690        0.06130       -4.41290
C         -1.53530        0.10760       -2.94740
C         -0.45120       -0.72670       -2.24290
C         -0.67740       -0.76090       -0.75060
C          0.16140       -0.39990        0.24760
C         -0.43330       -0.37190        1.60400
C         -0.52150        0.87190        2.24960
C         -0.03380        2.10030        1.52510
O          1.38870        2.15510        1.44090
C          2.04220        1.28290        0.60600
C          1.54230        0.10320        0.01900
C          2.43230       -0.69990       -0.72330
C          3.75930       -0.31910       -0.93190
C          4.23310        0.86140       -0.37580
C          3.38140        1.64880        0.39670
C         -1.05150        0.94080        3.54440
C         -1.49610       -0.21820        4.18300
C         -1.40980       -1.45170        3.53770
C         -0.87640       -1.53130        2.25100
H         -0.34510        0.79350       -6.02570
H         -0.29200        1.82610       -4.59120
H          0.63880        0.30380       -4.65280
H         -2.30160        0.48920       -4.79350
H         -2.51970       -0.28710       -2.66590
H         -1.50930        1.14730       -2.59650
H          0.52910       -0.31580       -2.49180
H         -0.47750       -1.75740       -2.61660
H         -1.68310       -1.09040       -0.48260
H         -0.49060        2.20270        0.53180
H         -0.34660        2.99420        2.07790
H          2.09550       -1.64830       -1.13800
H          4.42140       -0.95330       -1.51540
H          5.26680        1.16150       -0.52410
H          3.76470        2.55820        0.85430
H         -1.11610        1.89380        4.06390
H         -1.90450       -0.16030        5.18880
H         -1.74960       -2.35320        4.04070
H         -0.79620       -2.49850        1.76140

