HF BASIS=def2-svp cutoff=1.0e-9 denserms=1.0e-6  zmake GRADIENT DIPOLE CHARGE=0

C         -0.72330       -1.62360       -2.69330
O         -0.87570       -0.71510       -3.78980
C         -1.52470       -2.89540       -2.98200
O         -1.40790       -3.86130       -1.92430
C         -0.26390       -4.59860       -1.93250
O          0.64420       -4.47890       -2.74320
C         -0.26090       -5.59320       -0.80190
C         -0.16170       -4.95530        0.58190
C          1.25170       -4.50420        0.96930
C          1.63560       -3.12920        0.41630
C          3.04300       -2.72420        0.86630
C          3.40980       -1.28080        0.50960
C          3.42010       -1.00310       -0.99530
C          3.91790        0.41420       -1.29250
C          3.95640        0.75200       -2.78710
C          2.57200        0.75340       -3.44120
C          2.55960        1.36880       -4.84310
C          3.38680        0.58040       -5.85880
C          3.25720        1.16890       -7.25630
C         -1.18500       -0.94150       -1.40240
O         -0.27180        0.13780       -1.12040
C         -0.58570        0.84970       -0.00180
O         -1.55360        0.63590        0.71360
C          0.46320        1.90730        0.24760
C         -0.08620        3.11510        1.00620
C         -1.02740        3.95840        0.14080
C         -1.48020        5.25190        0.82400
C         -2.25440        5.07330        2.13380
C         -3.54020        4.25830        1.97190
C         -4.43510        4.29570        3.21410
C         -3.81900        3.70530        4.48590
C         -3.42480        2.22630        4.40650
C         -4.60930        1.30370        4.09890
C         -4.30040       -0.18640        4.33650
C         -5.57130       -1.01900        4.15060
C         -3.20170       -0.70970        3.41210
H          0.34310       -1.85530       -2.61710
H         -0.35040        0.07530       -3.56770
H         -1.23100       -3.33690       -3.94250
H         -2.58850       -2.65300       -3.08740
H         -1.18780       -6.17290       -0.87970
H          0.55740       -6.30410       -0.96370
H         -0.47040       -5.71640        1.31010
H         -0.86550       -4.12210        0.68450
H          1.29950       -4.45610        2.06500
H          1.98710       -5.25660        0.65870
H          0.91060       -2.38270        0.76100
H          1.59970       -3.14460       -0.67500
H          3.77870       -3.40880        0.42800
H          3.12180       -2.83290        1.95390
H          4.40380       -1.06820        0.92350
H          2.71040       -0.59580        1.00530
H          4.06280       -1.73230       -1.50420
H          2.40780       -1.12660       -1.39140
H          3.28740        1.14370       -0.77270
H          4.93090        0.53080       -0.88700
H          4.40720        1.74560       -2.89750
H          4.61510        0.04280       -3.30100
H          2.18290       -0.26870       -3.49620
H          1.87720        1.32500       -2.81580
H          2.92180        2.40290       -4.79240
H          1.51830        1.41650       -5.18730
H          3.05870       -0.46620       -5.87770
H          4.44430        0.58750       -5.57290
H          3.60180        2.20850       -7.27750
H          3.86070        0.59480       -7.96600
H          2.21700        1.14430       -7.59860
H         -1.17100       -1.64500       -0.56300
H         -2.19150       -0.52670       -1.53580
H          1.26070        1.43960        0.83340
H          0.88860        2.23390       -0.70780
H          0.75780        3.73780        1.32570
H         -0.60100        2.77950        1.91390
H         -1.90050        3.36780       -0.15690
H         -0.51150        4.23160       -0.78850
H         -0.59980        5.87660        1.02270
H         -2.10210        5.81680        0.11870
H         -1.60530        4.61330        2.88560
H         -2.50660        6.07090        2.51500
H         -4.11520        4.66470        1.13020
H         -3.30460        3.21960        1.71630
H         -4.71090        5.33870        3.41860
H         -5.37530        3.77830        2.98710
H         -2.93640        4.28850        4.77260
H         -4.53860        3.83240        5.30440
H         -2.98840        1.94290        5.37220
H         -2.63640        2.09500        3.65790
H         -5.45680        1.59260        4.73380
H         -4.92930        1.44900        3.06100
H         -3.96570       -0.31310        5.37360
H         -5.37900       -2.07350        4.37520
H         -6.36460       -0.67530        4.82230
H         -5.94390       -0.95260        3.12360
H         -3.46670       -0.56630        2.35980
H         -3.03560       -1.77990        3.57430
H         -2.24980       -0.20490        3.59730

