HF BASIS=def2-svp cutoff=1.0e-9 denserms=1.0e-6  zmake GRADIENT DIPOLE CHARGE=0

C         -0.42300        3.63430        3.78090
O         -0.24760        3.43450        2.37690
C          0.48470        2.32180        2.06080
O          1.05180        1.61070        2.87690
C          0.53840        2.17000        0.52130
O          0.70690        3.50860       -0.01140
C          1.84280        1.37360        0.16430
C          1.78200       -0.14010        0.40070
C          0.61440       -0.66320       -0.43780
C          0.25730       -2.15880       -0.17360
C          1.12890       -3.21670       -0.83810
C         -1.23480       -2.28290       -0.57310
C         -1.81730       -0.85460       -0.54710
O         -2.96540       -0.80170        0.29610
C         -0.69920       -0.00190        0.07270
O         -0.78250       -0.21800        1.50050
C         -0.71850        1.51230       -0.12010
C         -1.19660        2.09070       -1.48350
O         -2.40130        2.61060       -0.87370
C         -2.06220        2.15510        0.35490
O         -2.68320        2.28030        1.38480
C          1.01170       -0.41140       -1.91500
O         -0.05820       -0.69900       -2.80800
C          1.58710        0.97230       -2.22430
O          1.52730        1.43430       -3.36130
O          2.20700        1.62160       -1.22120
H         -1.07350        4.50210        3.92020
H         -0.90500        2.76370        4.23680
H          0.53960        3.84090        4.25830
H          0.16140        4.11300        0.53400
H          2.68120        1.78100        0.74300
H          1.67060       -0.37710        1.46290
H          2.71950       -0.60910        0.07530
H          0.32500       -2.34670        0.90780
H          1.02810       -3.21210       -1.92770
H          2.18360       -3.06870       -0.58620
H          0.83970       -4.21510       -0.49210
H         -1.76020       -2.95990        0.11000
H         -1.33900       -2.69960       -1.58160
H         -2.12150       -0.53850       -1.54640
H         -3.64440       -1.37990       -0.09830
H         -1.73800       -0.35630        1.70180
H         -1.44520        1.38530       -2.27850
H         -0.60810        2.89880       -1.92750
H          1.83140       -1.09010       -2.18260
H          0.24810       -0.42710       -3.69960

