HF BASIS=def2-svp cutoff=1.0e-9 denserms=1.0e-6  zmake GRADIENT DIPOLE CHARGE=0

O         -1.48400       -1.63760        3.88110
C         -2.42280       -0.83810        3.14610
C         -3.36540       -1.76250        2.38070
C         -2.71890       -2.29450        1.12350
C         -3.30900       -3.36220        0.44020
O         -4.49280       -3.86050        0.90030
C         -2.70570       -3.92170       -0.67710
C         -1.48750       -3.41140       -1.11010
O         -0.88120       -3.99350       -2.18800
C         -0.86330       -2.32330       -0.47860
C          0.53610       -1.90080       -0.94810
C          1.59540       -2.59560       -0.05400
O          1.36630       -2.38850        1.35540
C          3.00020       -2.07610       -0.40270
O          3.06350       -0.65160       -0.16950
C          2.03660        0.10460       -0.67300
C          2.30590        1.47580       -0.71870
C          1.38190        2.33380       -1.29190
O          1.57260        3.68490       -1.29800
C          0.21260        1.83570       -1.84820
C         -0.06510        0.46940       -1.76750
O         -1.23460        0.08630       -2.36040
C          0.81270       -0.41760       -1.12260
C          3.55490       -2.48570       -1.76860
C          3.41230       -3.81250       -2.22950
C          3.93260       -4.20900       -3.46480
C          4.61770       -3.28670       -4.23880
O          5.13200       -3.67940       -5.44100
C          4.79400       -1.98060       -3.79780
O          5.49680       -1.12750       -4.60280
C          4.27640       -1.57500       -2.57040
C         -1.51470       -1.75280        0.63490
O         -0.88700       -0.69990        1.26380
C         -1.73870        0.08500        2.12260
C         -0.90800        1.23700        2.67120
C         -0.53790        2.27280        1.78180
C          0.24780        3.33740        2.21630
O          0.66690        4.32280        1.36880
C          0.64250        3.41080        3.54290
O          1.39900        4.46050        3.99010
C          0.26470        2.41840        4.43410
O          0.63420        2.50940        5.74610
C         -0.49250        1.32920        4.01140
H         -0.84260       -2.00210        3.24010
H         -3.00120       -0.26550        3.87970
H         -4.26680       -1.20710        2.09350
H         -3.65050       -2.59980        3.02940
H         -4.76390       -4.60910        0.35050
H         -3.16650       -4.74860       -1.20590
H         -1.03280       -4.95990       -2.14410
H          0.68670       -2.28560       -1.96580
H          1.52540       -3.68080       -0.18590
H          1.20210       -1.42770        1.47740
H          3.69750       -2.49230        0.33690
H          3.24160        1.84400       -0.30740
H          2.41020        3.87200       -0.83590
H         -0.49440        2.50370       -2.32960
H         -1.27740       -0.88720       -2.40580
H          2.90430       -4.56560       -1.62700
H          3.81290       -5.23160       -3.81450
H          5.58110       -2.88020       -5.78460
H          5.51310       -0.25410       -4.17270
H          4.44170       -0.55730       -2.22580
H         -2.51860        0.55210        1.50090
H         -0.87140        2.22750        0.74850
H          0.30180        4.13530        0.47640
H          1.51020        5.02330        3.19520
H          1.16110        3.33080        5.79870
H         -0.75390        0.57230        4.74630

