HF BASIS=def2-svp cutoff=1.0e-9 denserms=1.0e-6  zmake GRADIENT DIPOLE CHARGE=0

C         -0.20370       -0.12450       -0.84200
C          0.00170       -0.68290        0.36190
C         -0.69130       -1.89400        0.83300
C         -0.87280       -2.99820       -0.01480
C         -1.46980       -4.16760        0.45940
O         -1.62130       -5.20070       -0.41940
C         -1.87920       -4.28160        1.78250
C         -1.68650       -3.20030        2.63010
O         -2.05510       -3.32960        3.94100
C         -1.12350       -2.00590        2.16460
O         -0.96930       -0.98280        3.07230
C         -2.05040       -0.05310        2.94670
C          0.47950        1.09030       -1.30970
C          0.80330        1.20220       -2.66960
C          1.42740        2.35160       -3.16410
C          1.71780        3.39790       -2.29610
O          2.32440        4.53750       -2.73350
C          1.39150        3.31390       -0.94880
C          0.76870        2.16420       -0.45650
H         -0.90390       -0.56680       -1.54700
H          0.69980       -0.24760        1.07340
H         -0.53320       -2.96890       -1.04720
H         -2.02620       -5.94950        0.04970
H         -2.32750       -5.19050        2.16760
H         -1.71490       -2.53050        4.38740
H         -2.02620        0.46590        1.98340
H         -3.01810       -0.54750        3.08790
H         -1.93640        0.69640        3.73560
H          0.57970        0.38800       -3.35570
H          1.67420        2.40870       -4.21930
H          2.50000        4.44920       -3.68450
H          1.61650        4.14160       -0.28230
H          0.50540        2.12450        0.59730

