HF BASIS=def2-svp cutoff=1.0e-9 denserms=1.0e-6  zmake GRADIENT DIPOLE CHARGE=0

O          1.62870       -3.75310        1.49230
S          1.80500       -3.75790       -0.11430
O          2.55770       -2.56410       -0.44570
O          2.29360       -5.06790       -0.48880
O          0.27620       -3.60730       -0.69890
C         -0.42510       -2.49710       -0.31830
C         -1.19920       -2.55520        0.83430
C         -1.69300       -1.37310        1.37240
C         -1.41530       -0.14330        0.75180
C         -1.60520        1.13360        1.53880
C         -0.37870        1.49560        2.41870
C          0.81920        2.06090        1.67840
C          1.76400        0.89350        1.51110
C          1.21280       -0.14310        2.44100
O          1.64490       -1.28300        2.56170
O          0.12910        0.34780        3.11520
C         -0.78970       -0.12740       -0.50060
C         -0.28740       -1.31130       -1.03620
H          1.67370       -2.81990        1.82700
H         -1.33410       -3.49340        1.36660
H         -2.19670       -1.40420        2.33730
H         -1.85610        1.96440        0.86860
H         -2.47610        0.99830        2.19350
H         -0.70870        2.22800        3.16510
H          1.30720        2.81840        2.30500
H          0.56510        2.55110        0.73380
H          2.78340        1.15930        1.80250
H          1.75840        0.51370        0.48770
H         -0.59740        0.81090       -1.01590
H          0.28590       -1.29010       -1.95970

