HF BASIS=def2-svp cutoff=1.0e-9 denserms=1.0e-6  zmake GRADIENT DIPOLE CHARGE=0

O          2.86300       -2.32200        5.93080
C          2.55260       -1.33130        4.93520
C          1.73080       -1.95660        3.81230
O          2.43330       -3.14270        3.37330
C          1.55190       -0.95110        2.65580
O          0.88980       -1.67650        1.60570
C          0.34780       -0.96250        0.57330
C         -0.38990       -1.72660       -0.33630
C         -0.98690       -1.12680       -1.44300
O         -1.67820       -1.95000       -2.29010
C         -0.85820        0.24850       -1.65090
C         -1.43290        0.90850       -2.84140
O         -2.07440        0.22930       -3.64120
C         -1.11250        2.38080       -3.01470
C         -0.99820        2.99760       -1.62310
O          0.03820        2.37170       -0.85670
C         -0.13890        1.01750       -0.73520
C          0.47710        0.41230        0.36480
C         -2.11080        3.14300       -3.86590
C         -1.65440        3.93510       -4.93120
C         -2.55220        4.67050       -5.70720
C         -3.91590        4.62670       -5.42750
C         -4.38360        3.84640       -4.37290
C         -3.48810        3.11010       -3.59500
O          2.82020       -0.46510        2.20060
C          3.62440        0.16740        3.20400
C          3.87200       -0.77350        4.38870
O          4.60700       -0.15110        5.44480
C          3.07340        1.51460        3.67730
O          4.00210        2.48890        3.73250
O          1.91110        1.75160        3.97320
H          3.01650       -3.15100        5.42860
H          1.98630       -0.54410        5.44450
H          0.76070       -2.30670        4.18090
H          2.09950       -3.33090        2.47230
H          0.90530       -0.13520        2.99390
H         -0.49540       -2.79870       -0.18870
H         -2.02630       -1.40430       -3.03270
H         -0.12700        2.40240       -3.50100
H         -0.73780        4.06000       -1.69910
H         -1.93920        2.94300       -1.05810
H          1.05150        1.04300        1.03620
H         -0.59390        3.98550       -5.16980
H         -2.18700        5.27570       -6.53300
H         -4.61460        5.19590       -6.03470
H         -5.44870        3.80550       -4.15890
H         -3.88190        2.50030       -2.78450
H          4.58700        0.38360        2.72400
H          4.49140       -1.61140        4.04350
H          4.55200       -0.77000        6.20210
H          3.52950        3.27310        4.08050

