HF BASIS=def2-svp cutoff=1.0e-9 denserms=1.0e-6  zmake GRADIENT DIPOLE CHARGE=0

C          1.27270        0.48530       -0.57820
C          0.75860       -0.72130        0.21890
C          1.29360       -0.72780        1.63590
C          1.55490        0.49110        2.29590
C          2.02540        0.48640        3.61650
O          2.29160        1.62490        4.32910
C          2.24100       -0.71210        4.28260
C          1.96990       -1.91980        3.64110
C          1.49020       -1.95040        2.32080
N          1.16930       -3.16400        1.67380
C         -0.17770       -3.61810        2.03650
C          2.19690       -4.20300        1.77990
C          1.30380        1.78490        1.61310
O          1.35620        2.84380        2.23970
C          0.97400        1.76800        0.15960
C          0.46360        2.86820       -0.43340
O          0.23940        4.06010        0.23270
C          0.10220        2.86390       -1.90230
O          1.29540        3.24570       -2.60750
C         -0.98950        3.88740       -2.26070
O         -0.69420        4.99290       -2.73120
C         -2.41120        3.53130       -1.99920
C         -3.48800        4.56670       -1.96200
N         -3.13140        5.84910       -2.21780
O         -4.65730        4.27910       -1.71250
C         -2.72460        2.23660       -1.76530
O         -4.01430        1.83760       -1.41640
C         -1.71930        1.08110       -1.79990
N         -2.15370       -0.16670       -2.47400
C         -2.77010        0.03260       -3.78580
C         -3.00610       -1.01200       -1.63770
C         -0.32830        1.47640       -2.38210
C          0.77950        0.44850       -2.04510
H          2.36920        0.39370       -0.61980
H          1.07420       -1.62930       -0.30870
H         -0.33500       -0.73240        0.27010
H          2.03170        2.39730        3.78070
H          2.60410       -0.70700        5.30690
H          2.11760       -2.84120        4.19740
H         -0.23780       -3.90310        3.09340
H         -0.44980       -4.49120        1.43320
H         -0.92630       -2.84290        1.83630
H          3.18570       -3.80670        1.52220
H          1.97690       -5.00660        1.06840
H          2.23700       -4.64670        2.78070
H          0.61820        3.98530        1.13940
H          1.36800        4.21400       -2.48610
H         -3.84190        6.56730       -2.23210
H         -2.17980        6.09680       -2.48610
H         -4.61740        2.61660       -1.42780
H         -1.56230        0.83600       -0.74240
H         -3.74960        0.51870       -3.72600
H         -2.13350        0.62620       -4.44890
H         -2.90930       -0.93350       -4.28490
H         -4.00220       -0.59360       -1.46870
H         -3.13560       -1.99360       -2.10830
H         -2.54070       -1.20200       -0.66490
H         -0.39270        1.51510       -3.47880
H          0.47590       -0.56470       -2.33320
H          1.64380        0.67130       -2.68710

