HF BASIS=def2-svp cutoff=1.0e-9 denserms=1.0e-6  zmake GRADIENT DIPOLE CHARGE=0

C          0.38090       -1.66450        1.40560
C         -0.00830       -0.87740        0.14490
C         -0.31200        0.61840        0.48940
N         -1.37020        0.83290        1.50050
C         -1.37470        2.25260        1.92150
C         -2.44920        2.51430        2.97430
O         -2.42330        3.49760        3.71220
N         -3.50750        1.64440        3.00190
C         -3.79600        0.73520        2.01850
O         -4.90990        0.21910        1.94600
C         -2.70670        0.47490        0.97790
N          0.97010       -0.96220       -0.96820
C          0.91510       -2.27140       -1.65280
C          1.82300       -2.28390       -2.88250
O          1.69240       -3.10410       -3.78930
N          2.85760       -1.38430       -2.89380
C          3.27410       -0.65130       -1.81270
O          4.36500       -0.08390       -1.81870
C          2.36350       -0.66170       -0.58400
H          1.23890       -1.21540        1.91670
H          0.62630       -2.70510        1.17270
H         -0.45040       -1.68870        2.11850
H         -0.94460       -1.30700       -0.23160
H         -0.56220        1.16000       -0.43340
H          0.61320        1.06620        0.87350
H         -1.55320        2.92670        1.07520
H         -0.41120        2.50050        2.38140
H         -4.24970        1.85840        3.65080
H         -2.95570        1.04320        0.07390
H         -2.74900       -0.59540        0.75350
H          1.22280       -3.09450       -0.99890
H         -0.10360       -2.45820       -2.01130
H          3.48850       -1.43010       -3.67970
H          2.76800       -1.39820        0.11930
H          2.43090        0.33570       -0.13910

