HF BASIS=def2-svp cutoff=1.0e-9 denserms=1.0e-6  zmake GRADIENT DIPOLE CHARGE=0

O          1.43660        2.27770       -0.04950
C          1.54440        3.07670        1.13140
C          0.92520        2.35120        2.32830
O         -0.51470        2.27550        2.14750
C         -0.89350        0.87320        2.13810
C         -2.31380        0.78560        2.73820
O         -3.27050        1.45220        1.90370
O         -0.86420        0.50410        0.75460
C         -1.20830       -0.83750        0.42990
C         -1.70190       -0.91230       -1.02570
O         -2.00420       -2.28910       -1.30180
C         -2.48690       -2.51540       -2.61840
O         -3.72470       -1.85520       -2.79930
C         -1.48240       -2.06110       -3.66590
C         -1.12000       -0.60150       -3.45300
O         -0.06980       -0.23300       -4.35550
C         -0.65900       -0.35430       -2.01250
O         -0.43880        1.05670       -1.87050
C          0.16650        0.21530        3.03890
O          0.27500       -1.19850        2.95140
C          1.43440        0.92280        2.58880
O          1.96650        0.22030        1.45960
H          1.58700        2.86950       -0.81150
H          2.60470        3.28020        1.30740
H          1.01730        4.01830        0.94710
H          1.06750        2.95870        3.22970
H         -2.64800       -0.24700        2.86620
H         -2.34780        1.27920        3.71540
H         -2.78490        2.18270        1.47280
H         -0.32530       -1.47550        0.53810
H         -1.98450       -1.24110        1.08650
H         -2.61800       -0.31010       -1.09090
H         -2.65730       -3.59130       -2.73350
H         -4.36990       -2.37230       -2.28810
H         -1.88320       -2.19410       -4.67760
H         -0.57210       -2.67030       -3.59980
H         -1.97440        0.04380       -3.69130
H          0.20080        0.66020       -4.06360
H          0.31020       -0.84560       -1.85940
H         -0.29840        1.22330       -0.91140
H         -0.02910        0.47680        4.08650
H          1.01380       -1.35900        2.32500
H          2.21290        0.90330        3.35730
H          1.68000        0.71080        0.65420

