HF BASIS=def2-svp cutoff=1.0e-9 denserms=1.0e-6  zmake GRADIENT DIPOLE CHARGE=0

C         -6.20160       -1.59350       -2.38250
C         -4.78510       -2.16780       -2.29260
C         -4.41800       -2.83330       -3.62710
C         -3.95300       -4.24140       -3.23690
C         -2.41980       -4.28860       -3.40390
C         -2.03280       -2.83500       -3.67290
C         -0.63270       -2.50810       -4.20820
C         -0.06950       -3.36950       -5.34310
C          1.41980       -3.08250       -5.60400
C          1.89480       -1.75120       -4.99560
C          3.33330       -1.40060       -5.43910
C          3.82150       -0.11650       -4.74590
O          3.85960       -0.43860       -3.34870
C          4.59440        0.44550       -2.50130
O          3.69350        1.49210       -2.10390
C          3.95130        2.10900       -0.83490
C          5.23660        2.95740       -0.89530
O          5.46020        3.67140        0.31730
C          3.90440        1.08040        0.31930
O          2.59500        1.08050        0.93310
C          2.54810        1.79520        2.17100
O          2.91860        3.16040        1.99490
C          2.92530        3.87870        3.24390
C          3.48700        5.27100        2.95150
O          4.84150        5.17010        2.51210
C          1.49660        3.91190        3.80640
O          1.35410        4.68740        4.98980
C          1.02410        2.45850        4.06350
O          1.84210        1.74320        5.00900
C          1.65890        2.13350        6.37500
O          2.77990        2.90050        6.81850
C          3.86880        2.10560        7.29560
C          5.10410        2.99190        7.47070
O          6.26300        2.18960        7.67550
C          3.46870        1.35780        8.59100
O          3.72820        2.12760        9.77820
C          1.96460        1.02070        8.60130
O          1.76370       -0.17420        9.37290
C          1.43570        0.83170        7.18800
O          2.12270       -0.30250        6.60510
C          1.10970        1.66230        2.74580
O          0.13730        2.13890        1.79110
C         -1.18040        1.64720        2.05120
O         -2.01760        2.73500        2.44580
C         -2.44570        3.62290        1.41180
C         -1.44560        4.75970        1.17720
O         -2.01130        5.74710        0.31790
C         -2.81290        2.92960        0.08740
O         -4.02150        3.47850       -0.46310
C         -3.01260        1.43990        0.31880
O         -3.37230        0.80500       -0.91490
C         -1.70110        0.85060        0.82830
O         -1.90330       -0.53560        1.16740
C          4.07660       -0.35640       -0.19800
O          4.52400       -1.19390        0.88750
C          5.09640       -0.42190       -1.32630
O          6.36810        0.01670       -0.82430
C          2.84970        1.03080       -5.09780
O          3.27250        2.27500       -4.54320
C          1.41990        0.71830       -4.64260
C          0.86340       -0.60810       -5.24080
C          0.65280       -0.39330       -6.76290
C         -0.49060       -0.97540       -4.49680
C         -1.74310       -0.31930       -5.13580
C         -3.07110       -0.73180       -4.48730
C         -3.22820       -2.25920       -4.44730
C         -3.37910       -2.79400       -5.89360
O         -4.36230       -4.49010       -1.89960
C         -4.55510       -3.25040       -1.21040
C         -5.70120       -3.41710       -0.20140
C         -5.34480       -4.41500        0.89500
C         -4.01790       -4.02500        1.55010
C         -3.59140       -5.05430        2.59320
C         -2.94910       -3.83980        0.47270
O         -3.35560       -2.88080       -0.50360
H         -6.47090       -1.05920       -1.46610
H         -6.94920       -2.37240       -2.56510
H         -6.26530       -0.87200       -3.20420
H         -4.13360       -1.32020       -2.07590
H         -5.30990       -2.90850       -4.26120
H         -4.41020       -5.00970       -3.87000
H         -1.90660       -4.69090       -2.52460
H         -2.17400       -4.92300       -4.26030
H         -2.04140       -2.34920       -2.68440
H          0.02560       -2.72500       -3.35160
H         -0.17300       -4.43490       -5.11040
H         -0.62290       -3.20700       -6.27150
H          1.60560       -3.10620       -6.68460
H          2.02010       -3.89640       -5.17820
H          1.95270       -1.91220       -3.90820
H          3.39530       -1.28980       -6.52590
H          3.99620       -2.23060       -5.16550
H          4.83770        0.12120       -5.08250
H          5.44220        0.88280       -3.04160
H          3.12450        2.81340       -0.68460
H          6.12230        2.35620       -1.11080
H          5.14920        3.68630       -1.70980
H          6.34050        4.08400        0.23090
H          4.65960        1.30150        1.08360
H          3.26110        1.31790        2.85970
H          3.61520        3.37860        3.93540
H          3.47820        5.90360        3.84130
H          2.92370        5.76630        2.15600
H          4.83980        4.51860        1.77230
H          0.82940        4.35360        3.05850
H          1.50150        5.62780        4.77670
H         -0.00720        2.46720        4.43590
H          0.77420        2.76640        6.50270
H          4.10820        1.36420        6.52060
H          5.26120        3.60790        6.57450
H          4.98150        3.68750        8.31030
H          6.92580        2.76430        8.09940
H          4.08500        0.45360        8.67680
H          3.48500        1.54030       10.52120
H          1.39840        1.81220        9.10400
H          1.98150       -0.91620        8.77230
H          0.37520        0.55630        7.18090
H          2.39430       -0.01280        5.71230
H          0.93940        0.59020        2.91860
H         -1.16680        0.96960        2.91370
H         -3.35750        4.09360        1.79990
H         -1.15850        5.23220        2.12080
H         -0.52790        4.39260        0.70610
H         -2.43310        6.41560        0.89260
H         -2.03550        3.07650       -0.67700
H         -3.79080        4.38780       -0.74310
H         -3.83750        1.24410        1.01570
H         -4.11850        1.33760       -1.26080
H         -0.94810        0.84730        0.02820
H         -2.37070       -0.93220        0.39760
H          3.11970       -0.77030       -0.54160
H          3.76270       -1.24450        1.49760
H          5.24450       -1.45990       -1.64510
H          6.50310       -0.51450       -0.00920
H          2.86690        1.18140       -6.18260
H          3.16190        2.19020       -3.57310
H          1.40570        0.66770       -3.54580
H          0.76240        1.55870       -4.89700
H          0.08880        0.52560       -6.96140
H          1.59610       -0.29770       -7.30700
H          0.11010       -1.22090       -7.22740
H         -0.43310       -0.52910       -3.49190
H         -1.80600       -0.54610       -6.20380
H         -1.64970        0.77280       -5.06430
H         -3.90810       -0.27550       -5.03090
H         -3.08390       -0.29980       -3.48290
H         -4.28260       -2.37730       -6.35730
H         -2.55140       -2.51890       -6.54800
H         -3.47380       -3.88420       -5.93450
H         -6.61080       -3.76720       -0.70070
H         -5.91760       -2.45490        0.27960
H         -5.27770       -5.42630        0.47120
H         -6.14640       -4.43700        1.64370
H         -4.17150       -3.06170        2.05350
H         -4.42290       -5.30150        3.25950
H         -2.77060       -4.66310        3.20100
H         -3.25170       -5.98260        2.12080
H         -2.70260       -4.78830       -0.02050
H         -2.02430       -3.46930        0.92550

