HF BASIS=def2-svp cutoff=1.0e-9 denserms=1.0e-6  zmake GRADIENT DIPOLE CHARGE=0

O          1.19510        0.85350       -0.08180
C          0.34930       -0.25190       -0.40170
C          0.77000       -0.78650       -1.77900
C          0.83850        0.29500       -2.85990
C         -0.49260        0.96010       -3.08960
O         -1.58350        0.42120       -2.93720
O         -0.33380        2.21250       -3.54600
S         -1.60100        3.18850       -3.77610
O         -2.70440        2.23800       -4.47580
O         -2.12720        3.55230       -2.47890
O         -1.21670        4.19330       -4.74200
C          0.47340       -1.35220        0.66670
C         -0.10850       -0.93160        1.99740
C         -1.49660       -0.90790        2.19060
C         -2.03300       -0.49840        3.41210
C         -1.18890       -0.10950        4.45040
C          0.19260       -0.13050        4.26930
C          0.73160       -0.53940        3.04870
H          0.90450        1.19070        0.78710
H         -0.67930        0.12250       -0.44630
H          1.76880       -1.23520       -1.70320
H          0.08160       -1.58290       -2.08720
H          1.15640       -0.14970       -3.80930
H          1.57940        1.05330       -2.58290
H         -2.87140        1.47300       -3.87570
H          1.52870       -1.62060        0.80490
H         -0.04210       -2.26310        0.33730
H         -2.17050       -1.20850        1.39120
H         -3.11060       -0.48300        3.55430
H         -1.60790        0.20850        5.40160
H          0.85090        0.17080        5.08010
H          1.81250       -0.54910        2.92400

