HF BASIS=def2-svp cutoff=1.0e-9 denserms=1.0e-6  zmake GRADIENT DIPOLE CHARGE=0

C         -1.43440       -1.02670       -4.49660
C         -0.49370        0.18330       -4.50980
O         -1.02020        1.25260       -5.31950
C         -1.75310        2.18740       -4.65490
O         -2.05600        2.15010       -3.46990
C         -2.09470        3.33940       -5.56400
C         -0.96390        4.36480       -5.63210
C         -0.57110        4.90120       -4.25110
C          0.41380        6.06810       -4.34390
C          1.07580        6.40600       -3.00450
C          0.08530        6.74130       -1.88570
C          0.81790        7.11490       -0.59510
C         -0.11650        7.52050        0.54970
C         -1.06350        6.40220        0.99260
C         -1.82310        6.78490        2.26570
C         -2.83950        5.70700        2.65020
C         -3.56080        6.05660        3.95430
C         -4.73620        5.12590        4.26850
C         -4.32560        3.66790        4.48300
C         -5.53070        2.80700        4.86890
C         -5.12860        1.34690        5.07600
C         -6.33000        0.48300        5.42460
C         -0.79350       -2.16260       -3.69050
O         -1.63580       -3.32290       -3.74630
C         -1.16460       -4.40180       -3.06240
O         -0.10480       -4.43220       -2.45440
C         -2.16580       -5.52870       -3.15590
C         -1.53370       -6.91330       -3.01170
C         -1.13640       -7.30440       -1.58290
C         -2.29830       -7.30390       -0.62940
C         -2.34590       -6.74090        0.59030
C         -1.25620       -5.98080        1.29500
C         -0.59010       -6.84640        2.32560
C          0.70590       -7.19260        2.40590
C          1.83300       -6.78940        1.49730
C          2.99260       -6.26110        2.29500
C          3.50060       -5.01770        2.30110
C          3.04160       -3.81720        1.52520
C          4.12030       -3.36790        0.57990
C          4.89980       -2.27680        0.68060
C          4.85330       -1.21390        1.74150
C          5.96590       -1.37610        2.73540
C          5.86690       -1.56400        4.06230
C          4.61240       -1.68420        4.88050
C          4.64250       -2.92520        5.76220
O         -2.66090       -0.63210       -3.84180
C         -3.82660       -1.13410       -4.32600
O         -3.93950       -1.89520       -5.27770
C         -4.98620       -0.62050       -3.50850
C         -5.31350       -1.51970       -2.32000
C         -4.17420       -1.57850       -1.30000
C         -4.56940       -2.33300       -0.02840
C         -3.35400       -2.73260        0.81490
C         -2.52500       -1.54410        1.30900
C         -1.26540       -2.01470        2.03870
C         -0.37600       -0.86010        2.40440
C          0.58970       -0.32620        1.63650
C          0.95830       -0.73060        0.23530
C          0.82680        0.43210       -0.71080
C          1.79390        1.01190       -1.44350
C          3.25290        0.66070       -1.47690
C          3.62620       -0.00040       -2.77300
C          4.56470        0.38840       -3.65260
C          5.44550        1.60250       -3.56990
C          6.85700        1.23120       -3.14110
H         -1.64060       -1.34140       -5.52600
H         -0.29570        0.54040       -3.49560
H          0.47070       -0.09400       -4.94960
H         -2.32980        2.95280       -6.56140
H         -3.01560        3.80340       -5.19040
H         -1.28340        5.19490       -6.27390
H         -0.08370        3.91350       -6.10670
H         -0.11680        4.09730       -3.66190
H         -1.47440        5.22610       -3.72100
H          1.20510        5.82550       -5.06400
H         -0.10580        6.95210       -4.73210
H          1.75130        7.25630       -3.15920
H          1.70180        5.56120       -2.69240
H         -0.55620        5.87470       -1.69770
H         -0.56190        7.56810       -2.19940
H          1.49700        7.95210       -0.79520
H          1.44240        6.27300       -0.27060
H         -0.70110        8.39990        0.25170
H          0.50420        7.82840        1.40140
H         -1.78580        6.19060        0.19530
H         -0.49370        5.48180        1.17070
H         -2.34270        7.73880        2.11230
H         -1.11160        6.93210        3.08770
H         -3.57250        5.59370        1.84230
H         -2.32260        4.74620        2.75770
H         -3.94760        7.08130        3.89090
H         -2.84600        6.04090        4.78600
H         -5.47350        5.18550        3.45870
H         -5.23380        5.49610        5.17370
H         -3.88010        3.26390        3.56700
H         -3.56370        3.61070        5.26940
H         -6.29330        2.87010        4.08320
H         -5.98280        3.19690        5.78990
H         -4.38780        1.27640        5.88220
H         -4.65720        0.95660        4.16660
H         -6.81370        0.83390        6.34270
H         -6.01810       -0.55550        5.57960
H         -7.07040        0.49830        4.61830
H         -0.68740       -1.86340       -2.64080
H          0.18920       -2.41380       -4.10570
H         -2.62130       -5.48200       -4.15390
H         -2.95730       -5.35420       -2.42100
H         -2.24830       -7.65600       -3.39020
H         -0.64550       -6.98230       -3.65290
H         -0.73210       -8.32430       -1.61090
H         -0.31940       -6.66670       -1.23670
H         -3.18050       -7.85080       -0.96430
H         -3.26700       -6.85650        1.16110
H         -1.71220       -5.12730        1.80910
H         -0.54750       -5.54770        0.58550
H         -1.25620       -7.24080        3.09300
H          0.98680       -7.86120        3.21970
H          1.51400       -6.07440        0.73640
H          2.17320       -7.67830        0.95270
H          3.48000       -6.99660        2.93530
H          4.35770       -4.83120        2.94980
H          2.77260       -3.03310        2.23890
H          2.13400       -4.01710        0.94780
H          4.28740       -4.03230       -0.26770
H          5.65020       -2.12380       -0.09370
H          4.97730       -0.23980        1.25260
H          3.87250       -1.16690        2.21780
H          6.96960       -1.30800        2.31570
H          6.79650       -1.63150        4.62700
H          3.71550       -1.72290        4.25640
H          4.52230       -0.79630        5.51660
H          5.46090       -2.87300        6.48890
H          4.77400       -3.83530        5.16700
H          3.70380       -3.01640        6.31930
H         -4.77380        0.40560       -3.18540
H         -5.85320       -0.55240       -4.17600
H         -6.21950       -1.13900       -1.83450
H         -5.53680       -2.53350       -2.67230
H         -3.86850       -0.55820       -1.04150
H         -3.31050       -2.07620       -1.75260
H         -5.11130       -3.24780       -0.29770
H         -5.25490       -1.71940        0.56770
H         -2.71780       -3.39690        0.21730
H         -3.69900       -3.31650        1.67680
H         -3.13530       -0.92030        1.97570
H         -2.23150       -0.91550        0.46090
H         -0.71360       -2.73620        1.42270
H         -1.54020       -2.55270        2.95460
H         -0.53870       -0.43510        3.39410
H          1.17050        0.49820        2.05150
H          1.97450       -1.13180        0.25100
H          0.31930       -1.53650       -0.13840
H         -0.18600        0.82720       -0.81150
H          1.50780        1.84720       -2.08390
H          3.51810       -0.01750       -0.66370
H          3.82850        1.57390       -1.29750
H          3.09300       -0.92840       -2.98330
H          4.72540       -0.23950       -4.52960
H          5.04130        2.35550       -2.88770
H          5.47780        2.07540       -4.55880
H          7.49220        2.12380       -3.11630
H          7.30880        0.51420       -3.83430
H          6.86000        0.78620       -2.13930

