HF BASIS=def2-svp cutoff=1.0e-9 denserms=1.0e-6  zmake GRADIENT DIPOLE CHARGE=0

O          0.97940        1.91460       -1.24940
C          1.59860        1.88530        0.04850
C          1.73870        0.43140        0.49850
O          2.60090       -0.23570       -0.45020
C          2.73220       -1.64480       -0.18080
O          1.45600       -2.26330       -0.23390
C          1.14810       -3.03860       -1.38990
C          1.92550       -4.36770       -1.37920
O          1.72460       -5.06290       -0.14110
O         -0.27340       -3.35180       -1.25320
C         -1.00390       -2.39120       -2.05510
C         -2.12540       -1.70650       -1.27220
O         -1.61850       -0.89830       -0.20700
C         -2.39200        0.28190       -0.00380
O         -1.96370        1.29370       -0.92430
C         -2.90310        2.37560       -0.99480
C         -3.48450        2.77640        0.37770
O         -4.75090        2.12080        0.59650
C         -2.54070        2.32330        1.49000
O         -3.07070        2.66910        2.77900
C         -2.29120        0.80530        1.45330
O         -1.01750        0.57580        2.08560
C         -2.28450        3.61150       -1.63400
O         -0.95790        3.54350       -1.84800
O         -2.94280        4.60200       -1.92400
C          0.01550       -1.41080       -2.63170
O         -0.35170       -0.89310       -3.90530
C          1.22100       -2.31930       -2.74790
O          2.41400       -1.62060       -3.05770
C          3.35970       -1.85530        1.21610
O          4.70490       -1.34010        1.22210
C          2.48870       -1.16050        2.28090
O          3.11300       -1.23050        3.57380
C          2.27720        0.31560        1.92710
O          3.53320        1.00740        2.05660
H          1.58220        1.36260       -1.79340
H          0.96710        2.45770        0.73380
H          2.57020        2.38090       -0.04500
H          0.75520       -0.03890        0.42600
H          3.42740       -2.05120       -0.92140
H          1.57310       -5.02900       -2.17680
H          3.00150       -4.21480       -1.49730
H          0.81390       -4.84260        0.13900
H         -1.47140       -2.96340       -2.86660
H         -2.71710       -1.10470       -1.97290
H         -2.78000       -2.45830       -0.82040
H         -3.44680        0.04730       -0.20500
H         -3.70110        2.05040       -1.67400
H         -3.68480        3.84970        0.46750
H         -5.42010        2.61580        0.08330
H         -1.58890        2.86170        1.40060
H         -4.02580        2.45940        2.74630
H         -3.01600        0.25890        2.06890
H         -1.09550        0.99680        2.96190
H         -0.51480        2.70270       -1.55290
H          0.23260       -0.56750       -1.97230
H         -0.90690       -0.10910       -3.74370
H          1.05750       -3.03400       -3.56560
H          2.21090       -1.07580       -3.84210
H          3.42870       -2.92330        1.45040
H          4.63010       -0.37920        1.04910
H          1.52090       -1.67190        2.34820
H          2.41340       -1.11280        4.24040
H          1.59710        0.78350        2.64680
H          3.95440        0.62440        2.85770

