HF BASIS=def2-svp cutoff=1.0e-9 denserms=1.0e-6  zmake GRADIENT DIPOLE CHARGE=0

C         -1.68890       -3.84370        5.63450
C         -0.40930       -3.09720        5.20680
C         -0.02700       -2.13160        6.34420
C          0.70540       -4.12830        4.95440
C          1.97070       -3.51200        4.36520
C          1.74270       -2.67400        3.08240
C          1.47280       -3.59190        1.87040
C          1.31530       -2.79710        0.56920
C          0.21650       -1.69310        0.60050
C         -1.15550       -2.42150        0.46760
C          0.18640       -0.95400        1.95650
C         -0.13160        0.35480        2.03150
C         -0.45910        1.25070        0.87420
C         -0.61200        0.52410       -0.48130
C         -0.84380        1.50220       -1.72250
C          0.21390        2.62860       -1.81780
C         -2.22710        2.21640       -1.49130
C         -3.09920        2.37530       -2.73540
O         -4.01620        3.45260       -2.51690
C         -2.27810        2.65790       -3.99380
O         -3.20800        2.96540       -5.04700
C         -1.32410        1.47440       -4.36050
C         -2.05960        0.48890       -5.31620
C         -0.14090        2.08600       -5.15980
O          0.70240        1.09480       -5.73810
C         -0.92970        0.65560       -3.04750
C          0.23380       -0.35390       -3.20500
O          1.49150        0.26430       -3.40590
C          0.32240       -1.29880       -2.00370
C          0.46110       -0.61590       -0.61410
C          1.90560       -0.03720       -0.49250
C          0.55780       -1.68630        3.25410
C         -0.69280       -2.32750        3.89990
C          3.04440       -1.88060        2.90290
O          4.03630       -2.59050        2.32690
O          3.27440       -0.74540        3.28830
H         -2.01130       -4.55400        4.86460
H         -1.52730       -4.40840        6.55940
H         -2.51550       -3.14570        5.80840
H          0.87390       -1.55360        6.12310
H         -0.83440       -1.41580        6.53730
H          0.15830       -2.67850        7.27580
H          0.96320       -4.63970        5.89030
H          0.34190       -4.90880        4.27450
H          2.69150       -4.31570        4.16240
H          2.44820       -2.89040        5.13460
H          0.57960       -4.20410        2.03760
H          2.29440       -4.30810        1.73850
H          1.10410       -3.50490       -0.24280
H          2.29460       -2.37550        0.33250
H         -1.29010       -2.90010       -0.50380
H         -1.25760       -3.23890        1.18400
H         -2.00590       -1.75490        0.63890
H         -0.12520        0.85280        3.00000
H          0.34090        1.99500        0.83370
H         -1.38360        1.78950        1.11130
H         -1.56840       -0.01190       -0.41760
H          0.37700        3.12970       -0.86090
H         -0.09930        3.42720       -2.49370
H          1.18100        2.29120       -2.18380
H         -2.07120        3.19490       -1.01580
H         -2.83850        1.66690       -0.76280
H         -3.71490        1.47980       -2.88410
H         -4.37740        3.65290       -3.40460
H         -1.71840        3.58720       -3.83720
H         -2.70070        3.28440       -5.81350
H         -2.99850        0.13550       -4.87480
H         -1.45420       -0.39370       -5.54620
H         -2.30160        0.96060       -6.27520
H         -0.52240        2.70080       -5.98380
H          0.48210        2.73210       -4.53830
H          1.21860        1.53330       -6.44140
H         -1.80210        0.00240       -2.87350
H          0.05260       -0.99020       -4.07890
H          1.51300        0.50070       -4.35680
H          1.16250       -1.98750       -2.15610
H         -0.58470       -1.90540       -2.04280
H          2.03470        0.90430       -1.01830
H          2.19880        0.15550        0.54310
H          2.65110       -0.72030       -0.91370
H          0.88920       -0.91700        3.96660
H         -1.44300       -1.54820        4.09040
H         -1.16330       -3.02220        3.19990
H          4.78630       -1.95920        2.30570

