HF BASIS=def2-svp cutoff=1.0e-9 denserms=1.0e-6  zmake GRADIENT DIPOLE CHARGE=0

C         -2.43630       -7.54150        0.24580
C         -1.55260       -6.43410        0.79960
C         -0.19220       -6.40490        0.10130
C          0.68230       -5.22350        0.52960
C          1.17350       -5.32230        1.97610
C          2.16810       -4.21480        2.34550
C          1.64000       -2.78160        2.21190
C          0.42870       -2.49850        3.10470
C         -0.00070       -1.02820        3.10260
C         -0.55910       -0.56620        1.75550
C         -1.06520        0.87630        1.82520
C         -1.63610        1.32830        0.48000
C         -2.07740        2.79030        0.52090
C         -2.77000        3.24720       -0.76750
C         -1.86450        3.19630       -2.00230
C         -2.48090        3.88510       -3.22340
C         -3.82170        3.33140       -3.72440
C         -3.73900        1.95840       -4.39950
C         -3.96790        0.77780       -3.45010
C         -4.00600       -0.53980       -4.23060
C         -4.19870       -1.77900       -3.35150
C         -3.07240       -2.07830       -2.35620
C         -1.68830       -2.15220       -3.00630
C         -0.64960       -2.73040       -2.04290
C          0.77270       -2.75730       -2.61680
C          1.34310       -1.40280       -3.04990
C          1.37950       -0.37660       -1.92020
C          1.84790        0.99100       -2.40690
O          1.81560        1.93130       -1.32120
C          2.94770        1.98760       -0.57240
O          3.95630        1.31700       -0.72190
C          2.76240        3.03550        0.45400
C          3.78780        3.35370        1.25900
C          3.75380        4.38300        2.30890
C          4.59680        4.23350        3.41630
C          4.62800        5.21650        4.40110
O          5.46640        5.03280        5.46870
C          3.84370        6.37130        4.31490
O          3.99670        7.25520        5.35280
C          3.28210        8.48280        5.25880
C          3.00510        6.52800        3.21310
C          2.96470        5.54010        2.21560
H         -1.96560       -8.51990        0.39130
H         -3.40370       -7.54830        0.75920
H         -2.61670       -7.40010       -0.82530
H         -1.42300       -6.59010        1.87630
H         -2.05670       -5.47070        0.67210
H         -0.35040       -6.33480       -0.98190
H          0.33970       -7.34700        0.28200
H          0.11940       -4.29580        0.38560
H          1.55250       -5.17870       -0.13860
H          0.32560       -5.30030        2.66750
H          1.67110       -6.28980        2.12490
H          2.49800       -4.37360        3.37930
H          3.06220       -4.31490        1.71490
H          2.45030       -2.09340        2.47930
H          1.40140       -2.57500        1.16420
H         -0.42090       -3.11620        2.79710
H          0.67300       -2.78640        4.13420
H          0.84780       -0.39770        3.39310
H         -0.77060       -0.89800        3.87220
H         -1.37720       -1.22960        1.44810
H          0.21990       -0.63500        0.98980
H         -0.24070        1.53780        2.11900
H         -1.84050        0.95810        2.59870
H         -2.48690        0.68920        0.21270
H         -0.87540        1.20030       -0.29540
H         -2.77470        2.93140        1.35400
H         -1.21240        3.43310        0.72320
H         -3.11520        4.27800       -0.61830
H         -3.66260        2.63210       -0.92790
H         -0.91820        3.70220       -1.77160
H         -1.60280        2.16480       -2.25460
H         -1.75380        3.85890       -4.04480
H         -2.62390        4.94570       -2.98070
H         -4.18350        4.04090       -4.48050
H         -4.57630        3.33610       -2.93010
H         -4.51780        1.92270       -5.17360
H         -2.77800        1.84830       -4.91640
H         -4.91560        0.91140       -2.91640
H         -3.17890        0.73870       -2.69890
H         -4.84060       -0.49850       -4.94080
H         -3.09800       -0.64750       -4.83410
H         -5.14080       -1.68610       -2.79690
H         -4.31760       -2.64840       -4.01170
H         -3.06110       -1.31930       -1.56360
H         -3.30110       -3.03340       -1.86570
H         -1.72960       -2.77550       -3.90770
H         -1.39250       -1.14440       -3.31610
H         -0.93510       -3.75990       -1.79360
H         -0.66390       -2.17440       -1.09860
H          1.43980       -3.19730       -1.86710
H          0.79480       -3.43400       -3.48020
H          0.76680       -1.01110       -3.89520
H          2.36190       -1.55910       -3.42580
H          2.02840       -0.73260       -1.11260
H          0.38720       -0.25460       -1.47800
H          1.15820        1.37070       -3.17060
H          2.84090        0.94570       -2.87010
H          1.79110        3.51240        0.50490
H          4.73470        2.81760        1.16210
H          5.23350        3.35700        3.52620
H          5.33810        5.82470        6.02830
H          3.57690        9.04890        4.36840
H          3.54110        9.08460        6.13540
H          2.20190        8.30940        5.28570
H          2.38230        7.40850        3.08560
H          2.32010        5.70600        1.35370

