HF BASIS=def2-svp cutoff=1.0e-9 denserms=1.0e-6  zmake GRADIENT DIPOLE CHARGE=0

C          2.31380        1.99390        1.84840
C          1.90270        0.84670        0.91590
C          2.59710        1.03040       -0.42610
O          2.64820        2.14000       -0.97510
C          3.34800       -0.08880       -1.05060
C          2.86770       -1.39840       -1.07200
O          1.64490       -1.70120       -0.54910
C          3.62300       -2.41380       -1.65740
C          4.86530       -2.12490       -2.22400
O          5.51170       -3.19550       -2.77090
C          5.38890       -0.82520       -2.21490
C          6.74270       -0.48590       -2.80650
C          6.65140       -0.07220       -4.25440
C          7.11430        1.06040       -4.82290
C          6.90210        1.32340       -6.29280
C          7.85960        2.15550       -4.10650
C          4.59460        0.19010       -1.64680
O          5.09360        1.47240       -1.67540
C          0.38410        0.75420        0.85900
C         -0.46500        1.54080        0.06350
O          0.00290        2.50820       -0.78710
C         -1.87170        1.38840        0.11270
C         -2.76420        2.23730       -0.77950
C         -3.24740        3.49540       -0.10120
C         -2.98990        4.77630       -0.43780
C         -3.57250        5.91050        0.36430
C         -2.12420        5.21840       -1.58580
C         -2.43750        0.46710        1.01700
O         -3.80780        0.38640        1.01990
C         -4.46140       -0.28140        2.10330
O         -5.74290        0.33590        2.32080
C         -6.34650       -0.13280        3.55470
C         -6.10900       -1.63180        3.81870
O         -4.91890       -1.80590        4.61520
C         -5.88820       -2.35840        2.49450
O         -5.64630       -3.75080        2.75950
C         -4.68630       -1.77110        1.73450
O         -4.95500       -1.95510        0.32730
C         -7.84350        0.14870        3.43440
O         -8.13230        0.95360        2.38220
O         -8.70490       -0.28590        4.18300
C         -1.60270       -0.31030        1.81640
C         -0.21720       -0.16570        1.73630
H          1.91160        2.95650        1.51070
H          3.40330        2.09180        1.89110
H          1.95040        1.82260        2.86810
H          2.30990       -0.06890        1.36500
H          1.39910       -2.60980       -0.80180
H          3.26400       -3.43860       -1.68230
H          6.25760       -2.89510       -3.31310
H          7.22740        0.26790       -2.18010
H          7.40900       -1.35450       -2.73640
H          6.13070       -0.78400       -4.89440
H          6.33530        2.25140       -6.43530
H          6.34710        0.51630       -6.78200
H          7.86750        1.42630       -6.79920
H          8.10600        1.91360       -3.07230
H          7.26180        3.07320       -4.10230
H          8.80560        2.36210       -4.61930
H          4.34140        2.09690       -1.57640
H          0.97480        2.57890       -0.77590
H         -3.64230        1.65020       -1.08180
H         -2.25510        2.43640       -1.72750
H         -3.89170        3.30940        0.75760
H         -4.23480        6.51430       -0.26350
H         -2.77330        6.55320        0.75030
H         -4.15620        5.55810        1.21970
H         -2.67600        5.91460       -2.22660
H         -1.23450        5.73340       -1.20820
H         -1.78630        4.39860       -2.22320
H         -3.89320       -0.15440        3.03270
H         -5.94980        0.48690        4.36770
H         -6.92020       -2.08840        4.39510
H         -4.81570       -2.77790        4.70020
H         -6.79990       -2.30480        1.88650
H         -5.56690       -4.17590        1.88190
H         -3.77230       -2.34560        1.92630
H         -4.43210       -1.27130       -0.14220
H         -7.28920        1.16540        1.91010
H         -1.98040       -1.04240        2.52250
H          0.40160       -0.78580        2.38470

