HF BASIS=def2-svp cutoff=1.0e-9 denserms=1.0e-6  zmake GRADIENT DIPOLE CHARGE=0

C          4.54220        1.38810       -0.55550
C          3.29860        1.44210        0.28310
C          2.26840        0.50670        0.08830
C          1.07760        0.52870        0.84630
C          1.03000        1.43870        1.90910
C          2.05300        2.37580        2.11940
O          2.02830        3.29990        3.12890
C          3.17610        2.38550        1.30290
C         -0.07750        1.31970        2.86720
O         -0.24120        2.18020        3.73130
C         -0.94600        0.11940        2.81980
C         -1.82510       -0.10590        3.88020
O         -1.92540        0.70080        4.97920
C         -2.67790       -1.18350        3.84100
C         -2.64410       -2.03730        2.73780
O         -3.59540       -3.02980        2.72400
C         -1.74090       -1.89150        1.63090
C         -1.60770       -2.79010        0.47610
C         -2.08420       -4.14270        0.35380
O         -2.64350       -4.86310        1.37730
C         -1.95180       -4.91680       -0.79940
C         -1.32250       -4.39190       -1.90120
O         -1.21980       -5.21040       -2.99120
C         -0.81270       -3.09460       -1.84460
C         -0.09230       -2.57120       -3.03050
O          0.19690       -3.30880       -3.97200
C          0.21510       -1.13670       -3.10350
C          0.03040       -0.36780       -1.94890
C          0.09820        1.03350       -2.10660
C          0.47610        1.63410       -3.31930
C          0.54650        3.12880       -3.43500
C          0.73020        0.82640       -4.42730
C          0.58860       -0.55110       -4.32280
O          0.80750       -1.27230       -5.46550
C         -0.30740       -1.02160       -0.64830
C         -0.05310       -0.41910        0.60740
C         -0.90100       -0.74100        1.68970
C         -0.92410       -2.29340       -0.67420
H          4.32100        1.00550       -1.55760
H          5.28410        0.73700       -0.08300
H          4.97340        2.38740       -0.67840
H          2.41400       -0.25000       -0.68180
H          1.18460        3.19260        3.62050
H          3.96520        3.11100        1.48720
H         -1.34250        1.48190        4.84520
H         -3.36910       -1.33800        4.66460
H         -4.27280       -2.83620        3.40040
H         -2.96080       -4.23460        2.05000
H         -2.32810       -5.93660       -0.81910
H         -0.66010       -4.76300       -3.66330
H         -0.14200        1.69130       -1.27230
H         -0.43970        3.53140       -3.68530
H          1.25840        3.42900       -4.21100
H          0.88530        3.57540       -2.49410
H          1.00910        1.26370       -5.38330
H          0.68530       -2.22400       -5.25260

