HF BASIS=def2-svp cutoff=1.0e-9 denserms=1.0e-6  zmake GRADIENT DIPOLE CHARGE=0

C          8.18850       -4.28430       -0.86480
C          7.11980       -3.82830       -1.84570
C          6.00290       -3.06370       -1.13610
C          4.93540       -2.58770       -2.12350
C          3.83540       -1.80240       -1.40860
C          2.75040       -1.33970       -2.38130
C          1.68270       -0.51460       -1.66120
C          0.59720       -0.08850       -2.59770
O          0.86230        1.10940       -3.33630
C         -0.22070        1.17160       -2.39170
C         -0.00880        2.14660       -1.28150
C         -0.54120        1.47260       -0.09570
C         -0.92500        0.88190        0.87620
C         -1.35060        0.05450        2.09900
C         -1.64390       -0.65160        3.02460
C         -1.96370       -1.58580        4.11380
O         -2.38790       -2.84060        3.56300
C         -1.37890       -3.66660        3.18210
O         -0.18520       -3.46310        3.35630
C         -1.92880       -4.87000        2.45750
C         -1.81630       -4.71180        0.94300
C         -2.80380       -3.68160        0.38570
C         -2.69920       -3.56730       -1.13710
C         -3.73410       -2.61220       -1.74070
C         -3.49330       -1.14430       -1.37790
C         -4.52160       -0.23370       -2.05350
C         -4.28270        1.21520       -1.72800
C         -4.07950        2.16220       -2.66030
C         -3.85540        3.63830       -2.45710
C         -4.04630        4.13260       -1.05130
C         -3.10160        4.76300       -0.33450
C         -3.31810        5.28700        1.05770
C         -2.48850        4.56020        2.12070
C         -0.98090        4.79520        1.98340
C         -0.21160        4.12520        3.12270
C          1.28990        4.29640        2.95890
C         -3.13310       -1.04320        4.89170
C         -3.09900       -0.68420        6.18330
H          8.65040       -3.42850       -0.36170
H          8.97660       -4.83450       -1.39040
H          7.76430       -4.94420       -0.10160
H          6.70320       -4.70290       -2.35850
H          7.58150       -3.19210       -2.60870
H          5.54080       -3.70830       -0.37860
H          6.42660       -2.20050       -0.60940
H          5.40050       -1.95240       -2.88790
H          4.49860       -3.45170       -2.64020
H          4.27590       -0.93130       -0.90740
H          3.38510       -2.42810       -0.62850
H          2.28590       -2.21180       -2.85980
H          3.19890       -0.73950       -3.18260
H          1.23320       -1.11370       -0.86030
H          2.15920        0.35070       -1.18670
H          0.12460       -0.91550       -3.11110
H         -1.22840        1.19510       -2.78730
H         -0.54990        3.07430       -1.48730
H          1.04730        2.40040       -1.14700
H         -1.10330       -1.72620        4.78070
H         -2.96370       -5.05550        2.76660
H         -1.34980       -5.73950        2.78940
H         -2.01220       -5.68390        0.47600
H         -0.79400       -4.42290        0.67100
H         -2.60590       -2.70630        0.83810
H         -3.82520       -3.96760        0.66280
H         -1.68930       -3.24470       -1.41970
H         -2.85220       -4.55970       -1.57910
H         -4.74040       -2.91310       -1.42570
H         -3.70190       -2.71920       -2.83200
H         -3.55330       -1.00940       -0.29220
H         -2.48160       -0.85600       -1.68530
H         -4.50190       -0.39650       -3.13840
H         -5.52800       -0.50210       -1.71070
H         -4.29330        1.47780       -0.67200
H         -4.06870        1.86010       -3.70750
H         -4.56200        4.17860       -3.09910
H         -2.85040        3.88420       -2.82140
H         -5.03440        3.98000       -0.62030
H         -2.12330        4.94020       -0.77570
H         -4.37780        5.20460        1.32920
H         -3.07960        6.35660        1.06950
H         -2.70090        3.48390        2.08690
H         -2.81350        4.91340        3.10750
H         -0.77450        5.87280        1.98780
H         -0.62530        4.40120        1.02500
H         -0.52150        4.55420        4.08270
H         -0.44780        3.05610        3.15720
H          1.56650        5.35500        2.95040
H          1.63670        3.84250        2.02480
H          1.81980        3.81400        3.78640
H         -4.07030       -0.94460        4.34650
H         -3.98880       -0.29930        6.67440
H         -2.19240       -0.75810        6.77670

