HF BASIS=def2-svp cutoff=1.0e-9 denserms=1.0e-6  zmake GRADIENT DIPOLE CHARGE=0

C         -2.98010       -2.25310       -1.76060
C         -2.86290       -0.74380       -1.60090
N         -1.60590       -0.24870       -2.17630
C         -1.49150        0.17940       -3.48750
C         -0.36510        0.60720       -4.07650
C         -0.40090        1.03990       -5.48860
O          0.78690        1.45710       -5.97710
O         -1.41650        1.02590       -6.16890
C          0.85650        0.61090       -3.24460
O          1.92170        1.00470       -3.71640
C          0.76450        0.12970       -1.85110
C          1.89860        0.08840       -1.04770
C          1.77070       -0.37900        0.25100
F          2.87770       -0.45320        1.00600
C          0.52100       -0.78930        0.74030
N         -0.57010       -0.75320       -0.06900
C         -0.46530       -0.29770       -1.34220
N          0.37950       -1.28990        2.05070
C         -0.96290       -1.84660        2.32930
C         -1.00110       -2.48160        3.73730
N         -0.60170       -1.54840        4.80800
C          0.73070       -0.99910        4.49530
C          0.81540       -0.33910        3.09860
H         -3.93580       -2.60270       -1.35780
H         -2.92930       -2.54200       -2.81560
H         -2.17780       -2.77710       -1.23170
H         -3.71070       -0.27050       -2.11290
H         -2.96930       -0.46060       -0.54640
H         -2.42990        0.14620       -4.04020
H          1.52920        1.42060       -5.32550
H          2.87080        0.39930       -1.41570
H         -1.21140       -2.62850        1.60040
H         -1.72780       -1.06030        2.26960
H         -2.01760       -2.83450        3.94240
H         -0.34370       -3.36000        3.76070
H         -0.55220       -2.05750        5.68970
H          0.98880       -0.25520        5.25690
H          1.47580       -1.80200        4.56370
H          1.85080       -0.01610        2.95340
H          0.18000        0.55650        3.07810

