HF BASIS=def2-svp cutoff=1.0e-9 denserms=1.0e-6  zmake GRADIENT DIPOLE CHARGE=0

O         -1.80260       -1.45560        5.49600
C         -1.15270       -0.78150        4.40380
C         -1.98810       -0.94170        3.12440
O         -3.36170       -0.63100        3.44210
C         -1.46190       -0.03100        1.99950
O         -0.20870       -0.53710        1.51070
C         -0.27800       -0.74100        0.15830
C         -0.71140       -1.96450       -0.35070
O         -1.09730       -2.97290        0.49230
C         -0.79320       -2.15910       -1.72540
O         -1.24750       -3.38610       -2.14720
C         -0.44330       -1.12710       -2.59580
C         -0.59560       -1.27950       -4.05050
O         -0.99090       -2.35280       -4.50440
C         -0.27970       -0.05850       -4.89480
O         -0.01200       -0.33700       -6.26330
C          0.82600        0.77390       -4.22340
O          0.43240        1.13360       -2.87600
C          0.03890        0.08360       -2.09010
C          0.11260        0.28150       -0.70750
C          2.29110        0.33420       -4.21900
C          3.23540        1.28900       -3.77510
C          4.58820        0.98370       -3.73070
O          5.47140        1.93760       -3.31460
C          5.04240       -0.27090       -4.11310
O          6.38610       -0.50930       -4.03810
C          4.14630       -1.22660       -4.57050
C          2.78060       -0.91500       -4.62550
O          1.91460       -1.86390       -5.08910
O         -1.32250        1.32430        2.44590
C         -0.44840        1.46400        3.56880
C         -1.00040        0.69940        4.77590
O         -2.30520        1.19690        5.13820
C         -0.19150        2.91510        3.97300
O         -0.66670        3.82740        3.10170
O          0.43240        3.27670        4.96230
H         -2.70570       -1.66880        5.17940
H         -0.16320       -1.23160        4.26890
H         -1.97360       -1.99010        2.81690
H         -3.38020        0.32170        3.68130
H         -2.22430        0.00320        1.21010
H         -1.33730       -3.71700       -0.10040
H         -1.31010       -3.35580       -3.13000
H         -1.20460        0.53680       -4.88760
H          0.62510       -1.08240       -6.25050
H          0.83830        1.71810       -4.78470
H          0.47180        1.22750       -0.30920
H          2.91010        2.27850       -3.45830
H          6.34300        1.49420       -3.34170
H          6.54820       -1.44580       -4.24820
H          4.50470       -2.19850       -4.89000
H          2.38510       -2.70520       -5.23110
H          0.53920        1.07410        3.28870
H         -0.36670        0.81120        5.66010
H         -2.55870        0.66660        5.92280
H         -0.42440        4.69750        3.48520

