HF BASIS=def2-svp cutoff=1.0e-9 denserms=1.0e-6  zmake GRADIENT DIPOLE CHARGE=0

C          3.10820        4.19780       -0.81130
C          2.25930        4.47490        0.43910
C          3.04750        4.24560        1.77460
C          4.50840        4.71820        1.73340
C          3.02310        2.79640        2.26750
O          3.87320        2.28390        2.98760
O          1.87580        2.17430        1.91600
C          1.54130        0.92230        2.55460
C          2.30840       -0.26610        1.94460
O          2.13190       -1.39060        2.83810
C          3.11850       -2.31610        2.91980
C          2.71000       -3.40110        3.87060
O          4.17730       -2.29570        2.31260
C          1.81780       -0.57970        0.51330
O          2.57860       -1.67950       -0.02640
C          3.71770       -1.37050       -0.70400
C          4.45050       -2.62590       -1.07100
O          4.09610       -0.23990       -0.98590
C          0.26960       -0.85050        0.39440
C         -0.14950       -2.19170        1.08480
O          0.66770       -3.30650        0.68330
C          0.24180       -4.52570        1.10540
C          1.16150       -5.59210        0.60010
O         -0.75480       -4.73350        1.78520
C         -0.06460       -0.93070       -1.14840
O          0.24190       -2.23650       -1.69210
C          0.50930       -2.29900       -3.02250
C          0.78460       -3.71480       -3.42220
O          0.49930       -1.34950       -3.79100
C         -1.53770       -0.54930       -1.50380
O         -2.36130       -1.70900       -1.23720
C         -3.44910       -1.90130       -2.01710
O         -3.84160       -1.15400       -2.89750
C         -4.12450       -3.16850       -1.62720
C         -5.37410       -3.46150       -2.18980
C         -6.05250       -4.62680       -1.82940
C         -5.49460       -5.50280       -0.89470
C         -4.24630       -5.22630       -0.34360
C         -3.56280       -4.06820       -0.70900
C         -2.06220        0.68670       -0.71740
C         -1.99350        0.41140        0.79140
O         -2.63490       -0.76650        1.25330
C         -3.97970       -0.66440        1.44200
C         -4.52520       -1.91860        2.05340
O         -4.65470        0.31380        1.16160
C         -0.46160        0.44100        0.98770
O         -0.05110        1.56470        0.12630
C         -1.12140        1.91310       -0.80220
C         -0.51670        2.20460       -2.18380
C         -1.78550        3.24060       -0.29900
O         -0.78820        4.23160        0.04750
C         -0.49790        5.17580       -0.86990
O         -1.00700        5.29120       -1.97080
C          0.43890        6.16630       -0.30270
C          1.65410        5.87620        0.34100
N          2.42700        6.87490        0.85650
C          2.03010        8.15790        0.70160
C          0.87040        8.52460        0.05110
C          0.05990        7.50980       -0.44490
C         -0.01430        0.75890        2.46930
C         -0.66630        2.04050        3.03160
O         -0.45740       -0.28610        3.34100
H          3.89080        4.95380       -0.95130
H          2.48410        4.21340       -1.71330
H          3.57560        3.21240       -0.75400
H          1.43370        3.76560        0.40680
H          2.53550        4.80340        2.57330
H          4.95770        4.66700        2.73200
H          4.59980        5.75070        1.39040
H          5.11630        4.08150        1.08130
H          1.80500        0.98650        3.62270
H          3.37550       -0.01830        1.90020
H          2.47820       -2.97100        4.84610
H          3.53220       -4.11100        3.99320
H          1.84480       -3.93150        3.47570
H          2.03510        0.31450       -0.08940
H          4.99670       -3.00420       -0.20320
H          5.15310       -2.41420       -1.88370
H          3.74370       -3.38170       -1.42970
H         -1.17760       -2.44390        0.82960
H         -0.08600       -2.14020        2.16950
H          2.19960       -5.31810        0.80340
H          1.00750       -5.73830       -0.47270
H          0.95430       -6.52720        1.12670
H          0.60620       -0.22320       -1.64260
H          1.37030       -3.72370       -4.34770
H         -0.16030       -4.24200       -3.57510
H          1.37970       -4.21290       -2.64920
H         -1.58390       -0.34630       -2.58100
H         -5.81550       -2.78450       -2.91950
H         -7.02270       -4.84800       -2.26480
H         -6.02560       -6.40600       -0.60840
H         -3.80480       -5.90590        0.38670
H         -2.59310       -3.87660       -0.25850
H         -3.08470        0.91220       -1.04010
H         -2.44150        1.25200        1.32310
H         -3.74920       -2.68790        2.13200
H         -5.33230       -2.30390        1.42520
H         -4.89830       -1.69270        3.05770
H          0.36870        2.84470       -2.08110
H         -1.24790        2.69740       -2.83490
H         -0.16440        1.31960       -2.71960
H         -2.49970        3.62560       -1.03560
H         -2.36010        3.09800        0.62030
H          2.70520        8.90300        1.11670
H          0.60050        9.56590       -0.05850
H         -0.85760        7.77000       -0.97370
H         -0.52420        2.90700        2.38340
H         -0.24080        2.28510        4.01400
H         -1.73740        1.90680        3.21520
H         -0.10270       -0.12480        4.23200

