HF BASIS=def2-svp cutoff=1.0e-9 denserms=1.0e-6  zmake GRADIENT DIPOLE CHARGE=0

N         -4.38630       -1.00070       -3.90830
C         -3.18970       -0.59960       -3.41210
N         -3.11240       -0.01140       -2.26440
C         -1.85910        0.35900       -1.82270
O         -1.66150        0.72130       -0.66190
C         -0.69480        0.31260       -2.80210
C         -0.90020       -0.34840       -3.97090
N          0.14830       -0.49550       -4.88060
C          1.35510        0.34340       -4.74040
C          1.74440        0.53930       -3.24200
C          2.43460       -0.72890       -2.68010
N          3.23960       -0.44370       -1.47610
C          4.52660        0.02130       -1.72880
O          5.00690        0.21140       -2.84800
C          2.65760       -0.49300       -0.16160
C          1.39140       -1.05910        0.05720
C          0.76270       -1.02320        1.31380
C          1.39450       -0.43030        2.40330
C          2.67740        0.09010        2.21920
C          3.29880        0.05980        0.95770
C          0.75190       -0.25680        3.73820
O          1.34410        0.29890        4.66220
N         -0.51680       -0.74980        3.93250
C         -1.31550       -0.43280        5.12090
C         -2.82180       -0.56930        4.83550
C         -3.34230        0.43600        3.80050
C         -2.90410        0.10580        2.39760
O         -2.85390        1.20100        1.61860
O         -2.60350       -1.00530        1.98990
C         -0.90210       -1.30170        6.33000
O          0.43430       -1.31370        6.56680
O         -1.68610       -1.87260        7.07500
N          0.53650        0.89300       -2.46210
N         -2.14110       -0.86200       -4.22970
H         -5.11910       -0.86600       -3.21140
H         -4.39590       -1.96230       -4.23280
H         -0.15960       -0.62260       -5.83770
H          1.13480        1.32760       -5.18270
H          2.17790       -0.09710       -5.31350
H          2.44020        1.38450       -3.18610
H          1.73650       -1.55200       -2.50750
H          3.12340       -1.11660       -3.44380
H          5.13450        0.20450       -0.83620
H          0.82190       -1.52420       -0.74010
H         -0.23560       -1.44540        1.37840
H          3.20010        0.56020        3.05070
H          4.27520        0.52840        0.90380
H         -0.92600       -1.40190        3.26590
H         -1.10420        0.60650        5.40920
H         -3.37770       -0.40150        5.76720
H         -3.05250       -1.59420        4.51920
H         -3.00040        1.44310        4.06140
H         -4.43860        0.43250        3.80800
H         -2.48650        0.92600        0.73650
H          0.91760       -0.68580        5.97200
H          0.64850        1.03860       -1.46010
H         -2.32960       -1.10950       -5.18730

