HF BASIS=def2-svp cutoff=1.0e-9 denserms=1.0e-6  zmake GRADIENT DIPOLE CHARGE=0

N          1.61230        0.53330        3.54800
C          0.23870        0.54600        3.29710
C         -0.67530        0.47470        4.36040
C         -2.06350        0.36760        4.14150
C         -2.56900        0.28430        2.84690
C         -1.65250        0.29610        1.81440
C         -0.27450        0.40190        2.01910
C          0.43420        0.32180        0.70630
N         -0.66250        0.23060       -0.25000
C         -0.48650       -0.08170       -1.66500
C         -0.38220       -1.59300       -1.88020
C         -0.33390       -1.89890       -3.36840
C          0.80040       -1.16530       -4.04040
O          1.40490       -1.62700       -5.00350
N          1.11060        0.07420       -3.54110
C          0.70950        0.61130       -2.33860
O          1.28300        1.60100       -1.88890
C         -1.89610        0.15980        0.37500
O         -2.98320       -0.01900       -0.13940
H          2.18030        0.93560        2.80880
H          1.86570        0.90950        4.45770
H         -0.31490        0.50460        5.38680
H         -2.74100        0.33390        4.99160
H         -3.63170        0.18900        2.65210
H          1.01750        1.22610        0.52130
H          1.05130       -0.57870        0.64120
H         -1.38420        0.28410       -2.18190
H         -1.23690       -2.10980       -1.42830
H          0.52160       -1.98180       -1.39320
H         -1.26890       -1.61020       -3.86080
H         -0.18810       -2.97470       -3.51420
H          1.89940        0.53060       -3.97920

