HF BASIS=def2-svp cutoff=1.0e-9 denserms=1.0e-6  zmake GRADIENT DIPOLE CHARGE=0

C         -6.05580        2.87890       -1.04640
O         -6.82230        3.91870       -0.42280
C         -7.01200        1.79090       -1.53390
O         -7.71940        1.24960       -0.42250
P         -8.19000       -0.28230       -0.50690
O         -8.89590       -0.36260       -1.94420
O         -9.09730       -0.74940        0.58090
O         -6.83880       -1.11910       -0.70490
C         -6.94380       -2.49340       -1.04380
C         -5.76810       -3.28130       -0.44920
C         -5.81110       -4.73130       -0.94830
O         -5.11410       -5.58900       -0.02730
C         -5.05570       -6.88930       -0.43090
O         -5.46920       -7.30080       -1.50760
C         -4.51090       -7.78980        0.65060
C         -3.18060       -7.34170        1.24700
C         -2.03410       -7.36800        0.23100
C         -0.70420       -6.93410        0.85460
C         -0.01960       -8.04300        1.65790
C          1.30660       -7.59360        2.28970
C          1.10470       -6.63810        3.46980
C          2.39010       -6.34190        4.25240
C          3.49990       -5.57770        3.49300
C          3.00180       -4.22610        2.97540
C          4.71510       -5.40760        4.43100
C          5.93800       -4.79470        3.76190
O         -4.54270       -2.67080       -0.92910
C         -4.00530       -1.70100       -0.13170
O         -4.28810       -1.51540        1.04310
C         -3.04960       -0.85980       -0.94570
C         -2.55640        0.36220       -0.16820
C         -1.83400        1.35110       -1.08560
C         -1.31890        2.59360       -0.35150
C         -0.13270        2.35550        0.59230
C          1.15130        2.00080       -0.16200
C          2.38200        1.83140        0.73090
C          2.22140        0.71820        1.76780
C          3.54810        0.24500        2.36810
C          4.26330        1.31660        3.19580
C          5.66530        0.88600        3.68530
C          6.34240        2.08160        4.36650
C          5.60430       -0.34170        4.61470
C          6.97040       -0.83230        5.07680
C         -5.27730        3.46740       -2.22280
O         -4.18190        4.23940       -1.74620
P         -3.28930        4.95660       -2.86760
O         -2.11350        5.64320       -2.03110
O         -4.00040        5.92780       -3.75020
O         -2.54680        3.75880       -3.63870
C         -1.74070        4.12830       -4.75090
C         -1.18750        2.87270       -5.43380
C         -0.66330        3.20810       -6.84130
O          0.20500        4.35950       -6.80270
C          1.53510        4.11660       -6.65360
O          2.05300        3.01010       -6.63650
C          2.30790        5.40820       -6.55450
C          1.79090        6.34930       -5.46890
C          2.05750        5.82400       -4.05320
C          1.58180        6.82690       -2.99910
C          1.99150        6.40520       -1.58520
C          1.59740        7.47000       -0.55700
C          2.21830        7.24360        0.82400
C          1.70840        5.97870        1.52150
C          2.19250        5.86060        2.98160
C          3.70590        5.64850        3.07260
C          1.46570        4.71470        3.68930
O         -0.10390        2.36130       -4.62450
C          0.22200        1.05360       -4.84210
O         -0.42660        0.28220       -5.53750
C          1.52240        0.72580       -4.14710
C          1.74200       -0.77370       -3.93650
C          0.81350       -1.34190       -2.86140
C          1.21990       -2.75230       -2.42950
C          0.35860       -3.29950       -1.28420
C          0.49420       -2.48540        0.00660
C         -0.33320       -3.07570        1.14530
C         -0.23060       -2.21610        2.40710
C         -1.05790       -2.80360        3.55290
C         -1.07310       -1.91450        4.80940
C         -2.04990       -2.48840        5.83830
C          0.31370       -1.76840        5.43880
H         -5.37510        2.48560       -0.28350
H         -7.30440        3.49790        0.31510
H         -6.45590        1.00660       -2.05770
H         -7.75710        2.21380       -2.21550
H         -9.83780       -0.12620       -1.86040
H         -7.89320       -2.90360       -0.68170
H         -6.93220       -2.55350       -2.13840
H         -5.80420       -3.25750        0.64590
H         -6.84780       -5.07910       -1.00270
H         -5.34030       -4.80300       -1.93570
H         -5.27180       -7.85110        1.43620
H         -4.40240       -8.79710        0.23060
H         -3.27760       -6.33200        1.66600
H         -2.94430       -8.00760        2.08530
H         -2.26900       -6.67760       -0.58820
H         -1.93870       -8.36680       -0.20920
H         -0.02850       -6.61770        0.05140
H         -0.88060       -6.06310        1.49150
H         -0.68650       -8.42070        2.44090
H          0.18700       -8.88600        0.98710
H          1.94030       -7.12790        1.52570
H          1.83640       -8.48680        2.64420
H          0.65150       -5.70350        3.13180
H          0.38740       -7.08720        4.16800
H          2.11310       -5.76510        5.14540
H          2.79840       -7.29340        4.61840
H          3.81810       -6.17940        2.63200
H          2.21510       -4.36300        2.23000
H          2.60290       -3.61540        3.79260
H          3.79630       -3.65810        2.48380
H          5.00340       -6.39220        4.82140
H          4.43730       -4.79430        5.29880
H          6.79200       -4.82550        4.44760
H          5.77200       -3.74810        3.49520
H          6.20980       -5.34770        2.85780
H         -2.20330       -1.48030       -1.25190
H         -3.58860       -0.52680       -1.84080
H         -3.40240        0.86900        0.30990
H         -1.89410        0.02860        0.63660
H         -2.53970        1.68210       -1.85630
H         -1.01810        0.85100       -1.61560
H         -1.02100        3.33800       -1.09780
H         -2.14200        3.03840        0.22160
H         -0.38330        1.57540        1.31810
H          0.03930        3.27420        1.16680
H          1.36440        2.78340       -0.89960
H          1.00490        1.07500       -0.71940
H          2.60420        2.77840        1.23040
H          3.23850        1.60630        0.08410
H          1.55410        1.04700        2.57230
H          1.74690       -0.14580        1.29320
H          4.20660       -0.10460        1.56360
H          3.32910       -0.62360        3.00000
H          4.37970        2.22080        2.58730
H          3.63770        1.59320        4.05390
H          6.26550        0.62280        2.80410
H          5.83080        2.34820        5.29820
H          7.39000        1.86870        4.60000
H          6.33250        2.96120        3.71280
H          4.98750       -0.11720        5.49340
H          5.12290       -1.17670        4.09410
H          7.63410       -1.00680        4.22360
H          7.44950       -0.11720        5.75190
H          6.86290       -1.77740        5.62080
H         -5.92590        4.11350       -2.82320
H         -4.88060        2.66940       -2.85750
H         -2.31480        6.58270       -1.85970
H         -0.93230        4.76820       -4.38650
H         -2.36360        4.69440       -5.45170
H         -1.98410        2.12000       -5.49340
H         -1.50390        3.47500       -7.49190
H         -0.15700        2.35590       -7.30740
H          3.35980        5.16550       -6.36970
H          2.25770        5.89780       -7.53350
H          0.71850        6.53650       -5.59660
H          2.29410        7.31710       -5.58750
H          3.13140        5.64370       -3.93060
H          1.54930        4.86470       -3.90100
H          0.49030        6.93030       -3.05320
H          2.00980        7.81300       -3.21900
H          3.07670        6.24940       -1.55400
H          1.51660        5.44920       -1.33720
H          1.92680        8.45350       -0.91310
H          0.50500        7.51820       -0.47370
H          1.98550        8.11400        1.44940
H          3.30890        7.20840        0.72330
H          0.61140        5.98960        1.50910
H          2.02350        5.09330        0.95850
H          1.94290        6.78890        3.51080
H          4.25310        6.51280        2.68420
H          4.01670        5.50880        4.11420
H          4.01800        4.76480        2.50670
H          1.69770        3.74890        3.23090
H          0.38100        4.85850        3.64850
H          1.75540        4.66550        4.74380
H          2.33090        1.11860       -4.77100
H          1.55600        1.24480       -3.18400
H          1.60430       -1.32490       -4.87470
H          2.78370       -0.92270       -3.62780
H          0.84750       -0.67430       -1.99980
H         -0.22050       -1.35110       -3.22310
H          1.13790       -3.42970       -3.28790
H          2.27300       -2.75870       -2.12060
H         -0.69150       -3.33150       -1.59760
H          0.66040       -4.33600       -1.08830
H          1.55020       -2.44600        0.30220
H          0.16360       -1.45530       -0.15850
H         -1.38230       -3.16100        0.83790
H          0.02760       -4.08270        1.36210
H         -0.57890       -1.19950        2.19090
H          0.82120       -2.13960        2.70240
H         -0.67400       -3.79910        3.80990
H         -2.08890       -2.94480        3.20490
H         -1.43010       -0.91510        4.52930
H         -2.10870       -1.84460        6.72190
H         -1.74150       -3.48750        6.16520
H         -3.05800       -2.56610        5.41680
H          1.00360       -1.24590        4.76980
H          0.74510       -2.74550        5.68190
H          0.25960       -1.18460        6.36420

