HF BASIS=def2-svp cutoff=1.0e-9 denserms=1.0e-6  zmake GRADIENT DIPOLE CHARGE=0

C         -2.34260       -1.44640        0.59730
C         -1.04060       -1.38440       -0.18180
C         -0.40620       -0.00200       -0.35230
C         -1.41250        1.16920       -0.39850
C         -0.79120        2.55350       -0.66120
C          0.45940        2.83610        0.14740
C          0.22910        3.11350        1.61480
O         -0.52750        4.30480        1.75180
C          1.71180        2.84340       -0.35750
C          2.14920        2.61810       -1.78230
C          3.20500        1.50850       -1.97190
O          3.59490        1.50850       -3.34940
C          2.94740        0.05670       -1.59030
C          4.23880       -0.70660       -1.35680
C          1.78320       -0.61500       -1.45370
C          0.36720       -0.15650       -1.66290
O         -0.32960       -1.16480       -2.41010
C         -1.19370       -1.84480       -1.60530
O         -1.93680       -2.72860       -1.99860
H         -2.66120       -2.48730        0.72260
H         -3.15720       -0.92830        0.08060
H         -2.22360       -1.01150        1.59460
H         -0.31320       -2.05910        0.28840
H          0.26830        0.17790        0.49440
H         -2.17410        0.98390       -1.16660
H         -1.94580        1.21720        0.55910
H         -1.54460        3.32160       -0.44370
H         -0.60600        2.66440       -1.73330
H          1.16610        3.24060        2.16730
H         -0.32000        2.29310        2.08660
H         -0.06970        4.98760        1.23190
H          2.53840        3.06380        0.32000
H          2.60570        3.56000       -2.12080
H          1.32350        2.48350       -2.48230
H          4.08800        1.84190       -1.40990
H          2.96050        0.94450       -3.82560
H          4.86680       -0.67800       -2.25340
H          4.06860       -1.76020       -1.11080
H          4.79570       -0.26210       -0.52500
H          1.85010       -1.66650       -1.16830
H          0.33560        0.72980       -2.28880

