HF BASIS=def2-svp cutoff=1.0e-9 denserms=1.0e-6  zmake GRADIENT DIPOLE CHARGE=0

C          5.33450       -3.59660       -1.64720
C          6.38060       -4.31180       -2.48980
C          6.97260       -3.44110       -3.60120
C          5.94570       -3.03110       -4.65890
C          6.60400       -2.26710       -5.81160
C          5.62020       -1.90130       -6.92590
C          4.60790       -0.83210       -6.50950
C          3.62880       -0.52700       -7.64520
C          2.60280        0.52640       -7.22190
C          1.54020        0.80580       -8.28960
C          0.67140       -0.39260       -8.69290
C          0.00460       -1.14660       -7.53790
C         -0.98520       -0.29100       -6.74760
C         -1.55920       -1.06530       -5.55980
C         -2.62470       -0.24990       -4.83150
C         -3.08380       -0.94730       -3.57410
O         -2.34400       -1.55530       -2.80900
O         -4.42080       -0.75120       -3.39760
C         -5.00300       -1.33060       -2.20670
C         -6.44320       -1.72010       -2.56020
O         -7.09960       -2.42380       -1.49680
C         -6.86080       -3.76380       -1.45740
O         -6.12830       -4.36660       -2.22940
C         -7.66030       -4.43080       -0.36630
C         -7.51080       -3.76920        1.00150
C         -6.07130       -3.82220        1.51680
C         -5.96300       -3.23610        2.92530
C         -4.50760       -3.21430        3.39270
C         -4.37630       -2.63900        4.80430
C         -2.92910       -2.55700        5.20310
C         -2.27360       -1.47970        5.66520
C         -2.85160       -0.12210        5.95520
C         -2.23110        0.47200        7.19020
C         -1.69090        1.69400        7.33520
C         -1.57760        2.78580        6.30960
C         -2.45620        3.94690        6.67180
C         -2.07660        5.15010        7.13450
C         -0.67840        5.60440        7.44500
C         -0.11730        6.57610        6.40230
C         -0.84290        7.92440        6.38230
C         -0.19410        8.88880        5.38980
C         -0.90170       10.23450        5.37880
C         -4.97960       -0.30010       -1.06950
O         -3.63930        0.07470       -0.78570
P         -3.40420        1.05920        0.45860
O         -3.28530        0.03900        1.68530
O         -4.40830        2.14570        0.64080
O         -1.89570        1.54900        0.20930
C         -0.81960        0.62090        0.31900
C          0.09470        0.75060       -0.89950
O         -0.56120        0.38960       -2.12450
C          1.32270       -0.15560       -0.74090
O          2.19050        0.03440       -1.87120
C          2.09250        0.19100        0.53500
O          2.59120        1.53350        0.39650
C          1.20640        0.08570        1.79140
O          1.99830        0.53940        2.89170
P          1.84160       -0.05270        4.35610
O          2.89920        0.30510        5.33980
O          1.66810       -1.62970        4.20680
O          0.40310        0.42730        4.85210
C         -0.07860        0.92860        1.63870
O         -1.02080        0.66030        2.70420
H          5.02010       -4.23910       -0.81710
H          5.73380       -2.66960       -1.22480
H          4.44250       -3.35540       -2.23370
H          7.19580       -4.63550       -1.83200
H          5.94240       -5.21920       -2.92080
H          7.42890       -2.54510       -3.16340
H          7.78190       -4.00530       -4.08160
H          5.17850       -2.40470       -4.19360
H          5.44460       -3.92490       -5.05010
H          7.39660       -2.89060       -6.24420
H          7.08790       -1.35940       -5.43040
H          5.09620       -2.80460       -7.26210
H          6.19300       -1.52940       -7.78430
H          5.13780        0.08400       -6.22060
H          4.03920       -1.16730       -5.63570
H          3.12360       -1.45570       -7.93170
H          4.17730       -0.17170       -8.52600
H          2.11880        0.22430       -6.28540
H          3.12760        1.46430       -7.00200
H          2.03330        1.19440       -9.18980
H          0.89370        1.61490       -7.93050
H         -0.10390       -0.04090       -9.38460
H          1.28040       -1.10270       -9.26560
H         -0.53130       -2.00820       -7.95740
H          0.76660       -1.56060       -6.86740
H         -1.79680        0.03330       -7.40980
H         -0.49350        0.61260       -6.37090
H         -1.99550       -2.01250       -5.90090
H         -0.74530       -1.32490       -4.87130
H         -3.48040       -0.09920       -5.50090
H         -2.24150        0.73610       -4.54640
H         -4.44280       -2.22350       -1.90050
H         -7.03560       -0.82030       -2.76830
H         -6.47380       -2.30170       -3.49050
H         -7.34190       -5.47820       -0.30650
H         -8.71230       -4.42930       -0.67470
H         -7.84690       -2.72650        0.95850
H         -8.16940       -4.28510        1.71060
H         -5.41390       -3.26310        0.84110
H         -5.71810       -4.86070        1.52510
H         -6.56800       -3.83030        3.62150
H         -6.36620       -2.21640        2.93200
H         -4.09940       -4.23290        3.36960
H         -3.91120       -2.61570        2.69210
H         -4.85850       -1.65800        4.83690
H         -4.90170       -3.28390        5.51760
H         -2.35560       -3.47430        5.06960
H         -1.20580       -1.59320        5.84510
H         -3.93010       -0.18240        6.12970
H         -2.69630        0.51050        5.07770
H         -2.26300       -0.16660        8.07350
H         -1.30540        1.95870        8.31960
H         -0.52650        3.08200        6.22970
H         -1.85880        2.44490        5.30890
H         -3.52240        3.77880        6.52050
H         -2.85940        5.88070        7.33650
H          0.00110        4.74950        7.53000
H         -0.67870        6.07970        8.43340
H         -0.15730        6.11830        5.40600
H          0.94300        6.74550        6.62850
H         -1.89570        7.78210        6.11070
H         -0.82430        8.36510        7.38740
H         -0.22170        8.45820        4.38180
H          0.86010        9.04020        5.65030
H         -0.42900       10.90600        4.65460
H         -0.85400       10.71020        6.36350
H         -1.95590       10.12260        5.10240
H         -5.52180        0.60310       -1.36860
H         -5.43820       -0.71020       -0.16390
H         -2.65580        0.38180        2.36270
H         -1.23020       -0.39670        0.34930
H          0.39620        1.79530       -1.03850
H         -1.13820       -0.39000       -1.96800
H          1.02500       -1.21140       -0.74000
H          1.59410        0.07000       -2.64940
H          2.97810       -0.44670        0.64000
H          3.07040        1.53820       -0.45960
H          0.93180       -0.96310        1.95000
H          2.21910       -2.09630        4.86820
H          0.41680        0.59000        5.81770
H          0.15060        1.99890        1.70960
H         -0.52910        0.74480        3.55240

