HF BASIS=def2-svp cutoff=1.0e-9 denserms=1.0e-6  zmake GRADIENT DIPOLE CHARGE=0

C          1.27530        5.08440       -0.22920
C          1.32690        3.65550        0.32830
C          1.22410        3.67640        1.85090
C          1.22030        2.28310        2.47730
O          0.50120        2.37150        3.70790
C          0.61090        1.17520        1.60470
C         -0.39870        1.66360        0.52970
C         -1.62240        2.31080        1.24360
C          0.29940        2.73950       -0.37680
C          1.16900        2.17520       -1.50310
O          2.50300        2.11010       -1.02210
C          2.66450        3.05200       -0.05980
O          3.74660        3.34340        0.42440
C          0.80100        0.84210       -2.03990
C         -0.19530        0.08280       -1.56500
C         -0.64900       -1.14350       -2.33440
C         -0.94210       -2.38180       -1.45550
C          0.38430       -2.93650       -0.88850
C         -1.88800       -1.95010       -0.31070
C         -1.33560       -0.78180        0.50870
C         -1.00050        0.46990       -0.34270
C         -1.69110       -3.41020       -2.30570
C         -1.35010       -4.68200       -2.55610
H          1.43710        5.10420       -1.31280
H          2.05220        5.71320        0.22110
H          0.30510        5.54990       -0.02440
H          0.34530        4.25180        2.16430
H          2.06510        4.23630        2.28470
H          2.24760        1.99920        2.73650
H          0.66700        1.55040        4.20320
H          1.42630        0.64370        1.09810
H          0.13620        0.44980        2.27440
H         -1.38180        3.22590        1.78350
H         -2.39940        2.58340        0.51970
H         -2.07170        1.62340        1.96780
H         -0.50330        3.33310       -0.83690
H          1.16610        2.87800       -2.34770
H          1.34590        0.52970       -2.92890
H         -1.56220       -0.85310       -2.87460
H          0.08330       -1.41010       -3.10900
H          0.95180       -2.18150       -0.33530
H          1.04170       -3.29090       -1.69150
H          0.20490       -3.77340       -0.20370
H         -2.07870       -2.79730        0.36130
H         -2.86540       -1.65370       -0.71640
H         -2.07580       -0.52370        1.27440
H         -0.45050       -1.14180        1.04160
H         -1.95670        0.82390       -0.75860
H         -2.61970       -3.05480       -2.75560
H         -1.98190       -5.30700       -3.18110
H         -0.45250       -5.14180       -2.15740

