HF BASIS=def2-svp cutoff=1.0e-9 denserms=1.0e-6  zmake GRADIENT DIPOLE CHARGE=0

C          0.09720        1.13610        2.11460
C          0.69410        1.50200        0.78160
C          1.36060        2.65950        0.62770
C          0.52660        0.53670       -0.38470
C          1.22040       -0.81200       -0.12720
C          1.06950       -1.75340       -1.32200
C         -0.39370       -1.96420       -1.74160
C         -1.15500       -2.83630       -0.73720
O         -0.40470       -2.65320       -2.99640
C         -1.09120       -0.61320       -1.95890
C         -0.94960        0.33440       -0.76760
H          0.28770        1.90540        2.87120
H         -0.98780        1.02130        2.03810
H          0.52440        0.20200        2.49050
H          1.79860        2.94460       -0.32440
H          1.48770        3.35820        1.44940
H          1.01920        0.97830       -1.26410
H          0.81000       -1.29670        0.76610
H          2.28800       -0.65110        0.06810
H          1.54150       -2.71800       -1.09610
H          1.63460       -1.34870       -2.17280
H         -2.17460       -3.02990       -1.09000
H         -1.21730       -2.38320        0.25580
H         -0.67570       -3.81680       -0.63430
H          0.05790       -3.50060       -2.87760
H         -2.15350       -0.76780       -2.18650
H         -0.67340       -0.13000       -2.85280
H         -1.52040       -0.06450        0.07870
H         -1.40430        1.29970       -1.02280

