HF BASIS=def2-svp cutoff=1.0e-9 denserms=1.0e-6  zmake GRADIENT DIPOLE CHARGE=0

C          1.25740        1.45200        1.88850
C         -0.09080        1.29290        1.17230
C         -1.20200        1.77550        2.11210
C         -0.10330        2.04740       -0.18790
C         -1.45160        1.99000       -0.93390
C         -1.79290        0.58620       -1.44250
C         -0.69880        0.04660       -2.37910
C         -1.03190       -1.37270       -2.83410
C          0.68220        0.08930       -1.71250
C          0.93200        1.48040       -1.16090
S          2.27300        2.37390       -1.63800
H          2.06950        0.99250        1.31720
H          1.50090        2.50790        2.04730
H          1.23880        0.96000        2.86730
H         -0.24250        0.21970        1.00850
H         -1.16130        2.86120        2.24980
H         -1.11080        1.30690        3.09820
H         -2.19220        1.51240        1.72860
H          0.11530        3.10590        0.00870
H         -2.26610        2.36640       -0.30710
H         -1.40540        2.66660       -1.79840
H         -1.93970       -0.09420       -0.59540
H         -2.74770        0.62590       -1.98080
H         -0.67080        0.68960       -3.26950
H         -2.00030       -1.39970       -3.34460
H         -1.07750       -2.06270       -1.98470
H         -0.27460       -1.74440       -3.53240
H          0.73680       -0.62630       -0.88420
H          1.45530       -0.19670       -2.43510

