HF BASIS=def2-svp cutoff=1.0e-9 denserms=1.0e-6  zmake GRADIENT DIPOLE CHARGE=0

C          0.87230       -1.39680       -2.79270
C          0.60280       -1.56350       -1.31810
C          1.61490       -1.43890       -0.42860
C          1.56900       -1.52350        1.07890
O          1.75140       -0.22550        1.69160
C          0.60680        0.51910        1.54710
C         -0.54630        0.18810        2.25580
C         -1.76800        0.69210        1.82290
C         -1.81150        1.52540        0.69620
C         -0.62740        2.01230        0.13070
C          0.59460        1.51120        0.56840
C         -3.05980        1.64780       -0.05910
C         -3.54200        0.62750       -0.79560
C         -2.91530       -0.71610       -0.90530
O         -3.55270       -1.74760       -0.75520
O         -1.59490       -0.62720       -1.19200
C         -0.85210       -1.83680       -0.98810
H          0.59070       -2.30570       -3.33440
H          1.92910       -1.20130       -3.00330
H          0.29510       -0.55800       -3.19500
H          2.61110       -1.21290       -0.80720
H          0.67450       -2.02850        1.45850
H          2.41420       -2.14040        1.40650
H         -0.51240       -0.54540        3.05530
H         -2.68540        0.32940        2.28070
H         -0.65310        2.66390       -0.73880
H          1.51090        1.78000        0.05160
H         -3.58490        2.59490        0.00600
H         -4.50170        0.71290       -1.29170
H         -1.23510       -2.62570       -1.64680
H         -0.97790       -2.16830        0.04700

