HF BASIS=def2-svp cutoff=1.0e-9 denserms=1.0e-6  zmake GRADIENT DIPOLE CHARGE=0

O         -2.08700        4.54640        1.28810
C         -0.83020        3.96070        1.60490
C         -0.08610        3.60630        0.28950
O          1.21200        3.07770        0.64740
C          1.26420        2.03760        1.52200
O          2.28820        1.41070        1.74190
C         -0.01670        1.69750        2.21250
C         -0.33180        0.35640        2.51180
C         -1.39740        0.12090        3.38990
O         -1.64610       -1.15040        3.83480
C         -2.22560        1.16400        3.79000
O         -3.32680        0.90900        4.56010
C         -2.02590        2.44750        3.29550
O         -2.90700        3.44180        3.61620
C         -0.96270        2.70980        2.43710
C          0.19730       -0.74190        1.66430
C          1.04540       -1.72950        2.16660
O          1.40810       -1.80110        3.48520
C          1.53140       -2.72420        1.32950
O          2.37140       -3.69200        1.82090
C          1.11890       -2.81440        0.00250
O          1.53930       -3.90470       -0.72240
C          0.23190       -1.88610       -0.56880
C         -0.19240       -0.83200        0.27950
C         -1.10210        0.22600       -0.24410
O         -2.31390        0.18120       -0.28060
O         -0.30540        1.27920       -0.53220
C         -0.83900        2.62570       -0.69660
C         -0.72910        3.01670       -2.19960
O         -0.78570        4.43460       -2.36590
C          0.45570        2.41720       -3.00510
C          1.83370        2.70670       -2.40530
O          2.83550        2.40860       -3.37360
S          4.36580        2.21510       -2.85950
O          4.45390        0.62860       -2.59230
O          5.24050        2.52390       -3.96820
O          4.51160        2.88880       -1.58750
O          0.11230        1.02310       -3.26050
C          0.84160       -0.04650       -2.88870
O          1.97380       -0.07460       -2.44380
C         -0.04360       -1.22230       -3.03230
C         -0.63840       -1.42070       -4.29590
C         -1.49310       -2.49090       -4.48920
O         -2.08580       -2.66830       -5.70160
C         -1.73900       -3.37780       -3.45780
O         -2.57480       -4.44080       -3.67270
C         -1.12870       -3.20070       -2.21870
O         -1.38560       -4.18300       -1.28890
C         -0.29160       -2.09640       -1.94650
H         -2.61800        4.53150        2.11160
H         -0.24650        4.69000        2.18020
H          0.09300        4.56270       -0.21210
H         -2.30960       -1.07340        4.54940
H         -3.96460        0.46640        3.96440
H         -3.47940        3.07520        4.32040
H          0.61980       -1.54880        4.01060
H          2.52710       -3.42480        2.74810
H          2.22840       -4.32840       -0.16350
H         -1.90610        2.64310       -0.44350
H         -1.64390        2.62230       -2.66400
H         -1.02000        4.62180       -3.29250
H          0.44470        2.87870       -4.00090
H          1.92190        3.76870       -2.15270
H          2.01190        2.11520       -1.50520
H          3.54190        0.27050       -2.46250
H         -0.44340       -0.73990       -5.12010
H         -2.63050       -3.47450       -5.59480
H         -2.57820       -4.91830       -2.82060
H         -0.52390       -4.37070       -0.86470

