HF BASIS=def2-svp cutoff=1.0e-9 denserms=1.0e-6  zmake GRADIENT DIPOLE CHARGE=0

C         -1.23090        4.51180        3.92230
O         -2.01640        3.34700        3.69500
C         -1.49960        2.41930        2.82870
C         -2.29740        1.28870        2.62600
O         -3.50030        1.17220        3.27000
C         -1.90940        0.25770        1.77520
C         -0.68560        0.33450        1.09920
C          0.11400        1.47380        1.29320
C         -0.28580        2.50760        2.15270
C         -0.24070       -0.73150        0.17940
C         -0.39480       -2.03030        0.47740
C          0.07850       -3.04920       -0.47310
O         -0.04400       -4.24330       -0.23470
C          0.70060       -2.55500       -1.70960
C          0.80910       -1.17940       -1.89830
O          0.36030       -0.26410       -0.98020
C          1.39660       -0.68260       -3.06050
C          1.86930       -1.57120       -4.02240
O          2.43730       -1.04470       -5.14440
C          1.76520       -2.94920       -3.84280
C          1.17670       -3.44560       -2.67790
H         -1.09500        5.08260        2.99780
H         -0.26760        4.25570        4.37560
H         -1.77310        5.14710        4.62920
H         -3.58100        1.98710        3.80330
H         -2.57780       -0.58850        1.64230
H          1.06830        1.56520        0.77660
H          0.37530        3.36020        2.26520
H         -0.84370       -2.39430        1.39260
H          1.48530        0.38820       -3.21870
H          2.71240       -1.77030       -5.72930
H          2.13270       -3.64580       -4.59040
H          1.08920       -4.51920       -2.52480

