HF BASIS=def2-svp cutoff=1.0e-9 denserms=1.0e-6  zmake GRADIENT DIPOLE CHARGE=0

C          5.85380        2.27680        6.47840
C          6.06530        1.08620        5.58510
C          6.69800       -0.09610        6.27140
C          5.73030        1.02190        4.28090
C          5.10360        2.08790        3.41810
C          3.70710        1.71610        2.96550
C          3.50360        0.92730        1.81970
O          4.61220        0.51790        1.11920
C          2.20740        0.56520        1.41870
C          1.10710        0.99200        2.15840
O         -0.18530        0.67710        1.83980
C         -0.37980        0.44140        0.42930
C          0.53240       -0.70460       -0.03940
C          0.34420       -1.12060       -1.51100
C          0.55990       -0.02720       -2.52680
C         -0.30360        0.42770       -3.45750
C          0.12190        1.51300       -4.41540
C         -1.73380       -0.04550       -3.63070
C         -1.93760       -1.05460       -4.76930
C         -1.36110       -2.40890       -4.45110
C         -1.99310       -3.45750       -3.88470
C         -1.24820       -4.73950       -3.61340
C         -3.43700       -3.47130       -3.46040
O         -3.49660       -3.46340       -2.04050
C          1.96780       -0.30230        0.24700
O          2.93290       -0.71160       -0.39720
C         -1.86610        0.16170        0.27530
C         -2.72050        1.09240       -0.33330
O         -2.20290        2.27270       -0.78860
C         -4.08050        0.82910       -0.49750
C         -4.60120       -0.37450       -0.04090
O         -5.92810       -0.61110       -0.24530
C         -3.79200       -1.30350        0.60030
C         -2.43180       -1.03110        0.76490
C          1.29070        1.75120        3.31140
C          2.58050        2.11130        3.70340
O          2.75400        2.87070        4.82730
H          6.81320        2.61790        6.88140
H          5.39290        3.12800        5.97420
H          5.20440        2.00560        7.31780
H          6.07420       -0.42640        7.10880
H          7.68580        0.17490        6.65830
H          6.82710       -0.94960        5.59740
H          5.93700        0.09840        3.73890
H          5.74530        2.24340        2.54100
H          5.08770        3.06690        3.90610
H          4.31650       -0.04650        0.36950
H         -0.11480        1.36610       -0.10100
H          0.36840       -1.59540        0.58310
H         -0.64080       -1.58080       -1.62440
H          1.05890       -1.92050       -1.74720
H          1.56740        0.39260       -2.51950
H          0.05580        1.16060       -5.44950
H         -0.52330        2.39080       -4.30370
H          1.15350        1.83870       -4.24400
H         -2.12540       -0.47010       -2.70200
H         -2.36340        0.83290       -3.82530
H         -1.48250       -0.68970       -5.69800
H         -3.00830       -1.13420       -4.98570
H         -0.30320       -2.50780       -4.69740
H         -1.24140       -4.95860       -2.54080
H         -1.72570       -5.57370       -4.13760
H         -0.20590       -4.69230       -3.94680
H         -3.93760       -4.37360       -3.82620
H         -4.00860       -2.61510       -3.82490
H         -2.98680       -2.68270       -1.76080
H         -2.92770        2.82050       -1.13440
H         -4.74180        1.53960       -0.98240
H         -6.12810       -1.51870        0.04080
H         -4.19570       -2.24010        0.97410
H         -1.81600       -1.76180        1.28510
H          0.42150        2.06230        3.88320
H          1.89440        3.00840        5.25780

