HF BASIS=def2-svp cutoff=1.0e-9 denserms=1.0e-6  zmake GRADIENT DIPOLE CHARGE=0

C          0.84620       -5.18890       -9.26000
O         -0.08860       -5.17620      -10.34560
C          0.10990       -4.92650       -7.94460
O         -0.76260       -3.80670       -8.04240
P         -1.92600       -3.69650       -6.93470
O         -2.79080       -5.02180       -7.20480
O         -2.79630       -2.48360       -7.00070
O         -1.21070       -4.02050       -5.53630
C         -2.00130       -4.03760       -4.36420
C         -1.09190       -4.10940       -3.13850
C         -0.35040       -2.78850       -2.90420
O          0.47500       -2.93710       -1.73130
C          1.13860       -1.81000       -1.35740
O          1.09140       -0.73770       -1.94080
C          1.94000       -2.10220       -0.11010
C          2.72980       -0.89950        0.40500
C          1.84580        0.12850        1.11920
C          2.69300        1.24910        1.72770
C          1.88080        2.23430        2.57170
C          0.98910        3.16010        1.74100
C          0.18030        4.09150        2.64680
C         -0.68930        5.06230        1.84320
C         -1.67500        5.84750        2.71750
C         -0.99290        6.84490        3.65970
C         -1.97110        7.53840        4.62990
C         -2.98340        8.42730        3.90890
C         -1.18890        8.37090        5.64890
O         -1.88270       -4.37310       -1.95910
C         -1.85740       -5.65810       -1.50950
O         -1.36810       -6.60820       -2.10470
C         -2.52990       -5.75040       -0.16240
C         -1.69080       -6.52890        0.84940
C         -0.42560       -5.77420        1.27700
C          0.31460       -6.53160        2.38490
C          1.65310       -5.90350        2.78210
C          1.53070       -4.50350        3.38930
C          2.89530       -3.98880        3.85740
C          2.89290       -2.50870        4.24750
C          2.03760       -2.19160        5.47640
C          2.15150       -0.71080        5.85220
C          1.17070       -0.28420        6.94740
C          1.41050       -0.98420        8.28790
C          0.52780       -0.43730        9.42840
C          0.91110       -1.11340       10.74730
C         -0.96320       -0.64040        9.15860
C          1.98460       -4.20460       -9.54810
O          1.48520       -2.91840       -9.89470
P          2.59320       -1.78660      -10.15150
O          1.85240       -0.73690      -11.10770
O          3.87080       -2.26200      -10.76050
O          2.75910       -0.99410       -8.76670
C          1.63210       -0.28590       -8.28240
C          1.73720       -0.04410       -6.77980
C          2.96290        0.77900       -6.38520
O          2.95220        0.86770       -4.94600
C          3.94950        1.60930       -4.39730
O          4.86790        2.12770       -5.02110
C          3.75320        1.71710       -2.90300
C          3.69270        3.17140       -2.44650
C          2.45290        3.90370       -2.97200
C          2.45640        5.36460       -2.52060
C          1.28820        6.15060       -3.11980
C          1.34990        7.61710       -2.68970
C          0.33810        8.51840       -3.40510
C         -1.13860        8.12970       -3.26480
C         -1.67450        8.00340       -1.83350
C         -2.24720        9.29560       -1.21820
C         -1.23610       10.43530       -1.12210
C         -2.80130        8.98560        0.17890
O          0.56470        0.69080       -6.36040
C         -0.44960       -0.06650       -5.87030
O         -0.43750       -1.28610       -5.79790
C         -1.58180        0.79980       -5.39700
C         -1.24150        1.41770       -4.04730
C         -2.43930        2.16360       -3.46330
C         -2.15220        2.79580       -2.09990
C         -1.71500        1.82700       -0.99900
C         -2.70650        0.69140       -0.74670
C         -2.27290       -0.17490        0.43840
C         -3.34210       -1.21740        0.76750
C         -2.94590       -2.06750        1.97430
C         -4.07780       -3.01470        2.37960
C         -3.68060       -3.97990        3.50120
C         -3.46300       -3.27810        4.84430
C         -3.12330       -4.24890        5.97950
C         -1.69410       -4.78980        5.88320
C         -1.33910       -5.81650        6.97450
C          0.07560       -6.35460        6.73800
C         -1.43310       -5.23330        8.38500
H          1.28150       -6.19230       -9.20660
H         -0.41130       -4.25190      -10.37750
H         -0.48460       -5.81430       -7.70510
H          0.81900       -4.76120       -7.12630
H         -3.46830       -4.84350       -7.88310
H         -2.63810       -3.14620       -4.32000
H         -2.66610       -4.90820       -4.39560
H         -0.32810       -4.88480       -3.27850
H         -1.06640       -1.97620       -2.72980
H          0.29560       -2.55350       -3.75500
H          2.64700       -2.90250       -0.35920
H          1.26010       -2.46650        0.66510
H          3.27080       -0.41690       -0.41790
H          3.48660       -1.26630        1.10840
H          1.12130        0.54820        0.41310
H          1.27270       -0.36740        1.91120
H          3.22700        1.78620        0.93600
H          3.45670        0.80080        2.37730
H          1.27110        1.68220        3.29800
H          2.58060        2.84810        3.15130
H          1.60870        3.75150        1.05540
H          0.30530        2.56620        1.13040
H         -0.45620        3.48750        3.30590
H          0.86940        4.65340        3.28770
H         -1.27070        4.49740        1.10520
H         -0.05310        5.75560        1.28200
H         -2.35750        6.38610        2.05100
H         -2.28700        5.14710        3.29710
H         -0.45860        7.59850        3.06570
H         -0.23770        6.32320        4.25670
H         -2.52300        6.76640        5.18070
H         -3.63440        7.84250        3.25270
H         -2.48030        9.18980        3.30440
H         -3.62870        8.94320        4.62840
H         -0.48900        7.74250        6.21120
H         -1.86730        8.83800        6.37080
H         -0.61540        9.16470        5.15840
H         -3.49740       -6.24070       -0.31130
H         -2.72840       -4.74480        0.21890
H         -1.41130       -7.50510        0.43600
H         -2.30960       -6.72340        1.73400
H          0.24140       -5.64360        0.41670
H         -0.70180       -4.77590        1.63060
H         -0.32780       -6.61150        3.26850
H          0.50970       -7.55680        2.04710
H          2.13730       -6.56550        3.51180
H          2.31050       -5.86720        1.90560
H          1.11650       -3.81050        2.65050
H          0.83720       -4.53120        4.23560
H          3.24770       -4.59340        4.70230
H          3.62620       -4.12130        3.04910
H          3.92810       -2.20460        4.44510
H          2.54750       -1.91090        3.39700
H          0.98850       -2.43750        5.27690
H          2.36750       -2.81690        6.31390
H          3.17850       -0.48790        6.16580
H          1.95580       -0.09830        4.96360
H          0.14990       -0.47490        6.59730
H          1.26330        0.79980        7.08720
H          2.46490       -0.86060        8.56650
H          1.23560       -2.06150        8.18350
H          0.71650        0.63830        9.53470
H          1.96730       -0.94460       10.97970
H          0.74140       -2.19350       10.70130
H          0.32070       -0.71260       11.57670
H         -1.19200       -1.69230        8.95920
H         -1.56150       -0.32310       10.01940
H         -1.29630       -0.04950        8.29950
H          2.66010       -4.12570       -8.68830
H          2.55430       -4.57690      -10.40710
H          2.41080       -0.56430      -11.89070
H          1.55340        0.67080       -8.81510
H          0.71180       -0.84370       -8.49710
H          1.81270       -1.00400       -6.25210
H          3.88810        0.29200       -6.71060
H          2.89790        1.79020       -6.80280
H          2.83660        1.19610       -2.60700
H          4.58880        1.19700       -2.42190
H          3.68560        3.19420       -1.35060
H          4.59620        3.69870       -2.77450
H          2.43000        3.86510       -4.06680
H          1.54500        3.40660       -2.61020
H          2.41000        5.41280       -1.42610
H          3.40020        5.83580       -2.82360
H          0.34320        5.70130       -2.79750
H          1.32610        6.08530       -4.21410
H          1.22770        7.69230       -1.60350
H          2.35120        8.01000       -2.90880
H          0.58180        8.53230       -4.47510
H          0.49330        9.54280       -3.05740
H         -1.75000        8.84750       -3.82450
H         -1.28090        7.16470       -3.76640
H         -2.49330        7.27040       -1.86310
H         -0.92060        7.57020       -1.16800
H         -3.08520        9.63810       -1.83940
H         -1.64390       11.27530       -0.54840
H         -0.99070       10.82590       -2.11300
H         -0.31230       10.11160       -0.63170
H         -2.01260        8.61010        0.83710
H         -3.58990        8.22850        0.12510
H         -3.23130        9.88090        0.64040
H         -1.79700        1.56350       -6.15160
H         -2.47550        0.17110       -5.32230
H         -0.91860        0.62470       -3.36620
H         -0.39360        2.10540       -4.15240
H         -3.29930        1.48760       -3.38710
H         -2.73940        2.95890       -4.15550
H         -3.05580        3.32310       -1.76780
H         -1.37550        3.56040       -2.21660
H         -0.72760        1.41560       -1.22910
H         -1.60300        2.40460       -0.07560
H         -3.69930        1.11390       -0.54970
H         -2.79130        0.05450       -1.63400
H         -1.32450       -0.67470        0.20650
H         -2.09860        0.45870        1.31750
H         -4.29150       -0.70810        0.97560
H         -3.50660       -1.86510       -0.10240
H         -2.04360       -2.64090        1.73380
H         -2.69630       -1.40650        2.81180
H         -4.38300       -3.60680        1.50910
H         -4.95610       -2.43590        2.68650
H         -4.47980       -4.72270        3.61520
H         -2.78170       -4.52760        3.20040
H         -4.38200       -2.74310        5.11180
H         -2.66950       -2.52700        4.76660
H         -3.23920       -3.70560        6.92540
H         -3.84140       -5.07670        5.99490
H         -1.55320       -5.26900        4.90650
H         -0.98860       -3.95060        5.92540
H         -2.03610       -6.66030        6.90370
H          0.15500       -6.82240        5.75080
H          0.33560       -7.11080        7.48560
H          0.81900       -5.55260        6.79370
H         -2.46380       -4.96810        8.63800
H         -1.09540       -5.96210        9.12990
H         -0.81380       -4.33510        8.48500

