HF BASIS=def2-svp cutoff=1.0e-9 denserms=1.0e-6  zmake GRADIENT DIPOLE CHARGE=0

C          2.60280       -2.31150        2.28120
N          2.76060       -0.85800        2.39700
C          3.91340       -0.56350        3.25500
C          1.55100       -0.21950        2.94000
C          0.38400       -0.16520        1.94670
C          0.74260        0.61580        0.67280
N         -0.44140        0.79060       -0.20790
C         -1.21700        1.97400       -0.02900
C         -2.17900        2.38100       -0.97800
S         -2.49390        1.50890       -2.49440
C         -1.56970        0.00930       -2.27070
C         -0.65680       -0.19640       -1.21480
C          0.00950       -1.44290       -1.20260
C         -0.21200       -2.41930       -2.17910
Cl          0.63250       -3.91760       -2.09580
C         -1.10790       -2.19320       -3.20880
C         -1.78420       -0.97960       -3.25300
C         -2.94800        3.54800       -0.78850
C         -2.77830        4.32110        0.34820
O         -3.50500        5.45250        0.56300
C         -1.85370        3.95170        1.30340
C         -1.08830        2.79500        1.11540
H          2.38970       -2.78240        3.24770
H          1.79920       -2.57170        1.58650
H          3.51440       -2.76350        1.87350
H          3.77640       -0.94010        4.27530
H          4.08960        0.51680        3.30530
H          4.82570       -1.00770        2.84120
H          1.78100        0.81720        3.22040
H          1.22520       -0.72250        3.85990
H         -0.46640        0.30840        2.45140
H          0.04080       -1.17550        1.70190
H          1.18410        1.58720        0.93020
H          1.56380        0.12950        0.13190
H          0.71530       -1.69670       -0.42000
H         -1.28540       -2.94490       -3.97200
H         -2.48670       -0.80280       -4.06560
H         -3.67590        3.84020       -1.54040
H         -4.10590        5.58560       -0.18890
H         -1.72390        4.55390        2.19830
H         -0.39580        2.55650        1.91540

