HF BASIS=def2-svp cutoff=1.0e-9 denserms=1.0e-6  zmake GRADIENT DIPOLE CHARGE=0

C         -3.36770       -0.21670        7.10150
C         -4.48100        0.63410        6.47800
O         -5.73880        0.35180        7.08050
C         -3.63170       -1.71990        6.94180
O         -3.78880       -2.04180        5.54820
C         -3.77520       -3.36990        5.26460
O         -3.69330       -4.26540        6.09440
C         -3.93240       -3.61520        3.78190
C         -3.11300       -2.67150        2.90220
C         -1.60450       -2.85310        3.09200
C         -0.82020       -1.82530        2.27320
C          0.68860       -2.02250        2.43230
C          1.51280       -1.03150        1.60360
C          1.38790        0.41010        2.10150
C          2.32090        1.38780        1.38200
C          1.99900        1.54820       -0.10640
C          2.85650        2.64360       -0.74340
C          2.47840        2.94870       -2.19650
C          2.51400        1.75960       -3.16090
C          3.87930        1.07470       -3.23550
C          3.86980       -0.06070       -4.26160
C          5.21290       -0.79350       -4.29220
C          5.20480       -2.03690       -5.18630
C          4.98280       -1.71710       -6.66600
C          5.16500       -2.93270       -7.57850
C          4.13540       -4.02640       -7.34230
O         -2.10510        0.07610        6.45800
C         -1.46310        1.19930        6.87970
O         -1.86560        1.95100        7.75490
C         -0.16880        1.36170        6.11980
C          0.27110        2.81990        5.98560
C         -0.71580        3.74300        5.25780
C         -1.10360        3.24730        3.86530
C         -1.97720        4.26670        3.12540
C         -2.62640        3.68250        1.86570
C         -1.60990        3.29480        0.78980
C         -2.23390        2.59800       -0.42390
C         -2.89130        1.26150       -0.06820
C         -3.19350        0.42260       -1.31160
C         -3.93440       -0.86130       -0.92860
C         -4.20870       -1.78940       -2.11500
C         -2.96560       -2.34900       -2.81810
C         -2.03070       -3.10940       -1.87430
C         -0.91580       -3.87160       -2.59920
C          0.05850       -2.95020       -3.34120
C          1.29020       -3.65630       -3.94600
C          0.88440       -4.65670       -5.03290
C          2.20540       -4.34720       -2.91770
C          2.68410       -3.43270       -1.79990
H         -3.29560       -0.01520        8.17800
H         -4.26950        1.70050        6.60860
H         -4.55350        0.45680        5.39910
H         -6.39670        0.91650        6.63990
H         -4.54070       -2.01380        7.47890
H         -2.77370       -2.27380        7.34270
H         -3.64090       -4.65130        3.57630
H         -4.99730       -3.51740        3.54360
H         -3.39000       -1.62920        3.10340
H         -3.36700       -2.86720        1.85350
H         -1.31870       -3.86740        2.78860
H         -1.33910       -2.74240        4.15050
H         -1.10690       -0.82000        2.60370
H         -1.09070       -1.91010        1.21470
H          0.95140       -3.03880        2.11390
H          0.96760       -1.93860        3.48990
H          2.56560       -1.33470        1.64860
H          1.20470       -1.10200        0.55490
H          1.61820        0.44160        3.17350
H          0.35580        0.75730        1.99240
H          2.23410        2.36420        1.87550
H          3.36160        1.06300        1.50270
H          0.93920        1.79500       -0.23200
H          2.17450        0.59800       -0.62030
H          2.74780        3.57110       -0.16670
H          3.91590        2.36750       -0.68180
H          3.15000        3.73020       -2.57170
H          1.46890        3.37710       -2.21640
H          1.74570        1.03040       -2.87920
H          2.23870        2.12200       -4.15910
H          4.64860        1.80820       -3.50460
H          4.14640        0.66560       -2.25500
H          3.06950       -0.76730       -4.01430
H          3.64300        0.35180       -5.25080
H          5.47300       -1.11120       -3.27420
H          6.00250       -0.10600       -4.62090
H          4.43540       -2.73110       -4.82990
H          6.16850       -2.54780       -5.07050
H          3.97920       -1.30590       -6.81800
H          5.69400       -0.94230       -6.97740
H          5.08860       -2.59960       -8.62020
H          6.17280       -3.34480       -7.45300
H          4.25530       -4.48310       -6.35530
H          3.11780       -3.63040       -7.42100
H          4.25080       -4.81760       -8.09070
H         -0.27010        0.91080        5.12660
H          0.59970        0.79460        6.65630
H          0.45800        3.23490        6.98340
H          1.23000        2.84200        5.45390
H         -1.62000        3.87230        5.86380
H         -0.25540        4.73480        5.17350
H         -1.65240        2.30270        3.95040
H         -0.19200        3.04950        3.29020
H         -1.37900        5.14860        2.86580
H         -2.77840        4.60960        3.79200
H         -3.22880        2.81560        2.15970
H         -3.32080        4.42330        1.44950
H         -0.84920        2.62940        1.20890
H         -1.08710        4.19750        0.44790
H         -2.97050        3.25580       -0.89750
H         -1.44090        2.42910       -1.16290
H         -2.23350        0.69010        0.59720
H         -3.82270        1.44440        0.47910
H         -2.24980        0.18580       -1.81530
H         -3.80440        1.00320       -2.01430
H         -3.37630       -1.39990       -0.15460
H         -4.89920       -0.59150       -0.47710
H         -4.82050       -1.25880       -2.85520
H         -4.81700       -2.63160       -1.75850
H         -3.30020       -3.02350       -3.61540
H         -2.42520       -1.53360       -3.30950
H         -1.57530       -2.41780       -1.15780
H         -2.61580       -3.83060       -1.29190
H         -1.36890       -4.58360       -3.29920
H         -0.37540       -4.45850       -1.84910
H         -0.47540       -2.44500       -4.15580
H          0.39320       -2.15270       -2.66700
H          1.88460       -2.87640       -4.44020
H          0.25050       -4.17760       -5.78660
H          0.33830       -5.50860       -4.61650
H          1.76920       -5.05070       -5.54430
H          1.70440       -5.21760       -2.47990
H          3.08770       -4.73710       -3.44160
H          3.13410       -2.52000       -2.20110
H          3.44030       -3.94470       -1.19430
H          1.86270       -3.15280       -1.13330

