HF BASIS=def2-svp cutoff=1.0e-9 denserms=1.0e-6  zmake GRADIENT DIPOLE CHARGE=0

C         -2.41310        4.78650       -1.55560
C         -2.66340        3.32500       -1.81800
C         -3.06900        2.53550       -0.60270
C         -2.51780        2.82220       -3.06080
C         -2.74400        1.40830       -3.53070
C         -1.46000        0.69810       -3.86730
C         -0.83980        0.82180       -5.12410
O         -1.41590        1.63450       -6.07060
C          0.35280        0.15550       -5.43430
O          0.87120        0.30080       -6.69470
C          2.00980        1.18120       -6.68090
O          3.21210        0.42720       -6.51050
C          4.39280        1.23230       -6.49450
C          4.55380        1.98600       -7.82340
O          5.62340        2.94430       -7.80930
C          3.27180        2.77240       -8.13000
O          3.34420        3.35080       -9.44260
C          2.02430        1.89610       -8.04060
O          0.85090        2.71450       -8.20030
C          5.59140        0.31470       -6.25590
O          6.77240        0.97330       -6.32890
O          5.58060       -0.87310       -5.97400
C          0.98540       -0.68230       -4.51350
C          0.40850       -0.80750       -3.23970
C         -0.77350       -0.12530       -2.95870
O         -1.15180       -0.37220       -1.66910
C         -0.22050       -1.20570       -1.11490
C          0.74750       -1.50830       -2.05360
C         -0.42850       -1.57910        0.28240
C          0.32990       -2.60200        0.86680
C          0.13670       -2.95520        2.20640
O          0.88080       -3.97690        2.73000
C         -0.80480       -2.30250        3.01790
C         -0.95230       -2.70020        4.48920
C         -2.35720       -3.19880        4.78800
C         -3.02620       -2.92350        5.92030
C         -4.43050       -3.40030        6.14890
C         -2.41130       -2.11440        7.04090
C         -0.88510       -1.86790        6.92600
C         -0.51310       -1.57560        5.45430
C          0.95800       -1.26040        5.31200
O          1.21420        0.05940        5.46380
O          1.87590       -2.03640        5.10460
C         -0.03260       -2.94710        7.60690
C          1.05960       -2.58910        8.41750
O          1.34230       -1.26310        8.60660
C          1.86760       -3.55120        9.02720
C          1.59850       -4.89580        8.81830
O          2.42260       -5.81390        9.40030
C          0.52540       -5.29180        8.03310
C         -0.28710       -4.32030        7.43820
C         -1.56030       -1.28230        2.41950
O         -2.49960       -0.61710        3.15840
C         -1.37940       -0.92630        1.07730
H         -3.33020        5.26200       -1.19250
H         -2.09340        5.32180       -2.45660
H         -1.62930        4.90880       -0.79800
H         -3.98400        2.95840       -0.17010
H         -3.26080        1.47980       -0.81630
H         -2.27520        2.58100        0.15260
H         -2.21660        3.49640       -3.86510
H         -3.38710        1.43920       -4.41950
H         -3.30970        0.81550       -2.80270
H         -0.84300        1.60600       -6.86550
H          1.91500        1.92900       -5.87890
H          4.34910        1.92060       -5.64020
H          4.75870        1.28810       -8.64540
H          6.38790        2.53360       -7.34300
H          3.17780        3.62460       -7.44230
H          4.23970        3.75290       -9.50020
H          2.01010        1.17090       -8.86630
H          1.03900        3.27770       -8.97950
H          7.43120        0.27450       -6.11350
H          1.89640       -1.21200       -4.77580
H          1.60710       -2.14460       -1.90120
H          1.05830       -3.14810        0.27270
H          1.72540       -4.02560        2.25370
H         -0.30720       -3.56920        4.67210
H         -2.82940       -3.80230        4.01500
H         -5.10130       -2.54370        6.26720
H         -4.79840       -4.00170        5.31020
H         -4.47900       -4.01570        7.05350
H         -2.91790       -1.13690        7.03880
H         -2.64070       -2.58150        8.00870
H         -0.71720       -0.94030        7.49180
H         -1.04740       -0.65810        5.17220
H          2.19100        0.10150        5.40650
H          2.12880       -1.19820        9.17090
H          2.70950       -3.27330        9.65100
H          2.26290       -6.66810        8.96820
H          0.29960       -6.34080        7.86720
H         -1.11650       -4.66180        6.82720
H         -2.96630        0.01610        2.58770
H         -1.98330       -0.13270        0.64490

