HF BASIS=def2-svp cutoff=1.0e-9 denserms=1.0e-6  zmake GRADIENT DIPOLE CHARGE=0

O          2.93930       -0.77440        2.38850
C          2.52490        0.22520        3.32310
C          1.20230        0.83980        2.85480
O          1.46350        1.48300        1.59070
C          0.28550        2.05040        0.98880
O         -0.72070        1.07400        0.70270
C         -0.43550        0.10740       -0.22040
C          0.71220        0.02910       -1.00330
C          0.88490       -1.03920       -1.89040
C         -0.08500       -2.04940       -2.02220
C         -1.23900       -1.95260       -1.23460
C         -1.41050       -0.88350       -0.34820
C          0.18650       -3.20300       -2.98420
C         -0.88180       -4.27840       -3.15130
C         -2.04800       -3.72020       -3.91600
O         -3.19590       -4.11480       -3.74460
C         -1.73260       -2.71210       -4.94310
C         -0.41270       -2.28070       -5.07600
O          0.60930       -2.70380       -4.26890
C         -0.07780       -1.38690       -6.09100
C         -1.07050       -0.91240       -6.94440
O         -0.69850       -0.03790       -7.92330
C         -2.39620       -1.31870       -6.80320
C         -2.72940       -2.22780       -5.79770
C         -0.32390        3.12650        1.91100
O          0.57810        4.24310        2.04960
C         -0.59930        2.54310        3.30330
O         -0.99010        3.61530        4.17980
C          0.64340        1.84040        3.87050
O          1.61540        2.84410        4.20800
H          2.85020       -0.36040        1.50840
H          3.32380        0.97170        3.37200
H          2.41720       -0.25180        4.29990
H          0.48370        0.02840        2.68420
H          0.59830        2.55060        0.06370
H          1.50130        0.77220       -0.94810
H          1.79760       -1.08140       -2.48490
H         -2.03080       -2.69640       -1.28200
H         -2.31440       -0.83300        0.25510
H          1.06580       -3.71470       -2.57020
H         -0.49210       -5.12020       -3.73610
H         -1.22160       -4.66060       -2.18340
H          0.94950       -1.05530       -6.21330
H         -1.47020        0.15400       -8.48060
H         -3.17320       -0.94760       -7.46440
H         -3.75670       -2.56770       -5.68840
H         -1.25390        3.51750        1.48240
H          0.10130        4.87770        2.62240
H         -1.43270        1.83400        3.24880
H         -0.21990        3.78220        4.76100
H          0.38990        1.33700        4.80920
H          1.84290        3.31090        3.37360

