HF BASIS=def2-svp cutoff=1.0e-9 denserms=1.0e-6  zmake GRADIENT DIPOLE CHARGE=0

C          4.29620       -3.30340        4.73580
O          3.17980       -2.69390        4.09180
C          3.14430       -2.70790        2.71890
C          2.02090       -2.12470        2.09140
C          1.94110       -2.11980        0.68550
C          2.96030       -2.67410       -0.08200
Cl          2.86300       -2.64870       -1.79880
C          4.06730       -3.24620        0.53310
C          4.15930       -3.26510        1.92710
C          0.88160       -1.48850        2.82600
O          0.93200       -1.51630        4.17070
N         -0.09710       -0.92840        2.21000
C         -1.17890       -0.34270        3.00940
C         -0.86840        1.10830        3.39330
C         -0.75720        2.03120        2.19970
C         -1.91050        2.48740        1.54410
C         -1.80880        3.29650        0.41180
C         -0.54500        3.64470       -0.06840
C          0.61370        3.22200        0.58870
C          0.50360        2.41090        1.71720
S         -0.38700        4.60570       -1.54920
O         -1.70470        5.05780       -1.94930
O          0.72600        5.51200       -1.38750
N          0.06260        3.44320       -2.64010
C         -0.74450        2.43700       -3.13070
O         -2.06240        2.65990       -3.20230
N         -0.18010        1.35470       -3.50680
C         -1.04580        0.28150       -4.02880
C         -1.12750        0.39810       -5.55320
C         -1.86890       -0.78600       -6.16880
C         -1.24940       -2.11770       -5.75390
C         -1.15940       -2.24590       -4.23750
C         -0.41790       -1.06580       -3.61580
O         -0.46640       -1.19730       -2.19340
H          4.35220       -4.37120        4.50050
H          5.22740       -2.78740        4.48080
H          4.14850       -3.20820        5.81590
H          1.07640       -1.68450        0.18630
H          4.86370       -3.68130       -0.06620
H          5.04260       -3.72410        2.36020
H          1.72490       -1.97270        4.50220
H         -2.09670       -0.38580        2.41100
H         -1.38620       -0.93330        3.91020
H         -1.66220        1.48540        4.05050
H          0.05570        1.15510        3.98270
H         -2.89490        2.19730        1.90590
H         -2.71460        3.62800       -0.08960
H          1.59880        3.50350        0.22460
H          1.40520        2.05650        2.21280
H          1.06330        3.28190       -2.69600
H         -2.27320        3.58580       -2.97720
H         -2.05160        0.32990       -3.59060
H         -1.63240        1.33060       -5.83210
H         -0.11690        0.45460       -5.97840
H         -1.85750       -0.69960       -7.26110
H         -2.92020       -0.75960       -5.85690
H         -0.24550       -2.20380       -6.18740
H         -1.84450       -2.94350       -6.15970
H         -0.65660       -3.18240       -3.96810
H         -2.16730       -2.31720       -3.80850
H          0.63850       -1.09910       -3.91040
H         -0.12000       -0.35490       -1.84480

