HF BASIS=def2-svp cutoff=1.0e-9 denserms=1.0e-6  zmake GRADIENT DIPOLE CHARGE=0

N          4.26400        1.42470       -2.29520
C          2.91060        1.31130       -2.25080
O          2.20490        1.65120       -3.19640
C          2.36140        0.70910       -0.98220
C          0.83520        0.70230       -1.01170
N          0.31230        0.45320        0.33920
C         -0.97840        0.83010        0.64490
O         -1.62700        1.57730       -0.09090
C         -1.61900        0.22250        1.92430
C         -0.79350       -0.75170        2.75320
C         -0.90710       -2.06020        1.97990
O          0.22980       -2.14240        1.11710
C         -2.23640       -1.94220        1.21660
N         -2.77560       -0.61360        1.53440
C          0.33240       -0.43680       -1.92640
O          0.37380       -0.15630       -3.24810
O         -0.04220       -1.53110       -1.51440
H          4.68920        1.81340       -3.12910
H          4.87350        1.14680       -1.53590
H          2.75880       -0.30740       -0.87280
H          2.72340        1.30870       -0.14030
H          0.42240        1.65140       -1.37090
H          0.58310       -0.45240        0.72570
H         -1.94800        1.06570        2.54240
H         -1.25490       -0.87310        3.74050
H          0.23920       -0.42210        2.89900
H         -0.88510       -2.92660        2.64730
H         -0.05750       -2.46630        0.23160
H         -2.11180       -2.06180        0.13610
H         -2.94600       -2.69910        1.56260
H         -3.23260       -0.20060        0.71610
H          0.79070        0.71680       -3.46230

