HF BASIS=def2-svp cutoff=1.0e-9 denserms=1.0e-6  zmake GRADIENT DIPOLE CHARGE=0

C          3.68450        3.16540        1.35940
O          2.46960        2.65610        1.89440
C          1.84580        1.66450        1.18480
C          0.65470        1.20520        1.76320
C         -0.08920        0.18470        1.13540
C          0.39040       -0.34450       -0.06030
N         -0.50300       -1.30910       -0.46240
C         -1.54280       -1.42170        0.43140
C         -1.30990       -0.49460        1.44710
C         -2.23790       -0.40140        2.50580
C         -3.35900       -1.24240        2.49930
C         -4.32970       -1.14400        3.60810
O         -5.33050       -1.84780        3.66550
C         -3.56700       -2.16150        1.46940
C         -2.65830       -2.26760        0.41260
C          1.57550        0.09550       -0.65870
C          2.29500        1.11080       -0.01340
H          4.45000        2.38440        1.30480
H          3.52120        3.62960        0.38120
H          4.04940        3.94160        2.03890
H          0.30810        1.63900        2.69660
H         -0.40870       -1.86150       -1.30200
H         -2.07330        0.31430        3.30520
H         -4.10900       -0.39890        4.39070
H         -4.44520       -2.80540        1.48440
H         -2.81970       -2.98220       -0.38850
H          1.93320       -0.32940       -1.59120
H          3.21370        1.44740       -0.48340

