HF BASIS=def2-svp cutoff=1.0e-9 denserms=1.0e-6  zmake GRADIENT DIPOLE CHARGE=0

C          2.94560        2.40860        0.55510
C          2.34740        3.26810       -0.57110
C          3.48770        3.66330       -1.53720
C          3.12490        4.78080       -2.52110
C          4.34050        5.23040       -3.28740
C          4.61720        5.05870       -4.59560
C          5.89010        5.60680       -5.18690
C          3.74810        4.33130       -5.58450
C          1.05390        2.71980       -1.25330
C         -0.11010        2.53680       -0.25020
C         -0.88420        1.28830       -0.67500
C         -0.50510        1.02930       -2.15270
C         -1.34420        1.99290       -3.04620
C         -0.81300       -0.45580       -2.62800
C         -2.32120       -0.78180       -2.43730
C         -2.69930       -2.17870       -1.97500
C         -1.85190       -2.60950       -0.76970
C         -0.35230       -2.57500       -1.10130
C          0.06840       -2.95310       -2.50050
C          0.17380       -1.49750       -2.06910
C          1.62300       -1.05480       -2.15700
C          1.86020        0.28760       -1.50120
C          1.02800        1.41890       -2.13760
C          1.54990        1.69040       -3.56210
C          0.52450       -2.95770        0.07580
C          0.12980       -4.31310        0.65100
C         -1.35220       -4.35610        1.03110
O         -1.58180       -3.40760        2.09880
C         -1.37570       -3.86120        3.35960
O         -1.01380       -4.97860        3.68770
C         -1.67310       -2.75180        4.28860
C         -1.63180       -2.96210        5.61360
C         -1.92590       -1.92650        6.61420
C         -2.57540       -2.30220        7.80070
C         -2.84980       -1.34170        8.76990
O         -3.49470       -1.65570        9.93530
C         -2.47330       -0.01620        8.57450
O         -2.75360        0.92030        9.52480
C         -1.81130        0.36980        7.42040
C         -1.53300       -0.58720        6.44150
C         -2.28340       -3.99590       -0.16830
C         -2.23580       -5.13430       -1.21340
C         -3.73990       -3.91930        0.35450
H          2.18870        1.98730        1.22040
H          3.60390        3.02640        1.17780
H          3.56260        1.59040        0.17380
H          2.03120        4.19920       -0.07790
H          4.34210        4.00600       -0.93500
H          3.85090        2.78180       -2.07800
H          2.73760        5.64510       -1.96860
H          2.32210        4.47000       -3.19080
H          5.06600        5.77420       -2.67800
H          5.66070        6.33280       -5.97430
H          6.48420        4.79610       -5.62130
H          6.51260        6.11100       -4.44040
H          4.31660        3.52450       -6.06180
H          2.86620        3.87830       -5.13480
H          3.40540        5.02010       -6.36370
H          0.72830        3.54420       -1.90320
H         -0.76460        3.41780       -0.29640
H          0.20050        2.44720        0.79360
H         -1.95510        1.44900       -0.51900
H         -0.59410        0.44400       -0.03970
H         -1.15130        3.04820       -2.83770
H         -1.13930        1.82480       -4.11010
H         -2.42200        1.84820       -2.89960
H         -0.63860       -0.47960       -3.71440
H         -2.77650       -0.09740       -1.71440
H         -2.84380       -0.57500       -3.38070
H         -3.76220       -2.16290       -1.70730
H         -2.62040       -2.87610       -2.81350
H         -2.00680       -1.85200        0.01350
H         -0.64290       -3.20780       -3.27510
H          0.97210       -3.54940       -2.60490
H          1.91510       -1.02020       -3.21370
H          2.30380       -1.78300       -1.70320
H          1.64150        0.18990       -0.43230
H          2.92820        0.51620       -1.58950
H          1.12390        2.60690       -3.98200
H          2.63710        1.79580       -3.58260
H          1.29640        0.87860       -4.25120
H          0.44390       -2.18060        0.84600
H          1.58130       -3.01510       -0.20000
H          0.35840       -5.10160       -0.07450
H          0.75020       -4.50730        1.53300
H         -1.60750       -5.36580        1.38060
H         -1.93410       -1.79710        3.84890
H         -1.39140       -3.95120        6.00360
H         -2.87060       -3.33700        7.95240
H         -3.65240       -2.61390        9.94920
H         -3.21550        0.42380       10.22940
H         -1.50980        1.40340        7.28400
H         -0.99360       -0.27450        5.54980
H         -2.96010       -4.97730       -2.01930
H         -1.25080       -5.24140       -1.67410
H         -2.48470       -6.09710       -0.75170
H         -3.99430       -4.81560        0.93240
H         -4.46380       -3.85310       -0.46370
H         -3.89380       -3.04950        1.00340

