HF BASIS=def2-svp cutoff=1.0e-9 denserms=1.0e-6  zmake GRADIENT DIPOLE CHARGE=0

O          2.19250       -3.79050        1.01150
C          2.37190       -2.46020        0.89170
O          3.46390       -1.96380        1.10870
C          1.12690       -1.76070        0.42960
C          1.17460       -0.25940        0.73780
C          0.75540        0.02010        2.18150
C          1.39900       -0.34250        3.35600
C          0.80750        0.01120        4.57030
C         -0.40300        0.72130        4.59870
C         -1.03820        1.09880        3.41210
C         -0.45110        0.74870        2.20630
C         -0.85340        1.03870        0.84740
C          0.10400        0.50800       -0.04840
C          0.01380        0.72730       -1.43290
C          0.98350        0.29370       -2.36060
C          0.82960        0.53380       -3.72690
C         -0.28960        1.21600       -4.19010
C         -1.25190        1.66940       -3.28720
C         -1.11410        1.44240       -1.90850
C         -2.07980        1.92840       -1.00030
C         -1.94830        1.74100        0.37820
H          3.06760       -4.13110        1.29210
H          0.25790       -2.22770        0.91070
H          1.04980       -1.95200       -0.64560
H          2.15310        0.19810        0.55060
H          2.34260       -0.87860        3.34440
H          1.29170       -0.26160        5.50510
H         -0.84530        0.98950        5.55530
H         -1.96460        1.66180        3.44560
H          1.87860       -0.22530       -2.02810
H          1.58710        0.19150       -4.42720
H         -0.41120        1.40470       -5.25350
H         -2.11350        2.21180       -3.67080
H         -2.94230        2.48090       -1.36860
H         -2.69040        2.14860        1.05620

