HF BASIS=def2-svp cutoff=1.0e-9 denserms=1.0e-6  zmake GRADIENT DIPOLE CHARGE=0

C         -2.10710        2.52580        0.96170
C         -1.29870        1.24650        0.78460
C         -2.10070       -0.03480        1.10330
C         -2.51000       -0.08560        2.58160
C         -1.36900       -1.34020        0.70280
N         -1.12750       -1.38880       -0.76660
C         -0.02010       -1.53090        1.43530
O          0.07820       -2.09130        2.52180
N          1.04960       -0.99450        0.74720
C          2.42060       -1.34150        1.10380
C          3.42400       -0.21870        0.74630
C          3.18640        1.00050        1.64710
C          3.38310        0.16620       -0.74930
C          4.50480        1.11120       -1.16120
C          2.78750       -2.66170        0.41440
O          3.91160       -3.22130        0.90800
O          2.18450       -3.20010       -0.50350
H         -3.02760        2.49460        0.37050
H         -2.37140        2.69370        2.00970
H         -1.52030        3.38800        0.62850
H         -0.40950        1.30760        1.42240
H         -0.94650        1.21790       -0.25290
H         -3.03190        0.00220        0.52000
H         -1.64370        0.01480        3.24350
H         -3.01090       -1.03110        2.81580
H         -3.21270        0.71760        2.82440
H         -1.99420       -2.20670        0.95200
H         -2.02760       -1.32060       -1.24250
H         -0.76790       -2.32020       -0.99600
H          0.83040       -0.85520       -0.23920
H          2.45140       -1.53690        2.18320
H          4.43340       -0.59180        0.96710
H          2.23990        1.49690        1.40950
H          3.98990        1.73550        1.53960
H          3.15980        0.70590        2.70190
H          3.46560       -0.73690       -1.36480
H          2.42340        0.63410       -0.99860
H          4.48450        1.26580       -2.24490
H          4.40020        2.09140       -0.68750
H          5.48360        0.69880       -0.89700
H          4.00590       -4.05460        0.40050

