HF BASIS=def2-svp cutoff=1.0e-9 denserms=1.0e-6  zmake GRADIENT DIPOLE CHARGE=0

C         -3.32390        2.39070        4.82120
C         -2.75200        1.25600        5.65520
C         -1.86240        0.33630        4.81840
C         -1.31910       -0.81680        5.66670
C         -0.54590       -1.85840        4.85540
C          0.74540       -1.31400        4.24410
C          1.54190       -2.42570        3.56320
C          2.88780       -1.91150        3.04940
C          3.66980       -3.02790        2.35270
C          5.03450       -2.53580        1.86730
C          5.73290       -3.61330        1.03670
C          7.01420       -3.13620        0.34570
C          6.86450       -1.94590       -0.60920
C          5.67000       -1.99900       -1.56830
C          5.68950       -3.19090       -2.52590
C          4.33760       -3.32350       -3.23200
C          4.30940       -4.52240       -4.18250
C          2.93330       -4.73380       -4.82940
C          2.00850       -5.65420       -4.03180
C          1.53720       -5.07970       -2.71300
O          1.84780       -5.57490       -1.63380
N          0.70530       -3.98600       -2.82250
C          0.08060       -3.38940       -1.62390
C         -0.26980       -1.91260       -1.90490
O         -0.54110       -1.20720       -0.69860
C         -0.75360        0.18930       -0.92050
O          0.51260        0.81400       -1.14930
C          0.41590        2.24280       -1.31180
C          1.81740        2.75270       -1.65070
O          2.26890        2.13390       -2.85760
C         -0.14360        2.89740       -0.03930
O          0.73420        2.57300        1.05020
C          1.03710        3.67440        1.91260
O         -0.10590        3.92630        2.72800
C          0.09850        4.94810        3.71680
C          0.11160        6.36100        3.09480
O          0.11420        7.39420        4.07740
C          1.29920        4.61680        4.63010
O          1.57350        5.69020        5.54040
C          2.56310        4.29060        3.81780
O          3.06560        5.46300        3.17560
C          2.25050        3.23500        2.76370
O          1.97740        1.98470        3.41650
C         -1.53500        2.30110        0.21180
O         -2.15560        2.83070        1.38990
C         -1.48500        0.77410        0.30670
O         -2.84040        0.29060        0.37740
C         -1.16170       -4.22000       -1.14200
O         -0.86490       -5.62330       -1.11470
C         -1.68450       -3.86380        0.22310
C         -2.78850       -4.34660        0.82220
C         -3.73660       -5.37800        0.27410
C         -5.19570       -4.90700        0.26460
C         -5.49580       -3.73060       -0.67120
C         -5.28630       -4.07490       -2.14830
C         -5.76420       -2.98330       -3.10840
C         -5.01460       -1.65660       -2.95770
C         -5.42710       -0.67110       -4.05530
C         -4.79820        0.71530       -3.90440
C         -3.29590        0.72620       -4.19860
C         -2.64790        2.10090       -4.00430
C         -3.04580        3.12230       -5.07280
C         -2.44810        4.51050       -4.83720
C         -0.92970        4.55160       -4.92750
H         -2.52430        3.00910        4.40090
H         -3.96120        3.03180        5.43820
H         -3.92780        2.00170        3.99480
H         -3.58000        0.67990        6.08970
H         -2.17700        1.67520        6.48930
H         -2.43920       -0.06670        3.97420
H         -1.03560        0.92080        4.39810
H         -0.67660       -0.41720        6.46350
H         -2.15630       -1.32510        6.16190
H         -1.18840       -2.26380        4.06340
H         -0.30260       -2.69430        5.52260
H          1.35550       -0.84670        5.02660
H          0.51110       -0.53860        3.50420
H          0.95800       -2.83780        2.73090
H          1.71480       -3.24550        4.27260
H          2.72170       -1.08600        2.34760
H          3.47480       -1.51660        3.88540
H          3.80820       -3.87400        3.03930
H          3.08480       -3.39340        1.49970
H          4.89420       -1.62180        1.28260
H          5.66470       -2.27000        2.72680
H          5.98540       -4.45860        1.69010
H          5.03900       -4.01230        0.28570
H          7.75900       -2.87750        1.10980
H          7.43700       -3.98440       -0.20960
H          6.78240       -1.02650       -0.01390
H          7.79050       -1.84500       -1.18960
H          4.73760       -1.99540       -0.99270
H          5.65890       -1.07360       -2.15710
H          6.48870       -3.05500       -3.26360
H          5.90200       -4.12050       -1.98950
H          3.55610       -3.42480       -2.47320
H          4.12360       -2.40590       -3.79410
H          4.62610       -5.43410       -3.66110
H          5.04290       -4.34350       -4.97850
H          2.45090       -3.77020       -5.03310
H          3.09650       -5.21390       -5.80530
H          2.50170       -6.61420       -3.83500
H          1.11700       -5.88000       -4.63380
H          0.23530       -3.86090       -3.71120
H          0.83540       -3.42290       -0.82660
H          0.57800       -1.43700       -2.41450
H         -1.13950       -1.85390       -2.57350
H         -1.38700        0.31540       -1.80670
H         -0.23910        2.43690       -2.16790
H          2.54210        2.50520       -0.86620
H          1.81510        3.83440       -1.80570
H          2.21430        1.17270       -2.69060
H         -0.21740        3.98410       -0.16880
H          1.29310        4.55630        1.31190
H         -0.79000        4.92500        4.36120
H         -0.78040        6.49260        2.47280
H          0.96550        6.51850        2.42970
H          0.66340        7.07290        4.82250
H          1.02960        3.73220        5.22310
H          2.01920        5.29580        6.31660
H          3.34550        3.92900        4.49550
H          3.39360        6.05810        3.88180
H          3.11360        3.07460        2.10340
H          1.58890        1.41330        2.72390
H         -2.20080        2.58140       -0.61210
H         -1.45360        2.94050        2.06650
H         -0.99290        0.45770        1.23480
H         -3.25980        0.80800        1.09120
H         -1.95900       -4.08860       -1.87960
H          0.06480       -5.71280       -0.82540
H         -1.10240       -3.13640        0.78800
H         -3.02120       -3.97920        1.82120
H         -3.66870       -6.26270        0.91820
H         -3.44880       -5.71180       -0.72630
H         -5.83460       -5.75550       -0.01130
H         -5.48890       -4.62220        1.28400
H         -4.88270       -2.86790       -0.38880
H         -6.54180       -3.43560       -0.52010
H         -5.83050       -5.00110       -2.38170
H         -4.22770       -4.27680       -2.34180
H         -5.63170       -3.35630       -4.13170
H         -6.84170       -2.81980       -2.97090
H         -3.93700       -1.84440       -3.00170
H         -5.23010       -1.21620       -1.97850
H         -6.51790       -0.55430       -4.03580
H         -5.17270       -1.08510       -5.04130
H         -5.30750        1.39160       -4.60260
H         -4.98610        1.10110       -2.89470
H         -3.10900        0.37090       -5.22070
H         -2.79520        0.02150       -3.52640
H         -1.56280        1.95800       -4.03240
H         -2.89690        2.48840       -3.00850
H         -2.74270        2.75470       -6.06190
H         -4.13760        3.22990       -5.09600
H         -2.76590        4.89330       -3.85860
H         -2.85880        5.19610       -5.58980
H         -0.58000        4.13410       -5.87870
H         -0.57930        5.58750       -4.86320
H         -0.46380        3.99470       -4.10850

