HF BASIS=def2-svp cutoff=1.0e-9 denserms=1.0e-6  zmake GRADIENT DIPOLE CHARGE=0

O          0.19690       -2.77610       -6.84550
C          0.55530       -1.64900       -6.03740
C          0.29190       -0.39560       -6.85360
C          0.24610        0.84660       -6.00820
C          0.21200        0.77230       -4.59570
O          0.13030       -0.43610       -3.93530
C         -0.27850       -1.55050       -4.74960
C         -0.16140       -2.82360       -3.92700
C         -1.30000       -3.61310       -3.69310
C         -1.18090       -4.79300       -2.96510
O         -2.29330       -5.50870       -2.61600
C          0.05720       -5.22830       -2.51010
O          0.15540       -6.39260       -1.80570
C          1.19150       -4.46280       -2.72470
C          1.08100       -3.25360       -3.41900
C          0.27140        1.94030       -3.79010
C          0.33470        1.83050       -2.25120
C         -1.06240        1.97850       -1.57750
O         -1.43790        3.39200       -1.57670
C         -0.57510        4.32120       -1.08730
O         -0.93080        5.45050       -0.77720
C          0.83430        3.89400       -0.93850
C          1.26840        2.81280       -1.60510
C          2.71970        2.53930       -1.45690
O          3.10470        1.38810       -1.25540
C          3.64210        3.79280       -1.52300
O          3.45560        4.39880       -2.81310
O          5.02730        3.51440       -1.41860
C          3.16610        4.82750       -0.41720
O          3.35900        6.15840       -0.94580
O          4.01730        4.72430        0.75480
C          3.25380        4.08220        1.69140
C          3.73330        3.60510        2.89340
O          5.02820        3.81790        3.26030
C          2.87690        2.88430        3.72630
O          3.38670        2.41930        4.90700
C          1.55720        2.63250        3.34720
C          1.09140        3.13440        2.12380
C          1.93130        3.90450        1.31510
C          1.68900        4.64610        0.02790
C         -0.25990        2.75900        1.68090
O         -1.29010        3.25580        2.09460
O         -0.10040        1.83200        0.69850
C         -1.25540        1.48850       -0.08940
C         -1.62380       -0.00650        0.05260
O         -2.41440       -0.22780        1.27210
C         -1.86090       -0.29540        2.50040
O         -0.88280        0.32360        2.88780
C         -2.48640       -1.37340        3.33350
C         -1.71650       -1.75950        4.45430
C         -2.11010       -2.82160        5.25090
O         -1.34160       -3.18040        6.31800
C         -3.27300       -3.50720        4.96260
O         -3.64540       -4.54920        5.76970
C         -4.06650       -3.12690        3.88440
O         -5.22670       -3.84810        3.72540
C         -3.69680       -2.05920        3.03530
C         -4.61420       -1.66060        1.94670
C         -4.55630       -2.16140        0.61850
C         -5.53650       -1.77650       -0.32160
C         -6.54420       -0.89180        0.03910
O         -7.48130       -0.53050       -0.88670
C         -6.60300       -0.37800        1.32210
O         -7.62890        0.46350        1.65030
C         -5.64070       -0.74400        2.25560
O         -5.71090       -0.18480        3.50650
C         -3.43380       -2.97570        0.04890
O         -3.53080       -3.63460       -0.97960
O         -2.27170       -2.67710        0.68290
C         -1.09580       -2.54300       -0.14240
C         -0.53120       -1.09210       -0.13920
O          0.48030       -0.96860        0.87970
C          1.72230       -1.40530        0.54180
O          2.02750       -1.94380       -0.50470
C          2.67460       -1.13270        1.64470
C          2.23740       -1.04070        2.97660
C          3.15850       -0.78050        3.98340
O          2.76870       -0.63970        5.28860
C          4.50600       -0.63160        3.67570
O          5.42410       -0.37640        4.65690
C          4.94020       -0.74020        2.35970
O          6.26630       -0.60500        2.06490
C          4.03520       -0.98990        1.33570
C          0.25870        3.17600       -4.46600
O          0.27160        4.35110       -3.76710
C          0.21660        3.26020       -5.85660
C          0.22210        2.10310       -6.61730
O          0.18370        2.29090       -7.96770
H          0.50120       -3.57560       -6.37590
H          1.62810       -1.70890       -5.81350
H          1.08980       -0.31150       -7.60610
H         -0.65550       -0.49030       -7.40590
H         -1.33930       -1.41200       -5.00860
H         -2.27570       -3.30860       -4.05940
H         -2.89630       -4.87130       -2.17150
H         -0.74600       -6.77000       -1.82360
H          2.15270       -4.78460       -2.33360
H          1.97630       -2.64420       -3.54820
H          0.71250        0.83370       -2.01130
H         -1.82390        1.48690       -2.19710
H          3.59270        5.35350       -2.65220
H          5.29450        3.71710       -0.50260
H          3.26050        6.75240       -0.17980
H          5.12750        3.36630        4.12260
H          2.80790        1.70430        5.23240
H          0.89390        2.04380        3.97580
H          1.25730        5.62440        0.27310
H         -2.12460        2.04040        0.29340
H         -2.36150       -0.19500       -0.73970
H         -0.79610       -1.23800        4.70470
H         -1.82230       -3.93050        6.72910
H         -4.46890       -4.89230        5.36720
H         -5.88260       -3.29130        3.27360
H         -5.50230       -2.14090       -1.34620
H         -8.05550        0.12320       -0.44070
H         -7.72360        0.41670        2.62470
H         -5.63170        0.78350        3.38270
H         -0.36070       -3.26740        0.21880
H         -1.34860       -2.78250       -1.16960
H         -0.05990       -0.92550       -1.11130
H          1.18670       -1.16250        3.21090
H          1.91810       -1.10790        5.39470
H          4.90490       -0.34510        5.48580
H          6.69660       -0.41950        2.92280
H          4.38170       -1.06160        0.30530
H          0.39110        5.08940       -4.38850
H          0.18650        4.22040       -6.36530
H          0.29880        1.44690       -8.43340

