HF BASIS=def2-svp cutoff=1.0e-9 denserms=1.0e-6  zmake GRADIENT DIPOLE CHARGE=0

C          5.88110        2.50360       -3.74190
O          6.13590        3.45220       -4.78790
C          4.67380        2.96530       -2.92730
O          5.00670        4.15770       -2.22920
P          3.85740        5.27380       -2.13560
O          4.26060        6.10000       -0.82770
O          3.73180        6.14580       -3.34120
O          2.53080        4.49670       -1.68910
C          1.29570        5.17780       -1.84820
C          0.19450        4.47190       -1.05750
C         -1.12710        5.23040       -1.22720
O         -2.05090        4.88860       -0.17340
C         -1.88530        5.60810        0.97350
O         -1.03210        6.46870        1.14400
C         -2.90780        5.21520        2.00260
C         -4.29510        5.71800        1.61260
C         -5.31200        5.64060        2.75510
C         -5.57060        4.21150        3.23710
C         -6.64970        4.17370        4.32890
C         -7.07750        2.74840        4.69630
C         -5.96420        1.90910        5.30110
O         -0.00170        3.14300       -1.60210
C          0.66530        2.13070       -0.98970
O          1.33510        2.23060        0.02960
C          0.44060        0.83730       -1.74210
C          1.57360       -0.15420       -1.48340
C          1.35310       -1.48910       -2.19410
C          2.57560       -2.39730       -2.03120
C          2.49180       -3.67770       -2.87100
C          1.58490       -4.76660       -2.29450
C          2.18060       -5.41630       -1.04240
C          1.33410       -6.59990       -0.55810
C          2.03520       -7.45220        0.52440
C          2.35260       -6.63230        1.78220
C          1.15240       -8.67350        0.84910
C          1.81170       -9.66270        1.80190
C          5.64700        1.12810       -4.36510
O          4.37760        1.09840       -5.00520
P          4.01430       -0.16870       -5.91030
O          3.91440       -1.35550       -4.84210
O          4.98820       -0.52890       -6.98230
O          2.50430        0.07370       -6.37490
C          1.70410       -1.05940       -6.67940
C          0.32600       -0.58790       -7.16230
C         -0.54800       -1.78030       -7.56300
O         -0.71340       -2.64450       -6.42390
C         -1.51580       -3.72350       -6.62800
O         -1.99360       -4.06040       -7.70510
C         -1.70000       -4.50300       -5.34530
C         -2.12600       -3.61070       -4.18100
C         -2.57420       -4.43310       -2.96960
C         -2.94030       -3.53910       -1.77980
C         -2.40630       -4.10960       -0.45730
C         -2.83440       -3.25200        0.73020
C         -2.41640       -3.82480        2.08010
C         -0.90800       -3.98380        2.30530
C         -0.13190       -2.67230        2.17770
C          1.28010       -2.79310        2.75750
C          2.09520       -1.52390        2.51460
C          3.43530       -1.55990        3.25900
C          4.30510       -0.32380        3.00690
C          4.78650       -0.13260        1.56450
C          5.64790       -1.28880        1.05570
C          6.16230       -1.02100       -0.36300
C          6.92090       -2.23480       -0.90910
C          7.44820       -1.98390       -2.31120
O         -0.29940        0.12870       -6.06720
C         -1.26910        1.01810       -6.42210
O         -1.68150        1.20230       -7.55960
C         -1.80300        1.73050       -5.20870
C         -2.92620        0.93000       -4.55900
C         -3.42210        1.61120       -3.27900
C         -4.56670        0.82630       -2.63360
C         -5.11100        1.46720       -1.35000
C         -4.08430        1.74740       -0.24770
C         -3.31330        0.50130        0.19260
C         -2.19870        0.81970        1.19010
C         -2.70370        1.03870        2.61360
C         -1.53440        1.30010        3.56560
C         -2.00530        1.53660        4.99750
C         -0.88160        1.46910        6.03590
C          0.30310        2.39100        5.73530
C          1.29840        2.40960        6.89790
C          2.61990        3.11390        6.56670
C          2.50590        4.56290        6.07390
C          3.90450        5.12050        5.78670
C          1.78240        5.46990        7.07010
H          6.78410        2.47890       -3.12790
H          6.07290        4.34050       -4.39140
H          4.38230        2.21080       -2.19070
H          3.82440        3.16510       -3.58670
H          4.73200        6.92180       -1.06500
H          1.41070        6.21000       -1.50280
H          1.05860        5.18270       -2.91590
H          0.46200        4.40410       -0.00060
H         -1.61680        4.95200       -2.16800
H         -0.97930        6.32040       -1.25460
H         -2.88680        4.12620        2.11100
H         -2.59560        5.64720        2.96000
H         -4.66600        5.13920        0.75330
H         -4.23040        6.76120        1.27660
H         -4.97420        6.25950        3.59330
H         -6.25650        6.07590        2.39910
H         -5.88590        3.59460        2.38530
H         -4.64050        3.77850        3.63020
H         -7.53540        4.72100        3.98610
H         -6.27830        4.69190        5.22300
H         -7.90120        2.81310        5.41470
H         -7.47160        2.23910        3.80750
H         -5.17670        1.70930        4.56750
H         -6.35650        0.94210        5.63470
H         -5.51500        2.40970        6.16560
H         -0.51860        0.41740       -1.42920
H          0.39760        1.05270       -2.81870
H          2.52200        0.29180       -1.81200
H          1.66860       -0.33060       -0.40660
H          0.45800       -1.98040       -1.79630
H          1.17600       -1.30280       -3.26060
H          2.73070       -2.62900       -0.97300
H          3.46950       -1.84650       -2.34790
H          2.14310       -3.42610       -3.87870
H          3.50590       -4.08320       -2.98810
H          0.58690       -4.37210       -2.08180
H          1.46120       -5.54120       -3.06600
H          3.19790       -5.76420       -1.25940
H          2.25200       -4.67160       -0.24670
H          0.37690       -6.22660       -0.18160
H          1.10480       -7.24480       -1.41520
H          2.98140       -7.81310        0.11020
H          2.88790       -7.23250        2.52080
H          2.99980       -5.77990        1.54410
H          1.43570       -6.25070        2.24840
H          0.92070       -9.20410       -0.07920
H          0.19730       -8.35050        1.27680
H          1.87230       -9.25890        2.81620
H          2.82260       -9.92380        1.46730
H          1.22380      -10.58680        1.84770
H          6.42280        0.89440       -5.10500
H          5.65500        0.35390       -3.58470
H          4.64730       -1.98760       -4.98420
H          1.60410       -1.66270       -5.77400
H          2.19980       -1.65390       -7.45480
H          0.46420        0.09400       -8.00850
H         -1.53850       -1.44230       -7.88850
H         -0.07620       -2.34130       -8.38090
H         -0.75650       -5.00920       -5.11840
H         -2.45270       -5.27510       -5.52440
H         -2.93050       -2.93120       -4.49760
H         -1.27520       -2.97560       -3.89140
H         -3.45820       -5.03230       -3.24810
H         -1.78480       -5.14730       -2.70530
H         -2.55100       -2.51910       -1.92110
H         -4.03790       -3.45320       -1.72350
H         -2.76560       -5.14030       -0.32650
H         -1.30630       -4.14810       -0.51510
H         -3.92500       -3.15030        0.71740
H         -2.43210       -2.24160        0.61330
H         -2.89860       -4.80380        2.21570
H         -2.82110       -3.17440        2.86920
H         -0.50050       -4.72280        1.60620
H         -0.76510       -4.39850        3.30890
H         -0.07190       -2.37870        1.12070
H         -0.66800       -1.87720        2.70900
H          1.79250       -3.64200        2.29690
H          1.21110       -2.99920        3.83130
H          2.27100       -1.43310        1.44330
H          1.52620       -0.64170        2.83020
H          3.97670       -2.47460        2.99370
H          3.23120       -1.62570        4.33660
H          3.74870        0.57000        3.31120
H          5.17690       -0.38200        3.66600
H          5.36970        0.79540        1.52250
H          3.93120        0.01470        0.89660
H          5.06670       -2.21810        1.04800
H          6.49910       -1.44340        1.73050
H          6.82460       -0.14440       -0.35810
H          5.32270       -0.78630       -1.02730
H          7.76110       -2.47820       -0.24730
H          6.25730       -3.10880       -0.92520
H          8.02800       -2.84490       -2.65710
H          6.62790       -1.82630       -3.01580
H          8.09740       -1.10600       -2.33510
H         -2.15700        2.72180       -5.51200
H         -0.98340        1.90560       -4.50810
H         -2.57380       -0.08150       -4.32500
H         -3.75670        0.81680       -5.26710
H         -3.76180        2.62780       -3.50520
H         -2.58020        1.69700       -2.58420
H         -5.39270        0.74470       -3.34820
H         -4.24470       -0.20080       -2.42410
H         -5.89540        0.81740       -0.94480
H         -5.60400        2.41420       -1.60790
H         -4.61100        2.17210        0.61560
H         -3.38620        2.51860       -0.58830
H         -4.00930       -0.23710        0.61600
H         -2.84410        0.02900       -0.67880
H         -1.63790        1.69850        0.85500
H         -1.49490       -0.01670        1.19570
H         -3.25620        0.15170        2.94900
H         -3.40100        1.88110        2.64450
H         -0.97280        2.17280        3.21680
H         -0.85020        0.44600        3.53800
H         -2.75710        0.78620        5.26610
H         -2.50470        2.51080        5.05670
H         -0.52540        0.43340        6.10630
H         -1.30480        1.72520        7.01500
H          0.81540        2.05000        4.82790
H         -0.06540        3.40360        5.54000
H          1.53080        1.37630        7.19410
H          0.83230        2.88280        7.77300
H          3.25070        3.08390        7.46480
H          3.14290        2.52210        5.80540
H          1.94890        4.57980        5.12740
H          4.42260        4.50020        5.04820
H          3.84670        6.13980        5.38700
H          4.51900        5.14620        6.69490
H          1.77550        6.50920        6.71820
H          0.73860        5.16750        7.19540
H          2.26280        5.44960        8.05380

