HF BASIS=def2-svp cutoff=1.0e-9 denserms=1.0e-6  zmake GRADIENT DIPOLE CHARGE=0

C          0.17020       -2.50920        5.93740
C          1.68060       -2.42550        5.78070
C          2.22970       -3.30610        4.65300
C          1.70020       -2.98130        3.25220
N          2.01220       -1.59920        2.87650
C          1.52430       -1.30890        1.51340
C          1.59340        0.20750        1.21300
O          2.94890        0.65080        1.38410
C          1.10020        0.51970       -0.18300
C          2.04460        0.63630       -1.22890
C          1.65990        0.91700       -2.54350
Cl          2.86050        1.04650       -3.77130
C          0.32250        1.08970       -2.87270
C         -0.62280        0.97180       -1.86460
C         -0.25660        0.67660       -0.51450
C         -1.48950        0.59400        0.29500
C         -2.61740        0.84710       -0.52610
C         -3.91570        0.83250       -0.02920
C         -4.09690        0.55500        1.32200
Cl         -5.68740        0.52460        1.97930
C         -3.00240        0.29620        2.15280
C         -1.69700        0.31360        1.64180
C         -2.10340        1.09420       -1.89450
C         -2.92370        1.37950       -2.92250
C         -2.54330        1.65210       -4.30810
C         -2.23630        2.95770       -4.70910
C         -1.87380        3.21700       -6.03300
C         -1.82240        2.17190       -6.95410
Cl         -1.37550        2.49150       -8.58430
C         -2.13080        0.86950       -6.56390
C         -2.49330        0.60910       -5.24020
H         -0.14730       -1.94510        6.82040
H         -0.15530       -3.54660        6.06320
H         -0.34710       -2.08540        5.07160
H          2.14670       -2.74190        6.72170
H          1.97310       -1.38080        5.62570
H          3.32440       -3.22570        4.65200
H          1.99920       -4.35540        4.87640
H          0.61810       -3.15030        3.21940
H          2.16080       -3.67450        2.53770
H          3.02860       -1.49310        2.87950
H          2.14710       -1.85900        0.79610
H          0.49400       -1.66250        1.39460
H          1.01840        0.79130        1.93630
H          3.11530        0.57720        2.34080
H          3.10530        0.51150       -1.01200
H          0.04900        1.30630       -3.89640
H         -4.77030        1.02810       -0.66610
H         -3.15890        0.07690        3.20690
H         -0.88990        0.09750        2.32930
H         -3.99950        1.43240       -2.77340
H         -2.27150        3.77640       -3.99350
H         -1.63260        4.23200       -6.33700
H         -2.09010        0.05500       -7.28220
H         -2.72990       -0.40950       -4.94050

