HF BASIS=def2-svp cutoff=1.0e-9 denserms=1.0e-6  zmake GRADIENT DIPOLE CHARGE=0

C          9.22910       -0.70770        4.67040
C          7.85720       -0.59990        4.02140
C          7.86170       -0.90640        2.51770
C          8.17220       -2.37250        2.19940
C          8.25170       -2.66470        0.69900
C          6.98730       -2.35910       -0.11030
C          5.71030       -3.07920        0.34560
C          5.78900       -4.60710        0.23990
C          4.48050       -5.32190        0.60250
C          3.56970       -5.66400       -0.58290
C          2.99590       -4.48810       -1.37570
C          2.10590       -3.56060       -0.53450
C          1.59450       -2.37910       -1.37690
O          0.65340       -2.88690       -2.33350
C          0.90510       -1.25910       -0.58140
C          1.78120       -0.51140        0.40910
C          0.73670        0.16610        1.25720
C         -0.34450       -0.90490        1.36190
O         -0.20680       -1.75900        0.19100
C         -1.77290       -0.33320        1.39520
O         -2.71180       -1.41660        1.45050
C         -2.01820        0.58990        2.59210
C         -3.47140        1.05910        2.77650
C         -4.10510        1.85160        1.61860
O         -4.16380        1.05330        0.43440
C         -3.37190        3.16620        1.31460
C         -3.88240        3.90750        0.06490
O         -3.61340        3.12290       -1.10080
C         -5.37440        4.26270        0.12660
C         -5.82380        5.04020       -1.11660
C         -7.32470        5.34040       -1.14150
C         -8.26170        4.12750       -1.19610
C         -8.06660        3.22550       -2.42520
C         -7.16770        2.00530       -2.17070
O         -7.78100        1.20290       -1.16000
C         -6.93780        1.23100       -3.48060
C         -5.95510        0.12170       -3.33280
C         -4.69670        0.00030       -3.76350
C         -4.14560       -1.33180       -3.41810
C         -2.94850       -1.27260       -2.48350
O         -5.22740       -1.99620       -2.75480
C         -6.29790       -1.15400       -2.69700
O         -7.38840       -1.40950       -2.21640
H          9.96490       -0.09180        4.14910
H          9.58350       -1.73930        4.68100
H          9.18470       -0.37320        5.70950
H          7.49770        0.42920        4.16070
H          7.15390       -1.26330        4.54060
H          6.86650       -0.65500        2.13010
H          8.57760       -0.24680        2.00650
H          9.14080       -2.64530        2.63890
H          7.42290       -3.02250        2.66640
H          8.52320       -3.71870        0.55900
H          9.07970       -2.08550        0.26960
H          7.18320       -2.61710       -1.15990
H          6.80010       -1.28120       -0.09680
H          4.89210       -2.70960       -0.27670
H          5.46420       -2.79700        1.37490
H          6.11590       -4.90430       -0.76170
H          6.56120       -4.95850        0.93610
H          4.75140       -6.28200        1.06550
H          3.93140       -4.76950        1.37210
H          4.12630       -6.30670       -1.27730
H          2.73830       -6.27790       -0.21210
H          2.40760       -4.89770       -2.20750
H          3.81740       -3.92050       -1.83050
H          2.67380       -3.19190        0.32390
H          1.25550       -4.14210       -0.14840
H          2.42370       -1.94150       -1.94680
H         -0.11430       -3.19040       -1.81260
H          0.47240       -0.54740       -1.29860
H          2.36510       -1.18670        1.03930
H          2.46410        0.18960       -0.07910
H          0.36540        1.05320        0.73390
H          1.10770        0.48450        2.23340
H         -0.17170       -1.56000        2.22680
H         -1.95220        0.19270        0.45180
H         -2.39780       -2.06780        0.79230
H         -1.74460        0.04920        3.50920
H         -1.35020        1.45880        2.54250
H         -3.52020        1.66950        3.68500
H         -4.09050        0.17580        2.96630
H         -5.14170        2.07490        1.90110
H         -4.48310        0.17030        0.71200
H         -3.42550        3.82800        2.18650
H         -2.31250        2.94480        1.13300
H         -3.30080        4.83000       -0.04400
H         -3.78620        2.18940       -0.83500
H         -5.57780        4.85940        1.02550
H         -5.96590        3.34610        0.20440
H         -5.28170        5.99360       -1.14950
H         -5.54340        4.51080       -2.03290
H         -7.53200        5.98410       -2.00750
H         -7.58400        5.93820       -0.26130
H         -8.19970        3.55180       -0.26590
H         -9.28500        4.52550       -1.23130
H         -7.68910        3.81660       -3.26900
H         -9.05950        2.85470       -2.71570
H         -6.19900        2.32660       -1.78660
H         -8.01460        0.32340       -1.52190
H         -6.57620        1.92080       -4.25580
H         -7.88970        0.81460       -3.83740
H         -4.14600        0.76400       -4.29540
H         -3.89730       -1.89400       -4.32670
H         -2.12280       -0.70730       -2.92220
H         -3.21550       -0.81690       -1.52190
H         -2.59550       -2.28930       -2.26790

