HF BASIS=def2-svp cutoff=1.0e-9 denserms=1.0e-6  zmake GRADIENT DIPOLE CHARGE=0

C          0.99180        0.11940       -3.70250
C          1.81350       -1.10560       -3.44530
C          0.99340       -2.41160       -3.51570
N          1.76050       -3.52230       -2.91990
C          1.84940       -3.62430       -1.64450
O          2.58380       -4.65800       -1.19550
C          1.33270       -2.73080       -0.54790
C          0.80670       -3.52430        0.65870
O          1.91090       -3.87040        1.50630
C         -0.31440       -2.83210        1.51060
C         -1.59770       -2.78400        0.65840
C         -0.57780       -3.73270        2.73700
C          0.10160       -1.39250        1.95220
O          1.12930       -0.85780        1.51940
C         -0.75380       -0.60200        2.98330
C         -0.01920       -0.73490        4.33670
O         -2.06700       -1.10280        3.20350
C         -0.84920        0.93140        2.62080
O         -1.57000        1.53370        3.73970
C         -1.06810        2.82720        4.12540
O         -1.50290        3.80850        3.19000
C         -1.05530        5.11940        3.54950
C         -1.37690        6.11180        2.44580
O         -2.68960        6.12860        2.10890
O         -0.58280        6.84610        1.87710
C         -1.71840        5.55470        4.86790
O         -3.15670        5.51880        4.79130
C         -1.29140        4.57080        5.96110
O          0.11450        4.69350        6.21380
C         -1.60590        3.12480        5.54580
O         -0.99630        2.24500        6.50990
C         -1.58490        1.35040        1.30290
C         -3.02730        0.84120        1.20680
C         -0.84460        1.03880       -0.01360
C          0.45340        1.83150       -0.21130
C          1.34960        1.25550       -1.31820
C          0.74270        1.25490       -2.70030
C          0.33970        2.58230       -3.26740
O         -0.20980        0.21000       -2.91870
C          0.65850       -2.76410       -4.96740
C         -0.74120       -2.39170       -5.39430
C          1.55840       -3.37570       -5.77230
C          1.42460       -3.69920       -7.15440
C          1.95030       -4.82950       -7.74030
S          1.61650       -4.81720       -9.42050
C          0.83400       -3.29500       -9.23380
C          0.22240       -2.61880      -10.41050
N          0.80630       -2.81190       -8.00940
H          0.91290        0.32710       -4.76420
H          2.62580       -1.13830       -4.18440
H          2.32890       -1.03410       -2.48400
H          0.04870       -2.32170       -2.96740
H          2.89160       -5.14230       -1.97980
H          0.55600       -2.07920       -0.94790
H          2.18550       -2.10920       -0.25600
H          0.39800       -4.48240        0.30730
H          2.52210       -4.40690        0.95910
H         -1.53150       -2.06520       -0.16210
H         -1.82280       -3.76830        0.22190
H         -2.47600       -2.50770        1.25250
H          0.27260       -3.73320        3.42740
H         -1.45910       -3.42560        3.30830
H         -0.75340       -4.77070        2.42900
H          0.86870       -0.09510        4.37850
H          0.30560       -1.76300        4.52460
H         -0.67150       -0.46910        5.17410
H         -2.55270       -0.38080        3.65080
H          0.17010        1.33500        2.59880
H          0.02970        2.77990        4.15600
H          0.03810        5.10760        3.64010
H         -2.73000        6.76940        1.36610
H         -1.41820        6.57750        5.12950
H         -3.40620        5.47020        3.84750
H         -1.80570        4.79140        6.90360
H          0.33170        3.94130        6.80650
H         -2.69050        2.95980        5.57710
H         -1.57790        1.45910        6.58400
H         -1.68320        2.44100        1.32010
H         -3.59460        1.05740        2.11410
H         -3.55170        1.33650        0.37980
H         -3.07290       -0.23300        1.00980
H         -1.51280        1.28330       -0.84890
H         -0.65570       -0.02930       -0.09810
H          0.21180        2.88010       -0.41860
H          1.04230        1.82910        0.70980
H          1.64370        0.24770       -1.01550
H          2.27620        1.84290       -1.35750
H         -0.09420        2.47330       -4.26930
H          1.21460        3.23000       -3.35830
H         -0.41300        3.07330       -2.64340
H         -1.46800       -2.75260       -4.65710
H         -0.84050       -1.30700       -5.48180
H         -1.03920       -2.83440       -6.34850
H          2.51570       -3.65370       -5.33420
H          2.48450       -5.65070       -7.28440
H          0.88900       -2.63270      -11.27530
H         -0.71760       -3.10800      -10.68360
H          0.00580       -1.57320      -10.18310

