HF BASIS=def2-svp cutoff=1.0e-9 denserms=1.0e-6  zmake GRADIENT DIPOLE CHARGE=0

C         -1.84110       -3.77220       -3.99000
O         -0.81010       -3.17960       -3.20940
C         -1.18040       -2.18750       -2.34690
C         -0.14300       -1.65610       -1.58070
C         -0.37030       -0.62050       -0.64710
C         -1.67860       -0.11480       -0.47550
C         -2.69290       -0.65770       -1.25030
C         -2.46230       -1.68090       -2.17940
N         -2.01330        0.85360        0.38530
C         -0.99900        1.32260        1.12700
O         -1.15730        2.28920        2.07550
C          0.06100        2.50630        2.63530
C          1.01080        1.69650        2.05780
C          0.33240        0.93160        1.07270
C          0.66130       -0.05470        0.13210
O          1.95280       -0.52710        0.02220
C          2.72410        0.34990       -0.80060
H         -2.29990       -3.03740       -4.65970
H         -1.38540       -4.54960       -4.61080
H         -2.59250       -4.25140       -3.35380
H          0.85970       -2.05960       -1.71050
H         -3.70500       -0.27520       -1.12830
H         -3.30850       -2.05290       -2.74710
H          0.08640        3.25170        3.41830
H          2.06000        1.65650        2.31300
H          3.70440       -0.11140       -0.95280
H          2.25940        0.48980       -1.78300
H          2.87820        1.31720       -0.31150

