HF BASIS=def2-svp cutoff=1.0e-9 denserms=1.0e-6  zmake GRADIENT DIPOLE CHARGE=0

C          0.29050        4.20740        0.66750
N         -0.50550        3.12670        0.11030
C         -1.19820        3.38380       -1.05380
O         -1.14170        4.44890       -1.66520
N         -1.93620        2.36660       -1.57350
C         -1.76680        1.04700       -1.27780
O         -2.10350        0.19390       -2.09810
C         -1.21370        0.73640        0.10680
C         -2.44050        0.66810        1.04160
C         -0.37780       -0.55990        0.01840
C         -0.71340       -1.72000        0.62320
C          0.09080       -2.98510        0.55680
O         -0.64940       -3.91540       -0.22630
C          1.48450       -2.80100       -0.04370
C          1.45160       -1.84540       -1.23150
C          0.88910       -0.48170       -0.82390
C         -0.33820        1.86320        0.66500
O          0.44560        1.66640        1.59880
H          0.35960        4.11270        1.75560
H         -0.14220        5.18320        0.42800
H          1.29750        4.14890        0.24220
H         -2.30720        2.55440       -2.49570
H         -2.96390        1.63150        1.08580
H         -2.15080        0.41740        2.06900
H         -3.17090       -0.07390        0.69790
H         -1.62160       -1.80700        1.21330
H          0.18920       -3.41220        1.56050
H         -0.92890       -3.45240       -1.03550
H          2.16120       -2.39510        0.71880
H          1.89070       -3.76640       -0.36720
H          2.46210       -1.71880       -1.63680
H          0.83960       -2.27190       -2.03610
H          0.70790        0.09290       -1.73910
H          1.65430        0.06060       -0.25510

