HF BASIS=def2-svp cutoff=1.0e-9 denserms=1.0e-6  zmake GRADIENT DIPOLE CHARGE=0

C         -1.58400       -1.56350      -11.08680
C         -1.47600       -0.20090      -10.47410
O         -0.55580        0.57640      -10.68130
O         -2.55410        0.03350       -9.67820
C         -2.57540        1.30370       -9.02080
C         -1.88120        1.18860       -7.69710
C         -2.42010        0.86160       -6.50400
C         -3.86900        0.48710       -6.32180
C         -1.55020        0.84390       -5.32790
C         -1.91890        0.57730       -4.06320
C         -0.97940        0.60080       -2.95840
C         -1.25160        0.44770       -1.64490
C         -2.62720        0.19570       -1.07420
C         -0.13720        0.51280       -0.69600
C         -0.24010        0.63000        0.63740
C          0.90860        0.67440        1.53580
C          1.44290       -0.47000        2.02600
C          0.92760       -1.85110        1.68730
C          2.59310       -0.48240        3.01190
C          3.32260        0.85770        3.11240
C          2.32640        2.00890        3.18480
C          1.41600        2.07580        1.93110
C          0.26160        3.04610        2.26920
C          2.22010        2.67650        0.75600
O          2.00830       -0.81510        4.27530
C          2.85430       -1.62600        5.09520
O          3.00960       -2.92380        4.52170
C          3.84930       -3.78060        5.30190
C          3.21310       -4.01640        6.68150
O          4.05930       -4.82580        7.51740
C          2.85320       -2.70550        7.38170
O          4.06110       -2.12330        7.88640
C          2.13080       -1.73880        6.44890
O          2.03480       -0.45920        7.09410
C          5.33290       -3.36030        5.34300
O          6.11040       -4.13690        6.13350
O          5.80540       -2.44850        4.67530
H         -1.72790       -2.31110      -10.30240
H         -2.41500       -1.58360      -11.79600
H         -0.65880       -1.80090      -11.61750
H         -3.62150        1.60770       -8.90750
H         -2.10760        2.08550       -9.63300
H         -0.81860        1.42030       -7.75360
H         -4.43830        0.49130       -7.25470
H         -4.36540        1.17980       -5.63370
H         -3.95030       -0.52970       -5.91670
H         -0.50280        1.08350       -5.51660
H         -2.95300        0.34040       -3.84140
H          0.05500        0.78510       -3.24940
H         -3.39450        0.03020       -1.83160
H         -2.95540        1.04850       -0.46750
H         -2.61720       -0.70280       -0.44400
H          0.86510        0.47810       -1.12510
H         -1.20500        0.70380        1.13030
H          0.11270       -2.12360        2.36360
H          1.71680       -2.60190        1.78950
H          0.57730       -1.92580        0.65460
H          3.32240       -1.24110        2.70330
H          3.97480        0.98430        2.24240
H          3.96620        0.88480        3.99940
H          1.72120        1.88940        4.09220
H          2.87490        2.95090        3.30530
H          0.64950        4.00180        2.64180
H         -0.35640        3.26890        1.39280
H         -0.39220        2.63100        3.04560
H          3.04030        2.01910        0.44530
H          1.58700        2.84650       -0.12160
H          2.65450        3.64560        1.02980
H          3.81210       -1.11100        5.22010
H          3.86290       -4.74080        4.77330
H          2.28290       -4.57190        6.52520
H          4.28340       -4.26510        8.29450
H          2.23860       -2.90930        8.26510
H          3.82010       -1.20970        8.15320
H          1.10980       -2.10130        6.28510
H          1.62660        0.13210        6.42790
H          5.58000       -4.78180        6.66110

