HF BASIS=def2-svp cutoff=1.0e-9 denserms=1.0e-6  zmake GRADIENT DIPOLE CHARGE=0

C          2.95820       -3.54850        0.52440
C          1.79700       -2.67300        0.87500
C          0.81820       -2.91850        1.77070
C          0.70120       -4.14580        2.62760
C         -0.29630       -1.94020        1.98160
O         -1.32970       -2.22210        2.56900
O          0.00390       -0.72810        1.45730
C         -0.99830        0.31670        1.55210
C         -0.26980        1.58400        2.03210
C          0.32880        2.51030        0.97120
C          1.06740        1.83490       -0.17930
O          2.00500        2.83190       -0.64260
C          2.33180        3.68520        0.36130
O          3.22230        4.51260        0.33150
C          1.38840        3.43810        1.47210
C          1.55600        3.99060        2.67990
C          0.11950        1.45020       -1.33400
C          0.81290        0.83960       -2.54470
C          1.87150        1.53620       -3.32250
C          0.27690       -0.35670       -2.82310
C         -0.75180       -0.65520       -1.86920
C         -0.87660        0.35180       -0.98410
C         -1.79210        0.42950        0.21300
C         -2.89870       -0.64220        0.17630
O         -2.46440        1.69230        0.16030
H          2.93270       -4.52840        1.00380
H          3.89240       -3.05330        0.80680
H          2.97570       -3.71390       -0.55780
H          1.77660       -1.74830        0.29880
H          0.55420       -3.86590        3.67680
H         -0.15360       -4.75140        2.30860
H          1.58920       -4.78080        2.59730
H         -1.70260        0.07810        2.36080
H         -0.98350        2.18200        2.61610
H          0.51430        1.27860        2.73880
H         -0.46560        3.15320        0.56800
H          1.65530        0.96890        0.15280
H          0.86150        3.81120        3.49320
H          2.39590        4.65190        2.88020
H         -0.42090        2.34190       -1.68110
H          2.08210        1.01540       -4.26270
H          2.80560        1.58260       -2.75560
H          1.55670        2.55430       -3.57160
H          0.55190       -1.00840       -3.63960
H         -1.30230       -1.58480       -1.88260
H         -3.58570       -0.51520        1.02150
H         -2.50290       -1.66140        0.20800
H         -3.51390       -0.54350       -0.72660
H         -2.97460        1.71080       -0.66980

