HF BASIS=def2-svp cutoff=1.0e-9 denserms=1.0e-6  zmake GRADIENT DIPOLE CHARGE=0

C          1.90340        5.78580        2.77950
O          0.59270        5.70030        2.19660
C          2.78580        6.70830        1.93870
O          2.26400        8.03220        1.95680
P          2.53950        8.95400        0.67510
O          4.14170        9.00380        0.62100
O          1.95830       10.32830        0.71460
O          2.14330        8.06690       -0.59520
C          2.47090        8.54560       -1.88410
C          2.06360        7.50690       -2.93310
C          0.55230        7.48090       -3.18670
O         -0.16010        7.13540       -1.99330
C         -1.46630        6.80550       -2.18590
O         -2.01770        6.75420       -3.27720
C         -2.12620        6.52880       -0.85370
C         -3.58370        6.10540       -1.03900
C         -4.34390        5.91200        0.27460
C         -3.80950        4.75360        1.12130
C         -4.77720        4.32790        2.22990
C         -4.94480        5.38230        3.32890
C         -6.02420        5.01380        4.35350
C         -5.71010        3.76430        5.12980
C         -6.35910        2.58800        5.11890
C         -7.50270        2.25350        4.30220
C         -8.21820        1.11870        4.35010
C         -8.05230       -0.06760        5.25920
C         -7.81460       -1.35180        4.45880
C         -7.83950       -2.61390        5.32710
C         -6.72840       -2.71490        6.37730
C         -5.29990       -2.72540        5.82640
C         -5.03980       -3.87150        4.86270
O          2.70980        7.79230       -4.18940
C          3.93060        7.21430       -4.36570
O          4.52460        6.54440       -3.53260
C          4.45380        7.49730       -5.75020
C          3.69270        6.71240       -6.81450
C          4.01430        5.21330       -6.78240
C          3.17750        4.45370       -7.81350
C          3.59520        2.99170       -7.99600
C          3.47760        2.14680       -6.72450
C          3.72500        0.66650       -7.03310
C          3.82630       -0.21760       -5.78680
C          2.54480       -0.25420       -4.95420
C          2.66870       -1.24200       -3.79170
C          1.42500       -1.20310       -2.90600
C          1.57870       -2.08310       -1.66580
C          0.41370       -1.85470       -0.70320
C          0.54950       -2.69790        0.56510
C         -0.47670       -2.25990        1.61200
C         -0.35420       -3.00400        2.95110
C         -1.29090       -2.36290        3.97810
C         -0.67190       -4.49390        2.81470
C          2.51110        4.38510        2.82720
O          1.72570        3.55720        3.67910
P          2.13980        2.00920        3.77270
O          3.66470        2.06410        4.26530
O          1.31660        1.17060        4.68940
O          2.24620        1.48520        2.26370
C          2.90860        0.24900        2.03060
C          4.21350        0.51010        1.27200
C          5.12150       -0.72050        1.19700
O          4.35790       -1.93200        1.07960
C          5.12820       -3.05810        1.03770
O          6.34450       -3.06010        0.92310
C          4.26130       -4.28730        1.20360
C          5.11430       -5.50960        1.54940
C          4.32860       -6.64480        2.20680
C          3.21540       -7.26820        1.36340
C          3.71510       -7.85210        0.03980
C          2.75600       -8.87910       -0.57210
C          1.31600       -8.40470       -0.78730
C          1.20410       -7.19460       -1.71840
C         -0.24070       -6.91960       -2.19050
C         -1.17840       -6.62350       -1.01690
C         -0.22710       -5.76500       -3.21350
C         -1.57860       -5.49670       -3.85950
O          3.86940        0.91000       -0.08010
C          3.97760        2.23900       -0.35660
O          4.42840        3.08580        0.40600
C          3.48260        2.53380       -1.75170
C          2.59770        3.78160       -1.77530
C          1.21970        3.56670       -1.13790
C          0.24390        2.88000       -2.09380
C         -1.06620        2.51230       -1.39560
C         -2.02440        1.81020       -2.36110
C         -3.41220        1.54980       -1.76790
C         -3.39590        0.65950       -0.55650
C         -3.58990       -0.66820       -0.50770
C         -3.81130       -1.53060       -1.64430
C         -4.02820       -2.85400       -1.60550
C         -4.06840       -3.76060       -0.40980
C         -5.50210       -4.15410       -0.05730
C         -5.52860       -5.20830        1.04980
C         -6.96270       -5.55570        1.44960
C         -6.99470       -6.64800        2.51760
C         -8.42090       -7.00570        2.90290
H          1.77100        6.19300        3.78870
H          0.11400        5.02650        2.71460
H          3.80120        6.74230        2.34670
H          2.83680        6.33280        0.91180
H          4.46010        9.77460        1.12630
H          3.54900        8.73010       -1.93430
H          1.96850        9.50210       -2.06510
H          2.34100        6.51080       -2.57070
H          0.34580        6.75140       -3.98120
H          0.21100        8.46130       -3.54020
H         -1.56050        5.74000       -0.34810
H         -2.07730        7.44460       -0.25360
H         -4.10780        6.87120       -1.62410
H         -3.62990        5.18240       -1.63020
H         -4.31570        6.84370        0.85110
H         -5.39690        5.72250        0.02910
H         -2.84020        5.02010        1.55860
H         -3.63860        3.88660        0.47510
H         -5.75330        4.08970        1.78920
H         -4.39670        3.39940        2.67190
H         -5.22630        6.34270        2.88450
H         -3.98480        5.53720        3.83620
H         -6.11610        5.83840        5.07250
H         -6.99400        4.95340        3.85000
H         -4.85550        3.85300        5.80020
H         -5.97840        1.81210        5.77920
H         -7.81350        2.99260        3.56620
H         -9.05710        1.04130        3.65750
H         -8.97220       -0.17040        5.84810
H         -7.24010        0.08200        5.97550
H         -6.86790       -1.28490        3.91070
H         -8.59950       -1.45470        3.69810
H         -7.80360       -3.49270        4.67300
H         -8.80630       -2.66710        5.84410
H         -6.88690       -3.63660        6.95220
H         -6.82380       -1.89250        7.09670
H         -4.60620       -2.81310        6.67150
H         -5.07100       -1.77290        5.33560
H         -5.59490       -3.73280        3.93200
H         -3.97710       -3.92290        4.61100
H         -5.32900       -4.83070        5.30150
H          4.36640        8.57520       -5.93150
H          5.52420        7.26250       -5.77670
H          3.96180        7.11100       -7.80000
H          2.61300        6.86000       -6.69280
H          3.81530        4.81210       -5.78260
H          5.08160        5.06610       -6.98720
H          2.11940        4.49640       -7.52740
H          3.26080        4.95300       -8.78720
H          4.62820        2.95340       -8.36450
H          2.96590        2.55470       -8.78120
H          4.20400        2.48990       -5.97900
H          2.47750        2.27610       -6.29490
H          2.92680        0.28940       -7.68450
H          4.66250        0.56790       -7.59440
H          4.07380       -1.23660       -6.11030
H          4.66070        0.12630       -5.16350
H          2.33450        0.74490       -4.55640
H          1.69590       -0.53590       -5.58800
H          3.55280       -0.99020       -3.19310
H          2.81650       -2.25820       -4.17790
H          0.54600       -1.52150       -3.48030
H          1.24350       -0.17100       -2.58980
H          2.51950       -1.84240       -1.15780
H          1.62870       -3.13790       -1.95830
H          0.37560       -0.79080       -0.43520
H         -0.53350       -2.09340       -1.20100
H          0.41580       -3.75390        0.30650
H          1.55730       -2.59340        0.98020
H         -0.35040       -1.18490        1.79610
H         -1.48700       -2.39020        1.20780
H          0.67330       -2.90230        3.32290
H         -2.33280       -2.40130        3.64110
H         -1.22540       -2.87570        4.94390
H         -1.02850       -1.31170        4.14000
H         -1.66500       -4.64980        2.37840
H         -0.65090       -4.98680        3.79310
H          0.06220       -5.00030        2.18080
H          2.50010        3.95310        1.82320
H          3.53860        4.42120        3.20240
H          3.69340        1.92450        5.23210
H          2.22780       -0.35740        1.42920
H          3.09420       -0.27060        2.97650
H          4.78280        1.30640        1.76480
H          5.80380       -0.63280        0.34330
H          5.70200       -0.78100        2.12470
H          3.55970       -4.09130        2.02290
H          3.69700       -4.45230        0.28030
H          5.90760       -5.21790        2.24900
H          5.62710       -5.86660        0.64820
H          5.03680       -7.43320        2.49170
H          3.89040       -6.27840        3.14370
H          2.43390       -6.52330        1.17170
H          2.75140       -8.06220        1.96180
H          3.89630       -7.04130       -0.67680
H          4.68020       -8.34990        0.19730
H          3.17130       -9.21480       -1.52970
H          2.73140       -9.76350        0.07670
H          0.74780       -9.24240       -1.21100
H          0.86130       -8.18060        0.18340
H          1.83370       -7.36910       -2.59930
H          1.60050       -6.30260       -1.21770
H         -0.61040       -7.82110       -2.69820
H         -1.18950       -7.44270       -0.29200
H         -0.88170       -5.70920       -0.49330
H         -2.21050       -6.50520       -1.35920
H          0.48840       -6.00140       -4.01070
H          0.12570       -4.84460       -2.73440
H         -1.99800       -6.41090       -4.29230
H         -2.29440       -5.09400       -3.13750
H         -1.47130       -4.75900       -4.66120
H          4.36550        2.68680       -2.38270
H          2.94300        1.66950       -2.14930
H          3.10360        4.59590       -1.24180
H          2.47450        4.11310       -2.81350
H          1.31440        2.98960       -0.21100
H          0.80590        4.54380       -0.85950
H          0.69530        1.97490       -2.50890
H          0.03650        3.54710       -2.93980
H         -1.53780        3.41720       -0.99740
H         -0.84870        1.85630       -0.54370
H         -2.15050        2.42840       -3.25790
H         -1.58090        0.86290       -2.69170
H         -3.87750        2.50350       -1.48860
H         -4.06080        1.13380       -2.54730
H         -3.23040        1.17420        0.38920
H         -3.57200       -1.13310        0.47550
H         -3.80920       -1.06130       -2.62710
H         -4.19190       -3.35620       -2.55860
H         -3.48700       -4.65840       -0.64860
H         -3.58210       -3.31270        0.46270
H         -6.01530       -4.54740       -0.94420
H         -6.05650       -3.26370        0.26600
H         -4.97780       -4.84180        1.92360
H         -5.01340       -6.11290        0.70420
H         -7.51980       -5.89100        0.56620
H         -7.46660       -4.65680        1.82670
H         -6.45300       -6.31500        3.41000
H         -6.48680       -7.54610        2.14700
H         -8.42320       -7.80290        3.65240
H         -8.98650       -7.35590        2.03350
H         -8.94210       -6.14010        3.32580

