HF BASIS=def2-svp cutoff=1.0e-9 denserms=1.0e-6  zmake GRADIENT DIPOLE CHARGE=0

O          1.46590        2.33930        9.66590
C          1.20790        1.52240        8.60480
C         -0.07650        1.39080        8.08810
C         -0.29490        0.54160        6.99970
C          0.76700       -0.17270        6.41960
C          2.05300       -0.02490        6.96410
C          2.27230        0.82130        8.05320
C          0.52940       -1.09160        5.29720
C          0.47370       -0.70450        3.93610
C          0.68220        0.70760        3.51700
O          0.93490        1.63580        4.28060
C          0.59280        1.04470        2.06900
O          0.79820        2.38480        1.75550
C          0.34390        0.11850        1.12360
C          0.15820       -1.29830        1.54300
C         -0.08700       -2.29550        0.58060
C         -0.26360       -3.62470        0.95100
C         -0.19790       -3.98070        2.29160
C          0.04400       -3.01320        3.27450
C          0.10290       -3.39290        4.61730
C          0.34030       -2.44740        5.61070
C          0.22790       -1.65330        2.91220
C          0.24300        0.55710       -0.28430
C         -0.95550        0.96060       -0.74720
O         -2.09930        0.93990        0.04460
C         -1.15420        1.44660       -2.14100
O         -2.29660        1.77690       -2.44780
C          0.01790        1.49210       -3.05570
C         -0.09970        1.94660       -4.39160
C          1.05050        1.94760       -5.19700
C          2.27820        1.51500       -4.70410
C          2.39740        1.06780       -3.38620
C          1.26070        1.05040       -2.53670
C          1.41280        0.59290       -1.20500
C          2.67850        0.16890       -0.75860
C          3.78350        0.19100       -1.60340
C          3.64240        0.63830       -2.91050
C         -1.34610        2.42440       -5.00650
C         -1.75400        3.76080       -4.85790
C         -2.92330        4.22410       -5.46720
C         -3.68480        3.35130       -6.23650
O         -4.83210        3.76150       -6.84910
C         -3.29770        2.02830       -6.40580
C         -2.13130        1.56540       -5.79310
H          0.64500        2.80090        9.90250
H         -0.91380        1.93610        8.51060
H         -1.30060        0.44490        6.59640
H          2.89420       -0.56520        6.53640
H          3.27070        0.93660        8.46410
H          0.93710        2.81780        2.62640
H         -0.15060       -2.05270       -0.47770
H         -0.45690       -4.38030        0.19370
H         -0.34180       -5.02500        2.56290
H         -0.03870       -4.43170        4.90880
H          0.37650       -2.77440        6.64960
H         -2.80240        1.30220       -0.53820
H          0.99040        2.29410       -6.22860
H          3.14220        1.53490       -5.36600
H          2.82710       -0.18230        0.25980
H          4.75400       -0.13750       -1.23970
H          4.51820        0.65060       -3.55650
H         -1.16330        4.44670       -4.25440
H         -3.21890        5.25840       -5.32690
H         -5.00410        4.68160       -6.59090
H         -3.90400        1.35740       -7.00630
H         -1.84010        0.52630       -5.92720

