HF BASIS=def2-svp cutoff=1.0e-9 denserms=1.0e-6  zmake GRADIENT DIPOLE CHARGE=0

C         -1.44990        2.22510       -1.48950
C         -2.40550        2.83130       -0.47640
C         -2.68240        1.88400        0.64610
O         -3.09830        2.52660        1.86030
C         -1.82520        1.86370        1.88720
C         -1.76970        0.65230        2.76880
C         -1.44260        0.97560        4.20100
C         -0.43990        0.47910        4.94500
C          0.56750       -0.56130        4.54600
C          1.88880        0.06340        4.20200
C          2.56120       -0.01050        3.04090
C          2.16470       -0.74800        1.79280
C          1.86900        0.22580        0.64970
C          1.52500       -0.47420       -0.66930
C          0.20820       -1.25400       -0.61400
C         -0.27090       -1.72860       -1.98980
C          0.66390       -2.75720       -2.63530
C          0.10670       -3.30620       -3.94930
C          0.16130       -2.30550       -5.07330
O         -0.52830       -2.72620       -6.15220
O          0.75090       -1.23930       -5.09320
H         -0.48340        2.00120       -1.02770
H         -1.28000        2.91930       -2.31810
H         -1.85120        1.29260       -1.89970
H         -3.35030        3.08040       -0.97240
H         -1.98300        3.77050       -0.10000
H         -3.20930        0.98960        0.34160
H         -0.92630        2.46560        1.91650
H         -1.03880       -0.03820        2.33860
H         -2.73440        0.12990        2.75300
H         -2.09750        1.71610        4.66080
H         -0.33920        0.85120        5.96420
H          0.17970       -1.19240        3.74350
H          0.71620       -1.23690        5.39750
H          2.34630        0.64070        5.00560
H          3.51450        0.51500        2.98040
H          1.30320       -1.39550        1.97070
H          2.99260       -1.40880        1.50840
H          1.04910        0.89760        0.93160
H          2.74750        0.86160        0.47940
H          1.45780        0.28990       -1.45330
H          2.34840       -1.14220       -0.94670
H         -0.57220       -0.61480       -0.18440
H          0.30920       -2.12050        0.04920
H         -0.39470       -0.86170       -2.64880
H         -1.26570       -2.17540       -1.86880
H          1.65170       -2.31650       -2.80990
H          0.80320       -3.59460       -1.94080
H          0.70370       -4.17230       -4.25620
H         -0.93060       -3.62980       -3.80980
H         -0.40500       -2.00790       -6.80780

