HF BASIS=def2-svp cutoff=1.0e-9 denserms=1.0e-6  zmake GRADIENT DIPOLE CHARGE=0

C          0.44430       -3.27720       -2.03590
C         -0.94550       -2.82560       -1.67020
C         -1.65240       -3.73020       -0.69910
C         -1.45450       -1.68780       -2.18220
C         -2.81980       -1.09750       -1.94840
C         -2.80380        0.18380       -1.09960
C         -2.64380       -0.06200        0.39280
C         -3.73530       -0.24450        1.15810
C         -1.21390       -0.06170        0.93180
C         -0.99910       -0.88230        2.21600
C          0.48560       -0.94190        2.58010
C          1.18050        0.38110        2.44920
C          0.65500        1.44470        1.81320
C          1.39380        2.76340        1.72820
C          1.98770        3.06400        0.34290
C          3.11860        2.13940       -0.02720
C          3.11410        1.14510       -0.93680
C          1.93110        0.73140       -1.76740
C          4.35180        0.32010       -1.17530
C         -0.70760        1.38120        1.15590
H          0.92320       -2.60730       -2.75780
H          0.41270       -4.27660       -2.48210
H          1.07820       -3.31270       -1.14380
H         -1.03180       -3.88320        0.19050
H         -2.60990       -3.33570       -0.35290
H         -1.83840       -4.70530       -1.16080
H         -0.83380       -1.10530       -2.86300
H         -3.51940       -1.82590       -1.52680
H         -3.22730       -0.84520       -2.93630
H         -2.02850        0.87240       -1.45700
H         -3.75390        0.70940       -1.26850
H         -4.73360       -0.23230        0.72980
H         -3.67660       -0.40680        2.22880
H         -0.57570       -0.52170        0.16660
H         -1.38150       -1.90290        2.09480
H         -1.54670       -0.43030        3.05340
H          0.58570       -1.30440        3.60950
H          0.99640       -1.66570        1.93370
H          2.17130        0.44870        2.89290
H          0.69890        3.56820        2.00020
H          2.19440        2.79880        2.47910
H          2.39320        4.08410        0.35720
H          1.20360        3.07940       -0.41910
H          4.03750        2.32610        0.52850
H          2.16510        0.83270       -2.83230
H          1.03160        1.31780       -1.57300
H          1.68330       -0.31600       -1.56710
H          4.66510        0.40130       -2.22130
H          5.19260        0.64010       -0.55100
H          4.15400       -0.73340       -0.95140
H         -1.41580        1.93870        1.78310
H         -0.67260        1.89540        0.18920

