HF BASIS=def2-svp cutoff=1.0e-9 denserms=1.0e-6  zmake GRADIENT DIPOLE CHARGE=0

C         -1.19980       -0.98740        0.87260
C         -2.15600       -1.28060        1.76790
C         -3.36910       -2.07980        1.51100
C         -4.33160       -2.17040        2.53050
C         -5.50160       -2.91420        2.34980
C         -5.71790       -3.57630        1.14910
O         -6.87360       -4.28530        1.01340
C         -4.78140       -3.50850        0.12560
C         -3.61070       -2.76110        0.30870
C         -0.04300       -0.14590        1.27630
O          0.09270        0.27480        2.43180
C          0.98540        0.17120        0.25150
C          2.24060        0.48300        0.64870
O          2.70260        0.36330        1.95610
C          3.25740        1.07550       -0.32910
O          4.56710        0.58180       -0.01040
C          3.19680        2.65700       -0.27890
O          1.80320        3.00840       -0.44530
C          1.36610        4.31740       -0.06070
C          1.78410        5.34770       -1.11930
O          1.15960        5.04860       -2.36520
C          1.82480        4.63850        1.36240
O          1.37880        3.61000        2.26020
S         -0.04720        3.77330        3.01060
O         -0.09490        2.44710        3.91910
O          0.05710        4.91520        3.88840
O         -1.08850        3.64960        2.02000
C          3.34860        4.60360        1.39980
O          3.84340        4.91520        2.71210
C          3.86520        3.21660        1.00450
O          5.28620        3.30580        0.82780
C          2.99680        0.55800       -1.73500
O          4.13070        0.38410       -2.52450
C          1.78860        0.14740       -2.16120
C          1.43220       -0.48570       -3.48560
O          2.46550       -0.31570       -4.47310
C          1.10530       -2.00540       -3.41400
O         -0.13960       -2.23890       -2.72530
C         -0.57340       -3.59730       -2.83970
C          0.43820       -4.56400       -2.23010
O          0.02360       -5.91680       -2.43460
C          1.81700       -4.34900       -2.86860
O          2.77980       -5.15050       -2.15990
C          2.22250       -2.87060       -2.78820
O          2.43040       -2.55430       -1.39800
C          0.65940        0.30190       -1.19830
O         -0.48180        0.52480       -1.58390
H         -1.23850       -1.33270       -0.15200
H         -2.06760       -0.89620        2.78250
H         -4.18820       -1.65670        3.47930
H         -6.24340       -2.97230        3.14170
H         -6.88070       -4.69930        0.13470
H         -4.93950       -4.02030       -0.81860
H         -2.90060       -2.72460       -0.51270
H          1.95800        0.09460        2.53790
H          4.54340        0.37780        0.94630
H          3.74350        3.05210       -1.14600
H          0.27280        4.25360       -0.07940
H          2.86060        5.33990       -1.30100
H          1.48220        6.35590       -0.82590
H          1.15940        4.07520       -2.46530
H          1.46040        5.61530        1.70100
H         -0.16760        1.65190        3.33510
H          3.77780        5.36810        0.74420
H          3.27250        4.46710        3.36520
H          3.71840        2.54570        1.85380
H          5.62690        3.79840        1.60240
H          4.88300        0.44230       -1.88700
H          0.55600        0.03430       -3.89130
H          3.27980       -0.04130       -4.00490
H          0.97190       -2.33810       -4.45410
H         -0.76990       -3.83810       -3.89180
H         -1.53480       -3.69010       -2.32450
H          0.50060       -4.40230       -1.14640
H          0.74300       -6.46550       -2.06870
H          1.80230       -4.69960       -3.90800
H          3.55550       -5.24840       -2.74150
H          3.18090       -2.71300       -3.29570
H          2.92150       -3.31580       -1.02660

