HF BASIS=def2-svp cutoff=1.0e-9 denserms=1.0e-6  zmake GRADIENT DIPOLE CHARGE=0

C          4.82840       -5.09100        0.06260
C          4.57280       -3.82460       -0.74780
O          3.15570       -3.66780       -0.85200
C          2.77410       -2.64160       -1.75860
O          3.07670       -3.05290       -3.08710
C          3.43210       -1.27250       -1.44770
O          2.37320       -0.27480       -1.39830
C          2.83340        1.06530       -1.45080
O          2.96510        1.60380       -0.13320
C          1.74140        1.87980        0.56690
C          0.52410        2.20560       -0.32300
O         -0.18390        0.99750       -0.65930
C         -1.61020        1.15310       -0.71440
O         -2.09470        1.61170        0.55550
C         -3.51700        1.80060        0.61830
C         -3.95360        3.02050       -0.18980
C         -4.26250        0.50320        0.26230
O         -5.67620        0.69820        0.22500
C         -3.77010       -0.05560       -1.07850
O         -4.43550       -1.30810       -1.30850
C         -2.24700       -0.21360       -1.05840
O         -1.96720       -1.17900       -0.02110
C         -0.84470       -2.01020       -0.29800
O         -1.17200       -2.92060       -1.34400
C         -1.61500       -4.21800       -0.93820
C         -2.35410       -4.22520        0.40670
O         -3.59040       -3.47930        0.26060
C         -1.52730       -3.61870        1.55940
O         -2.45690       -2.99230        2.47540
C         -1.84580       -2.41980        3.63800
O         -2.46640       -2.95440        4.80080
C         -3.88120       -2.72800        4.88050
C         -4.34040       -1.41850        4.21050
O         -5.57030       -0.94220        4.75580
C         -3.23290       -0.35250        4.26930
O         -2.89750        0.05710        5.60790
C         -1.95920       -0.86910        3.58010
O         -0.79950       -0.23280        4.15810
C         -4.23060       -2.74260        6.36070
O         -4.73080       -3.92250        6.78920
O         -4.05060       -1.82710        7.15430
C         -0.43050       -2.67870        1.02270
O          0.76470       -3.44810        0.87440
C         -0.47550       -5.23510       -1.05310
O         -0.59010       -6.28930       -0.21760
O          0.45540       -5.18910       -1.84630
C          1.03350        2.90240       -1.58790
O         -0.10480        3.33560       -2.34950
C          0.20420        4.20410       -3.44280
O          0.25260        3.42820       -4.63500
C          0.55010        4.22360       -5.79470
C         -0.57030        5.24030       -6.04390
O         -0.26230        6.11140       -7.14180
C         -0.76310        6.10150       -4.79110
O          0.39030        6.94630       -4.60010
C         -0.93190        5.24700       -3.53510
O         -0.92720        6.11840       -2.38910
C          0.68910        3.28370       -6.98100
O         -0.38430        2.48330       -7.17560
O          1.66670        3.17130       -7.70620
C          1.97360        1.97360       -2.37730
O          2.85300        2.82330       -3.16190
C          1.33730        0.84480        1.62060
O          0.58190        1.39680        2.59400
O          1.63090       -0.34020        1.63190
C          4.22330       -1.37900       -0.13010
O          5.00240       -0.20700        0.16670
C          5.21180       -2.55550       -0.16620
O          5.71550       -2.74650        1.16890
H          5.90010       -5.28020        0.18760
H          4.38380       -5.95480       -0.44160
H          4.35430       -5.03330        1.04910
H          4.96950       -3.99170       -1.75680
H          1.68580       -2.54740       -1.70470
H          2.42300       -3.75740       -3.26020
H          4.10190       -0.99980       -2.27370
H          3.84500        1.07160       -1.87260
H          1.99060        2.78800        1.13470
H         -0.14430        2.88200        0.22830
H         -1.85140        1.88250       -1.49390
H         -3.74050        2.03280        1.66650
H         -3.30500        3.87490        0.01780
H         -3.89930        2.84050       -1.26700
H         -4.98620        3.29650        0.04870
H         -4.08080       -0.24000        1.04610
H         -6.03050       -0.09170       -0.22790
H         -4.07900        0.59980       -1.89960
H         -3.92400       -2.00340       -0.83120
H         -1.89410       -0.59200       -2.02440
H         -0.00800       -1.40600       -0.65600
H         -2.33280       -4.52640       -1.71070
H         -2.66610       -5.23810        0.68130
H         -3.87890       -3.30700        1.17840
H         -1.04970       -4.44850        2.09880
H         -0.79260       -2.71380        3.71010
H         -4.39470       -3.57330        4.41070
H         -4.54600       -1.62910        3.15230
H         -5.81090       -0.11200        4.30180
H         -3.57540        0.56270        3.77540
H         -3.50890       -0.37690        6.23840
H         -1.97700       -0.56530        2.53100
H         -1.05940       -0.07700        5.09870
H         -4.83660       -3.78640        7.75400
H         -0.21860       -1.90040        1.75430
H          1.52150       -2.83020        0.94130
H          0.22960       -6.80000       -0.39220
H          1.57280        3.80720       -1.27910
H          1.15900        4.71240       -3.26660
H          1.52270        4.71310       -5.66290
H         -1.50780        4.71760       -6.26740
H         -1.10030        6.49150       -7.46400
H         -1.61530        6.77900       -4.90770
H          0.37790        7.58420       -5.34570
H         -1.90110        4.74040       -3.55520
H         -0.19650        6.74950       -2.55050
H         -0.07000        1.83680       -7.83670
H          1.41900        1.36060       -3.09770
H          3.57270        3.13400       -2.58590
H          0.25240        0.67070        3.18460
H          3.54340       -1.50380        0.71940
H          4.37190        0.53190        0.30480
H          6.09310       -2.29720       -0.76910
H          6.01250       -1.85900        1.45900

