HF BASIS=def2-svp cutoff=1.0e-9 denserms=1.0e-6  zmake GRADIENT DIPOLE CHARGE=0

C         -1.58870        6.41380        0.95160
C         -1.70900        5.19420        0.05870
O         -0.79870        4.19950        0.53580
C         -0.80390        3.03620       -0.17860
O         -1.51490        2.83500       -1.15820
C          0.13990        2.04740        0.35270
C          0.38640        0.77360       -0.14100
C         -0.11360        0.06400       -1.33110
N         -0.88260       -1.05990       -0.85690
C         -2.30930       -1.04850       -1.13750
C         -0.30040       -2.18610       -0.30040
O         -0.93740       -3.21470       -0.07690
C          1.15340       -2.18400        0.05630
C          1.87000       -1.09810        0.60590
C          3.18570       -1.29710        1.07340
C          3.79230       -2.54930        0.96790
C          3.08890       -3.60610        0.41180
F          3.67220       -4.80710        0.31470
C          1.78470       -3.43870       -0.03240
N          1.31630        0.20510        0.70290
C          1.64740        1.17990        1.61500
N          0.95680        2.28270        1.44370
H         -0.56430        6.80040        0.94020
H         -2.26880        7.20530        0.62480
H         -1.81990        6.15530        1.99030
H         -2.73370        4.80800        0.09720
H         -1.45480        5.46490       -0.97220
H          0.71780       -0.30200       -1.94560
H         -0.72960        0.69180       -1.97940
H         -2.45340       -1.11940       -2.21960
H         -2.73690       -0.11080       -0.77010
H         -2.82620       -1.88200       -0.65500
H          3.77960       -0.48550        1.48860
H          4.81050       -2.70590        1.31250
H          1.25370       -4.30300       -0.42610
H          2.36760        1.02760        2.40780

