HF BASIS=def2-svp cutoff=1.0e-9 denserms=1.0e-6  zmake GRADIENT DIPOLE CHARGE=0

C          0.24360       -4.64060       -0.38590
O         -0.43200       -3.38800       -0.50040
C         -0.66210       -2.94350       -1.84910
C         -1.31040       -1.53680       -1.83740
N         -0.35950       -0.58360       -1.23950
C         -0.33820        0.74660       -1.58770
O         -0.98350        1.19200       -2.53630
C          0.59780        1.61500       -0.74440
C          2.04370        1.50870       -1.22880
C          2.90280        1.51480        0.04290
C          4.02030        2.56210        0.02550
C          5.11440        2.24290       -0.98960
C          6.12320        3.37450       -1.07880
C          1.90430        1.77180        1.16940
N          0.67520        1.14280        0.66650
C         -0.48850        1.58490        1.44010
C         -2.72710       -1.39160       -1.20110
C         -2.83980       -1.82810        0.25310
O         -3.18500       -0.02640       -1.25180
C         -1.43630       -3.98070       -2.67760
O         -2.75040       -4.20440       -2.15620
C         -0.68700       -5.31260       -2.65470
O         -1.48640       -6.30320       -3.32470
C         -0.42960       -5.76100       -1.21310
O          0.30080       -7.00210       -1.25210
S          2.04540       -4.50040       -0.69970
C          2.40750       -3.08390        0.36780
H          0.17580       -4.93600        0.66720
H          0.32300       -2.81880       -2.31830
H         -1.41420       -1.22640       -2.88670
H         -0.03520       -0.76530       -0.29000
H          0.25690        2.65940       -0.79290
H          2.22920        0.58510       -1.79580
H          2.27670        2.34990       -1.89670
H          3.34770        0.52040        0.17210
H          4.46860        2.62790        1.02630
H          3.59080        3.54620       -0.19450
H          4.68100        2.07260       -1.97970
H          5.63480        1.32150       -0.69400
H          5.63160        4.30410       -1.40080
H          6.90270        3.14840       -1.80400
H          6.60220        3.54680       -0.11060
H          2.23120        1.32050        2.12050
H          1.77680        2.85480        1.33780
H         -0.62700        2.67400        1.41040
H         -1.40690        1.11370        1.06650
H         -0.38050        1.28320        2.48770
H         -3.45060       -1.95370       -1.79540
H         -2.72410       -2.90520        0.36700
H         -3.81850       -1.55360        0.65400
H         -2.09980       -1.32640        0.88250
H         -2.72650        0.41350       -1.99980
H         -1.56370       -3.63730       -3.70920
H         -3.07580       -5.00770       -2.60320
H          0.25470       -5.23750       -3.21000
H         -1.03940       -7.15880       -3.13350
H         -1.39430       -6.00090       -0.74420
H          0.87740       -7.03920       -0.46800
H          2.13710       -2.15280       -0.14050
H          1.86010       -3.15600        1.31130
H          3.47680       -3.06560        0.59210

