HF BASIS=def2-svp cutoff=1.0e-9 denserms=1.0e-6  zmake GRADIENT DIPOLE CHARGE=0

O         -0.50940       -2.63870       -0.95540
C         -1.05830       -2.55310        0.28450
O         -1.48730       -3.51680        0.89840
C         -1.02960       -1.12070        0.81660
N         -0.78450       -0.19170       -0.32320
C         -0.48420        1.18350        0.17910
C          0.12110        2.02740       -0.95260
C          1.43210        1.49490       -1.54150
C          2.59390        1.27260       -0.56530
C          3.16770        2.54740        0.06500
C          2.42570        3.00300        1.28800
C          1.88570        4.21940        1.43350
C         -1.75530        1.88910        0.67310
O         -2.88340        1.42770        0.08430
O         -1.81070        2.80410        1.47760
H         -0.24190       -1.71980       -1.20300
H         -1.98880       -0.90300        1.29490
H         -0.21320       -1.06550        1.54390
H         -1.67700       -0.10400       -0.83400
H          0.20800        1.12190        1.02460
H         -0.60730        2.10830       -1.77210
H          0.26690        3.05730       -0.60890
H          1.23030        0.54370       -2.05020
H          1.76020        2.18620       -2.32830
H          2.31700        0.54490        0.20630
H          3.40300        0.80260       -1.14040
H          3.22830        3.34430       -0.68570
H          4.19860        2.33870        0.37830
H          2.35440        2.29680        2.11320
H          1.94160        4.96860        0.64990
H          1.36780        4.49200        2.34870
H         -3.59330        1.98580        0.47000

