HF BASIS=def2-svp cutoff=1.0e-9 denserms=1.0e-6  zmake GRADIENT DIPOLE CHARGE=0

O         -0.54410        5.91250        2.58910
C         -0.62800        4.72590        1.78400
C         -0.23210        3.51910        2.63190
O         -1.19750        3.37730        3.68490
C         -0.17230        2.25330        1.75130
O          0.34090        1.18750        2.56040
C          0.23300       -0.09480        2.10100
C          0.69370       -1.06980        2.99270
C          0.63900       -2.42040        2.65590
O          1.09210       -3.31090        3.59020
C          0.13090       -2.81000        1.41620
C          0.00530       -4.23010        1.04070
O          0.39590       -5.10490        1.80990
C         -0.67100       -4.52950       -0.26540
C         -0.34720       -3.40070       -1.23450
O         -0.81030       -2.13680       -0.72690
C         -0.30640       -1.84100        0.51340
C         -0.27090       -0.48680        0.85920
C         -0.99800       -3.64930       -2.58240
C         -0.24220       -4.18340       -3.63820
C         -0.83460       -4.43870       -4.87620
C         -2.18340       -4.16620       -5.06500
O         -2.71910       -4.43190       -6.29000
C         -2.95470       -3.64210       -4.03410
C         -2.36230       -3.38680       -2.79480
O          0.70410        2.46000        0.63370
C          0.29350        3.54340       -0.21100
C          0.25750        4.87200        0.54700
O         -0.29800        5.93250       -0.24300
C          1.32800        3.65120       -1.32530
O          2.19140        2.60790       -1.34750
O          1.38300        4.58350       -2.11550
H         -0.69380        6.65620        1.96960
H         -1.68270        4.64650        1.49010
H          0.73810        3.69210        3.11390
H         -1.23420        4.25290        4.12020
H         -1.18680        2.00570        1.41000
H          1.08820       -0.77480        3.96270
H          0.97560       -4.22070        3.23360
H         -0.29960       -5.48650       -0.64820
H         -1.74660       -4.61590       -0.07260
H          0.73960       -3.31520       -1.38250
H         -0.63090        0.23170        0.13110
H          0.81490       -4.40610       -3.50870
H         -0.24540       -4.84970       -5.69150
H         -3.65800       -4.18440       -6.27900
H         -4.00950       -3.42760       -4.17300
H         -2.97310       -2.97670       -1.99260
H         -0.66680        3.29910       -0.68050
H          1.26350        5.18620        0.85260
H          0.25910        6.02640       -1.04690
H          1.99560        2.01050       -0.58730

