HF BASIS=def2-svp cutoff=1.0e-9 denserms=1.0e-6  zmake GRADIENT DIPOLE CHARGE=0

C         -1.01990       -3.52990        2.47130
C         -1.86450       -2.28630        2.81520
C         -1.00470       -0.97350        2.72080
C         -0.13900       -0.81690        1.41850
C         -0.97590       -0.91170        0.13010
C         -0.16070       -0.75470       -1.14590
C          0.59450        0.58510       -1.14980
C          1.09470        1.03100       -2.59840
C         -0.20370        1.48760       -3.35700
C          1.75950       -0.10290       -3.41350
C          2.01300        0.25890       -4.87370
C          2.31790        1.72530       -5.08170
O          2.18250        2.22100       -6.20280
C          2.88380        2.52120       -3.89980
C          4.38160        2.14560       -3.85600
C          2.79950        4.02970       -4.22200
C          2.08030        2.25740       -2.55500
C          3.02560        2.24980       -1.33780
C          2.30360        2.01630       -0.01860
C          1.60080        0.63720        0.05070
C          2.68570       -0.47260       -0.06870
C          0.80750        0.44790        1.46760
C          1.85130        0.24680        2.61480
C         -0.04450        1.69920        1.84320
C         -0.89870        1.54400        3.10960
C         -1.82500        0.30690        3.10200
C         -3.03290        0.61690        2.18380
C         -2.37480        0.10390        4.53740
C         -3.25540       -1.13910        4.65190
C         -2.52490       -2.42490        4.22910
C         -3.52460       -3.58980        4.29940
O         -1.51050       -2.66020        5.21480
H         -0.12300       -3.59160        3.09630
H         -1.58780       -4.45510        2.59780
H         -0.69650       -3.52280        1.42690
H         -2.67060       -2.23430        2.07410
H         -0.26300       -1.09520        3.52350
H          0.53170       -1.68490        1.39680
H         -1.75500       -0.15260        0.10460
H         -1.49470       -1.87450        0.08110
H         -0.85640       -0.81510       -1.98890
H          0.52420       -1.60220       -1.25440
H         -0.15750        1.34570       -0.90100
H         -0.00120        2.01050       -4.29450
H         -0.79020        2.18960       -2.75240
H         -0.84870        0.63720       -3.59960
H          1.15440       -1.01570       -3.40010
H          2.72130       -0.37380       -2.97490
H          2.84570       -0.33230       -5.26900
H          1.12190        0.02050       -5.46650
H          4.53160        1.09660       -3.58010
H          4.84790        2.27800       -4.84060
H          4.94210        2.77230       -3.15430
H          3.36710        4.28320       -5.12520
H          3.20000        4.63360       -3.40030
H          1.76190        4.33800       -4.39630
H          1.43270        3.13280       -2.39030
H          3.81660        1.50370       -1.44910
H          3.53040        3.22250       -1.27550
H          3.03260        2.12090        0.79220
H          1.57880        2.82870        0.10510
H          2.29110       -1.47210        0.13020
H          3.15030       -0.51570       -1.05040
H          3.50910       -0.29960        0.63340
H          2.59150        1.05200        2.63200
H          2.38440       -0.70440        2.51660
H          1.40240        0.22920        3.61040
H          0.61320        2.55980        2.01480
H         -0.70080        1.98220        1.01590
H         -1.49740        2.45590        3.23900
H         -0.24040        1.51450        3.98590
H         -3.59160       -0.27760        1.89830
H         -3.73960        1.28820        2.68780
H         -2.74870        1.14080        1.26920
H         -1.54300        0.02070        5.24950
H         -2.95250        0.98200        4.85370
H         -3.57480       -1.22290        5.69920
H         -4.16670       -1.00710        4.05680
H         -4.02170       -3.61260        5.27670
H         -3.03220       -4.56190        4.20070
H         -4.29440       -3.50450        3.52580
H         -1.16910       -3.56210        5.09520

