HF BASIS=def2-svp cutoff=1.0e-9 denserms=1.0e-6  zmake GRADIENT DIPOLE CHARGE=0

C         -1.35250        3.08680       -5.39280
C         -0.58350        2.75040       -4.12410
C         -0.18690        1.27400       -4.08790
C          0.67880        0.90670       -2.87930
C         -0.06340        1.01480       -1.54560
C          0.81070        0.53560       -0.38420
C          0.06540        0.63250        0.94870
C          0.94340        0.16020        2.11160
C          0.22550        0.25580        3.45700
C         -0.84030       -0.80500        3.64460
O         -0.98200       -1.79290        2.93000
N         -1.61600       -0.63220        4.76280
C         -2.83580       -1.40250        4.98930
C         -2.65340       -2.85970        5.41610
O         -1.69200       -3.53800        4.75210
O         -3.38850       -3.41120        6.22600
H         -0.74930        2.88470       -6.28360
H         -1.62450        4.14690       -5.40090
H         -2.27350        2.49910       -5.45990
H          0.31340        3.37810       -4.07120
H         -1.20810        2.99960       -3.26000
H         -1.08660        0.64680       -4.10060
H          0.37720        1.03380       -4.99760
H          1.02820       -0.12500       -3.01100
H          1.57240        1.54230       -2.85960
H         -0.36110        2.05330       -1.36350
H         -0.98070        0.41530       -1.58590
H          1.11620       -0.50320       -0.55800
H          1.72520        1.13940       -0.33990
H         -0.24240        1.67090        1.12180
H         -0.84900        0.03050        0.89770
H          1.84310        0.78640        2.15280
H          1.27840       -0.86840        1.93210
H          0.95850        0.12010        4.26120
H         -0.22550        1.24720        3.57770
H         -1.51820        0.23240        5.28180
H         -3.43660       -1.38800        4.07370
H         -3.38420       -0.88520        5.78330
H         -1.31340       -3.01730        4.00260

