HF BASIS=def2-svp cutoff=1.0e-9 denserms=1.0e-6  zmake GRADIENT DIPOLE CHARGE=0

C          4.26470       -2.24930        3.78090
C          4.62140       -0.77530        4.02170
O          4.33800        0.04200        2.86750
C          5.25630       -0.01100        1.86490
O          6.24810       -0.72660        1.86200
C          4.89150        0.97210        0.77910
C          5.24100        0.43260       -0.60450
C          4.83820        1.41810       -1.70280
C          5.19550        0.88410       -3.08900
C          4.67050        1.73860       -4.24860
C          5.23760        3.16000       -4.30280
C          4.31760        4.19620       -3.67250
C          4.73140       -3.13890        4.94710
O          3.84510       -3.03390        6.08140
C          4.15740       -2.11650        7.03210
O          5.12990       -1.37710        7.00590
C          3.11540       -2.11860        8.12280
C          1.80420       -1.47230        7.67700
C          1.91530        0.05010        7.56080
C          0.57610        0.74300        7.28080
C         -0.12800        0.34940        5.97720
C          0.71320        0.61940        4.72980
C         -0.06870        0.33400        3.44490
C          0.83470        0.47770        2.22010
C          0.12910        0.06890        0.92770
C          1.09440        0.14150       -0.25760
C          0.46500       -0.41650       -1.53330
C          1.43090       -0.31300       -2.71420
C          0.91620       -0.98380       -3.99040
C         -0.40900       -0.44850       -4.53970
C         -0.37600        1.04710       -4.86030
C         -1.68030        1.50230       -5.51890
C         -1.65310        3.00330       -5.81710
C         -2.88810        3.49870       -6.57510
C         -4.18010        3.38310       -5.76510
C         -5.36110        4.01800       -6.49880
C         -6.64280        3.90560       -5.68760
O          2.82440       -2.34190        3.64650
C          2.34430       -3.50670        3.12800
O          3.03190       -4.39100        2.64020
C          0.84130       -3.53880        3.28600
C          0.23710       -4.91440        2.99970
C         -0.03360       -5.18080        1.51340
C         -1.24350       -4.39960        0.99060
C         -1.56430       -4.75490       -0.46310
C         -2.85290       -4.09670       -0.97170
C         -2.74690       -2.57490       -1.07960
C         -4.03560       -1.95090       -1.61530
C         -3.92270       -0.42550       -1.66330
C         -5.19420        0.21210       -2.22270
C         -5.08360        1.73110       -2.39030
C         -4.84050        2.53680       -1.10070
C         -5.94210        2.32520       -0.06270
C         -4.72610        4.02580       -1.43800
H          4.73360       -2.58090        2.84740
H          5.67250       -0.65070        4.30810
H          4.00800       -0.35830        4.82440
H          5.42100        1.90920        0.98200
H          3.81660        1.17590        0.82580
H          6.31810        0.23410       -0.66480
H          4.73630       -0.52840       -0.76150
H          5.35180        2.37000       -1.52910
H          3.76100        1.61040       -1.64490
H          6.28540        0.78900       -3.17260
H          4.78470       -0.12710       -3.20200
H          4.95690        1.22600       -5.17670
H          3.57450        1.75860       -4.23570
H          5.37190        3.43910       -5.35550
H          6.22910        3.20340       -3.83720
H          4.77220        5.18980       -3.73730
H          4.12150        3.98570       -2.61910
H          3.35750        4.23210       -4.19590
H          4.68880       -4.19080        4.64590
H          5.77280       -2.93990        5.22550
H          2.94320       -3.16010        8.41910
H          3.52750       -1.61290        9.00300
H          1.02960       -1.71820        8.41400
H          1.48420       -1.89820        6.71980
H          2.30740        0.45070        8.50460
H          2.64450        0.31940        6.78940
H         -0.10690        0.54420        8.11550
H          0.74560        1.82700        7.27550
H         -0.41310       -0.70890        6.01000
H         -1.06340        0.91910        5.91050
H          1.60670       -0.01250        4.75010
H          1.05240        1.66200        4.72670
H         -0.48120       -0.67990        3.48480
H         -0.91690        1.02340        3.36230
H          1.71880       -0.15340        2.35280
H          1.18890        1.51240        2.13990
H         -0.25430       -0.95340        1.02650
H         -0.73240        0.72350        0.74750
H          1.39930        1.18250       -0.41720
H          2.00230       -0.43060       -0.02870
H          0.20220       -1.46730       -1.37310
H         -0.46120        0.12720       -1.74840
H          2.37980       -0.79210       -2.44260
H          1.66230        0.74020       -2.90980
H          0.80380       -2.05940       -3.80560
H          1.68640       -0.88480       -4.76580
H         -1.21870       -0.65970       -3.83250
H         -0.64710       -1.00680       -5.45410
H         -0.22150        1.62420       -3.94110
H          0.46700        1.26220       -5.52800
H         -2.51780        1.26470       -4.85420
H         -1.83660        0.94550       -6.45000
H         -0.76620        3.23250       -6.42100
H         -1.55020        3.56340       -4.87960
H         -2.72480        4.55050       -6.84200
H         -2.98970        2.94700       -7.51720
H         -4.40700        2.32850       -5.57290
H         -4.04860        3.87500       -4.79320
H         -5.50380        3.52830       -7.46900
H         -5.15280        5.07600       -6.69610
H         -6.54070        4.41020       -4.72210
H         -7.47480        4.36770       -6.22830
H         -6.89910        2.85820       -5.50210
H          0.40680       -2.76470        2.65020
H          0.62660       -3.28900        4.33270
H         -0.70610       -5.00850        3.55120
H          0.89920       -5.69910        3.38430
H         -0.22740       -6.25350        1.39010
H          0.85390       -4.94540        0.91520
H         -1.04770       -3.32700        1.07120
H         -2.11640       -4.61790        1.61790
H         -1.67970       -5.84180       -0.55020
H         -0.72360       -4.47220       -1.10810
H         -3.08430       -4.50900       -1.96120
H         -3.68740       -4.36670       -0.31380
H         -1.91910       -2.31870       -1.74880
H         -2.52390       -2.14020       -0.09980
H         -4.24240       -2.33990       -2.61960
H         -4.87900       -2.23590       -0.97530
H         -3.06680       -0.13960       -2.28670
H         -3.72660       -0.05110       -0.65270
H         -6.05130       -0.03870       -1.58840
H         -5.40510       -0.22110       -3.20920
H         -4.26780        1.93930       -3.09190
H         -6.00290        2.08900       -2.87230
H         -3.88580        2.22950       -0.65830
H         -5.78220        2.96920        0.80960
H         -6.92850        2.55760       -0.47680
H         -5.95610        1.29210        0.29810
H         -4.51140        4.61330       -0.53900
H         -3.91480        4.20220       -2.15240
H         -5.65390        4.40690       -1.87800

