HF BASIS=def2-svp cutoff=1.0e-9 denserms=1.0e-6  zmake GRADIENT DIPOLE CHARGE=0

C          1.35270       -3.66430        0.81210
C          0.86670       -2.35770        0.16440
C          1.86120       -1.24540        0.50690
C          1.60090        0.04820       -0.29180
C          2.48600        1.14230        0.35460
C          2.04940       -0.13210       -1.75890
C          0.11760        0.42830       -0.26890
C         -0.89230       -0.47950        0.11580
C         -2.23200       -0.01930        0.13410
C         -2.60080        1.28160       -0.24630
C         -4.05250        1.67090       -0.20050
C         -1.59790        2.15510       -0.67490
C         -0.26310        1.72510       -0.68570
C         -1.91310        3.53840       -1.13630
C         -0.95410        4.64390       -0.77480
O         -2.91720        3.76080       -1.80740
C         -0.59400       -1.93660        0.54080
C         -0.84880       -2.04680        2.06290
C         -1.55950       -2.91270       -0.18440
H          2.33380       -3.94220        0.40990
H          1.46620       -3.56470        1.89640
H          0.67800       -4.49990        0.61050
H          0.90430       -2.52550       -0.92020
H          2.88640       -1.59080        0.31550
H          1.81530       -1.03820        1.58460
H          2.49550        2.07200       -0.22380
H          3.52810        0.80920        0.42960
H          2.13940        1.38610        1.36590
H          1.42210       -0.85150       -2.29610
H          1.99530        0.81140       -2.31480
H          3.08630       -0.48240       -1.81500
H         -3.02430       -0.69000        0.46330
H         -4.63880        0.95400        0.38480
H         -4.17950        2.64590        0.28080
H         -4.47040        1.69840       -1.21150
H          0.50020        2.40700       -1.05260
H         -1.51850        5.56970       -0.62790
H         -0.23030        4.78220       -1.58170
H         -0.43520        4.42600        0.16270
H         -0.17900       -1.39600        2.63510
H         -1.87330       -1.75750        2.32560
H         -0.71730       -3.07210        2.42390
H         -2.60640       -2.75610        0.09530
H         -1.48990       -2.79850       -1.27270
H         -1.34070       -3.95740        0.05610

