HF BASIS=def2-svp cutoff=1.0e-9 denserms=1.0e-6  zmake GRADIENT DIPOLE CHARGE=0

N          1.89970        3.06780       -3.41240
C          0.86680        2.23750       -3.09230
O          0.06480        1.82170       -3.92280
C          0.79920        1.89070       -1.67990
C         -0.14620        1.06610       -1.09580
O         -1.18110        0.38910       -1.59000
N          0.18190        1.03490        0.23780
C          1.29150        1.81690        0.40630
N          1.69450        2.35040       -0.72750
C         -0.54810        0.31010        1.26800
O          0.04370        0.56400        2.55970
C          0.16980       -0.69920        3.25890
C          1.65930       -1.03190        3.39650
O          2.24880       -1.29670        2.12630
C         -0.61610       -1.73120        2.45630
O         -1.98790       -1.73390        2.88800
C         -0.54910       -1.20350        1.03660
O         -1.67540       -1.67550        0.28430
H          2.51780        3.38970       -2.67590
H          2.02050        3.37930       -4.36310
H         -1.21460        0.60910       -2.55000
H          1.76000        1.96350        1.37160
H         -1.56410        0.72370        1.27580
H         -0.25770       -0.55490        4.25720
H          1.79750       -1.91570        4.02680
H          2.19300       -0.18510        3.84040
H          3.20990       -1.37140        2.26850
H         -0.24610       -2.75510        2.55990
H         -2.49410       -2.04550        2.10730
H          0.36250       -1.54170        0.53300
H         -1.66710       -1.16740       -0.55620

