HF BASIS=def2-svp cutoff=1.0e-9 denserms=1.0e-6  zmake GRADIENT DIPOLE CHARGE=0

C         -4.71400        0.12590        2.01280
C         -3.33110        0.38660        1.39680
O         -3.35260        0.40170       -0.03970
C         -3.42690       -0.82760       -0.62940
O         -3.48690       -1.88350       -0.01670
C         -3.37700       -0.66590       -2.13140
C         -3.64950       -1.94610       -2.92070
C         -2.61000       -3.06350       -2.76600
C         -1.18930       -2.65860       -3.16640
C         -0.18660       -3.81390       -3.05390
C          0.07430       -4.22790       -1.60410
C          1.14590       -5.31710       -1.50210
C          1.40440       -5.67780       -0.03710
C          2.36390       -6.85400        0.14830
C          3.79660       -6.54450       -0.29060
C          4.73810       -7.69670        0.06770
C          6.18000       -7.38590       -0.33070
C          7.11700       -8.52370        0.04510
C         -4.58210       -0.12030        3.52120
O         -3.83140        0.95190        4.12150
C         -3.57730        0.79720        5.44990
O         -3.94760       -0.15030        6.12500
C         -2.79910        1.99360        5.95280
C         -2.10570        1.75630        7.29540
C         -0.69400        1.16600        7.18340
C         -0.64270       -0.22430        6.54740
C          0.76750       -0.81690        6.61860
C          0.85020       -2.25380        6.09290
C          0.45060       -2.45160        4.62690
C          1.33160       -1.66900        3.65400
C          0.94120       -1.94440        2.20000
C          1.84500       -1.20070        1.25860
C          1.63710        0.02010        0.73670
C          0.45190        0.91360        0.95870
C          0.77860        2.03000        1.90670
C          0.94200        3.33390        1.62880
C          0.88090        3.99430        0.28120
C          2.18360        4.73520       -0.02330
C          2.15050        5.37390       -1.41220
C          3.43130        6.15970       -1.69070
C          3.43990        6.73570       -3.09620
O         -5.55520        1.29300        1.83780
C         -6.26580        1.36860        0.68130
O         -6.27690        0.52080       -0.19980
C         -7.07410        2.64160        0.65700
C         -7.09830        3.21800       -0.75190
C         -7.78920        4.55250       -0.80490
C         -7.19600        5.75660       -0.73140
C         -5.73960        6.02930       -0.48170
C         -5.01380        6.37050       -1.75010
C         -3.98160        5.71390       -2.30740
C         -3.30530        4.46870       -1.81020
C         -3.39710        3.36860       -2.82860
C         -2.38740        2.64560       -3.34170
C         -0.92830        2.78060       -3.01660
C         -0.07540        2.53440       -4.22590
C          0.87570        1.59750       -4.38270
C          1.31690        0.55380       -3.39810
C          2.74630        0.77450       -2.99270
C          3.81450        0.03630       -3.33640
C          3.84440       -1.15380       -4.25110
C          4.06040       -2.42290       -3.48000
C          5.15830       -3.19790       -3.45610
C          6.46080       -2.95640       -4.16180
C          6.72540       -4.01410       -5.22150
H         -5.20820       -0.74370        1.56670
H         -2.96350        1.37500        1.69450
H         -2.59860       -0.35360        1.74110
H         -4.14780        0.06490       -2.40480
H         -2.40360       -0.24730       -2.39880
H         -4.62820       -2.34560       -2.62890
H         -3.72340       -1.68430       -3.98410
H         -2.62310       -3.42870       -1.73600
H         -2.92600       -3.90830       -3.39120
H         -1.19790       -2.30340       -4.20360
H         -0.83620       -1.82790       -2.54630
H         -0.54230       -4.67500       -3.63240
H          0.75830       -3.49400       -3.51100
H         -0.84770       -4.60170       -1.14770
H          0.38870       -3.35160       -1.02550
H          2.06960       -4.96560       -1.97260
H          0.81690       -6.20810       -2.05000
H          0.45270       -5.93810        0.44140
H          1.79440       -4.80210        0.49420
H          2.36780       -7.12260        1.21300
H          1.98740       -7.72910       -0.39520
H          3.83120       -6.37140       -1.37150
H          4.14050       -5.62550        0.19760
H          4.40570       -8.61280       -0.43650
H          4.69060       -7.88810        1.14680
H          6.51400       -6.46840        0.16650
H          6.24010       -7.21060       -1.41070
H          6.82760       -9.45330       -0.45520
H          8.14290       -8.28340       -0.25130
H          7.10730       -8.69920        1.12530
H         -4.06290       -1.06890        3.69760
H         -5.57700       -0.14870        3.98250
H         -3.52390        2.80830        6.06500
H         -2.06230        2.29360        5.19700
H         -2.71820        1.12520        7.95080
H         -2.01010        2.72490        7.80120
H         -0.05630        1.85270        6.61140
H         -0.26940        1.11610        8.19430
H         -0.95500       -0.15500        5.50000
H         -1.34300       -0.89080        7.06280
H          1.47050       -0.17270        6.07940
H          1.10110       -0.82180        7.66470
H          0.21250       -2.89480        6.71420
H          1.87680       -2.61560        6.23180
H          0.52580       -3.52040        4.39550
H         -0.60110       -2.17970        4.48270
H          2.38310       -1.93790        3.81450
H          1.24030       -0.59580        3.85160
H          1.02420       -3.01640        1.98760
H         -0.10910       -1.68500        2.03390
H          2.77170       -1.71110        1.00110
H          2.40770        0.42790        0.08540
H         -0.39410        0.36010        1.37020
H          0.10910        1.28260       -0.01180
H          0.88140        1.72470        2.94710
H          1.15580        4.00050        2.46450
H          0.04340        4.70200        0.27930
H          0.68900        3.26930       -0.51270
H          2.35540        5.50980        0.73490
H          3.02980        4.03840        0.03480
H          2.02630        4.59080       -2.17000
H          1.28420        6.04090       -1.49280
H          3.52960        6.97560       -0.96480
H          4.30300        5.50790       -1.56440
H          2.58600        7.40050       -3.25610
H          3.39950        5.93910       -3.84490
H          4.35520        7.31180       -3.26360
H         -8.08400        2.41530        1.01760
H         -6.62100        3.36410        1.34290
H         -7.61730        2.53390       -1.43440
H         -6.07750        3.29720       -1.14370
H         -8.86670        4.52130       -0.95680
H         -7.82540        6.64090       -0.82590
H         -5.27590        5.19700        0.05340
H         -5.66210        6.88620        0.20070
H         -5.37030        7.26500       -2.26050
H         -3.56880        6.11960       -3.23140
H         -2.26810        4.72180       -1.57110
H         -3.74880        4.10200       -0.88110
H         -4.40860        3.11630       -3.14840
H         -2.64620        1.84970       -4.04110
H         -0.69880        2.08050       -2.20970
H         -0.69150        3.78510       -2.65030
H         -0.25210        3.21450       -5.05900
H          1.40110        1.57280       -5.33780
H          0.70640        0.55530       -2.49190
H          1.16920       -0.43330       -3.84520
H          2.91050        1.62430       -2.33080
H          4.78360        0.32660       -2.93170
H          2.91610       -1.25050       -4.82310
H          4.62580       -0.99390       -5.00120
H          3.20640       -2.74350       -2.88340
H          5.12540       -4.09630       -2.84140
H          7.26420       -2.98060       -3.41670
H          6.50280       -1.96520       -4.62360
H          6.72070       -5.02060       -4.78840
H          5.97400       -3.97880       -6.01430
H          7.70560       -3.84940       -5.67870

