HF BASIS=def2-svp cutoff=1.0e-9 denserms=1.0e-6  zmake GRADIENT DIPOLE CHARGE=0

C          3.02170       -2.32560       -0.44320
C          1.61910       -1.95990        0.04740
C          1.29320       -0.50650       -0.26950
O          2.11070        0.37990       -0.47240
O         -0.05710       -0.32300       -0.27660
C         -0.49810        1.02900       -0.41710
O         -1.83400        1.13840        0.12380
C         -2.85030        0.46110       -0.62590
C         -2.85790        0.83880       -2.11000
O         -3.33790        2.19200       -2.27070
C         -1.45670        0.74810       -2.72700
O         -1.46970        1.32090       -4.04610
C         -0.43580        1.51240       -1.87930
O         -0.73830        2.92010       -1.95090
C         -2.82380       -1.05520       -0.41810
O         -2.48740       -1.39340        0.85130
O         -3.07840       -1.88810       -1.27380
C          1.42370       -2.24510        1.52630
C          0.34590       -3.04050        1.94640
C          0.13270       -3.28800        3.30340
C          0.99240       -2.74230        4.24730
O          0.74630       -3.00900        5.56110
C          2.06320       -1.94640        3.85730
C          2.27540       -1.69560        2.49920
H          3.79940       -1.71500        0.02840
H          3.10200       -2.16910       -1.52480
H          3.24780       -3.37710       -0.23490
H          0.92340       -2.57470       -0.54050
H          0.10990        1.68650        0.21620
H         -3.80070        0.79290       -0.18890
H         -3.55490        0.21640       -2.68150
H         -2.69720        2.77980       -1.81170
H         -1.15230       -0.30000       -2.82130
H         -2.28860        1.85630       -4.10500
H          0.56560        1.38000       -2.30210
H         -0.58890        3.16050       -2.88850
H         -2.22620       -0.60020        1.36950
H         -0.34640       -3.46860        1.22280
H         -0.70420       -3.90420        3.62060
H          1.44270       -2.59660        6.09760
H          2.73680       -1.51120        4.58880
H          3.11040       -1.05960        2.21010

