HF BASIS=def2-svp cutoff=1.0e-9 denserms=1.0e-6  zmake GRADIENT DIPOLE CHARGE=0

C         -7.90520       -0.80960        6.32960
C         -7.59620       -0.76750        4.83460
O         -6.25780       -1.26850        4.67500
C         -5.57480       -0.88680        3.48700
O         -4.68440        0.19570        3.74780
C         -3.39070       -0.17290        4.26600
C         -3.37790       -0.29330        5.79570
O         -4.17410       -1.36660        6.29370
C         -3.80810        1.02530        6.45220
O         -3.69160        0.90710        7.87130
C         -2.92260        2.16790        5.92780
C         -3.42830        3.53320        6.40880
O         -2.50850        4.55420        6.00530
O         -2.88120        2.20320        4.48830
C         -2.41540        0.97700        3.91730
O         -2.37520        1.13180        2.49630
C         -1.16160        1.74390        2.00250
C         -0.97670        3.18320        2.51280
O         -2.20620        3.90450        2.28040
C          0.20860        3.88900        1.83060
O          0.27400        5.23610        2.30700
C          0.05890        3.78090        0.30970
O         -0.05700        2.40200       -0.05490
C         -1.21260        1.75570        0.45780
O         -1.20680        0.39130        0.01550
C         -1.81970        0.14660       -1.26240
C         -1.06450        0.88320       -2.37860
C         -0.80580        0.10170       -3.65250
C         -0.15840       -1.30980       -3.46120
C         -0.70110       -2.11660       -4.68620
C         -0.61640       -2.00740       -2.11650
C          0.52240       -2.11270       -1.06540
C          1.89520       -2.62550       -1.52650
C          2.20900       -2.50910       -3.04550
C          1.71570       -3.82830       -3.69990
C          1.44150       -1.24340       -3.57880
C          2.03750        0.03130       -2.92310
C          3.51340        0.05140       -2.71700
C          4.34110       -0.98760       -2.89860
C          5.82950       -0.76570       -2.62540
C          6.57470       -0.21100       -3.85760
C          7.96880        0.37760       -3.48880
C          7.83560        1.87820       -3.17060
C          8.87880        0.25080       -4.73030
C          8.56860       -0.35730       -2.25460
O         10.00130       -0.32350       -2.25830
C          8.12440       -1.83320       -2.22670
O          8.87080       -2.54510       -1.23270
C          6.58540       -1.97360       -1.99100
C          6.26780       -2.00800       -0.47170
C          6.12920       -3.30310       -2.62600
C          4.61260       -3.49090       -2.62460
C          3.81430       -2.35750       -3.34050
C          4.08580       -2.46740       -4.86990
C         -1.94700       -1.40050       -1.48930
C         -2.27870       -2.10540       -0.14120
C         -3.19350       -1.66430       -2.39220
O         -3.32250       -3.03210       -2.76600
C          1.29560        4.31320       -0.40720
O          1.65860        5.55580       -0.01310
O          1.94630        3.74910       -1.27730
C         -6.50120       -0.45770        2.33290
O         -5.73630       -0.01320        1.19580
C         -7.48790        0.64670        2.74600
O         -7.01660        1.95340        2.37630
C         -7.80600        0.63280        4.24680
O         -6.98560        1.59360        4.92650
H         -8.92100       -0.46160        6.53790
H         -7.19590       -0.19410        6.89550
H         -7.79830       -1.83150        6.71120
H         -8.26580       -1.47410        4.32880
H         -4.99240       -1.74920        3.14250
H         -3.05480       -1.09830        3.78430
H         -2.35890       -0.53360        6.12490
H         -5.07220       -1.26200        5.91350
H         -4.86300        1.21540        6.23580
H         -3.80040       -0.04340        8.07920
H         -1.89260        2.04650        6.28620
H         -4.40150        3.77430        5.96800
H         -3.51220        3.57320        7.49760
H         -2.44630        4.50010        5.03240
H         -1.40970        0.74560        4.29170
H         -0.30950        1.12660        2.31900
H         -0.81130        3.20630        3.59540
H         -2.89670        3.36730        2.71920
H          1.13340        3.39030        2.14150
H          0.84550        5.74540        1.69930
H         -0.80070        4.34160       -0.07250
H         -2.12420        2.25340        0.10430
H         -2.83690        0.55660       -1.19940
H         -1.63420        1.78410       -2.63960
H         -0.11250        1.26640       -2.02170
H         -1.76160        0.03060       -4.18470
H         -0.19620        0.70250       -4.34060
H         -0.24630       -1.76410       -5.61700
H         -0.53840       -3.18930       -4.61910
H         -1.78230       -2.00530       -4.81050
H         -0.85010       -3.05240       -2.35460
H          0.21050       -2.79010       -0.26440
H          0.66860       -1.14410       -0.57990
H          1.99340       -3.67630       -1.21480
H          2.64870       -2.09360       -0.93560
H          2.37570       -4.67190       -3.47910
H          1.64490       -3.74440       -4.78870
H          0.74530       -4.14750       -3.31510
H          1.65730       -1.15140       -4.65090
H          1.79090        0.90700       -3.53380
H          1.60990        0.19530       -1.93500
H          3.90600        1.01110       -2.38560
H          5.87700        0.04170       -1.87810
H          5.97260        0.55460       -4.36240
H          6.70710       -1.01520       -4.58980
H          7.43760        2.42300       -4.03520
H          8.80620        2.32010       -2.92440
H          7.16210        2.05590       -2.32810
H          9.07930       -0.79840       -4.97290
H          8.40950        0.70960       -5.60730
H          9.84240        0.74850       -4.57860
H          8.25630        0.11990       -1.31690
H         10.27030        0.59180       -2.05410
H          8.41170       -2.29280       -3.18030
H          9.77340       -2.17340       -1.28430
H          6.64590       -2.92200        0.00020
H          5.19410       -1.96490       -0.27820
H          6.71990       -1.15420        0.04720
H          6.49740       -3.37990       -3.65510
H          6.58470       -4.14550       -2.08960
H          4.41180       -4.45390       -3.10660
H          4.28550       -3.60510       -1.58900
H          5.14570       -2.37900       -5.11400
H          3.77480       -3.43700       -5.27020
H          3.57200       -1.68690       -5.43890
H         -3.24660       -1.76740        0.24880
H         -1.54350       -1.90650        0.64410
H         -2.32970       -3.19140       -0.26400
H         -3.19010       -1.08030       -3.31100
H         -4.11670       -1.37430       -1.87190
H         -3.57730       -3.53810       -1.97690
H          2.46320        5.72890       -0.55350
H         -7.08360       -1.33230        2.02620
H         -4.97830        0.47990        1.57560
H         -8.41800        0.48790        2.18270
H         -6.67360        1.85620        1.46290
H         -8.84120        0.96060        4.40120
H         -6.76860        2.26800        4.24540

