HF BASIS=def2-svp cutoff=1.0e-9 denserms=1.0e-6  zmake GRADIENT DIPOLE CHARGE=0

N         -3.05060        0.72410       -2.50620
C         -1.72710        0.44000       -2.57530
N         -1.02660        0.40350       -1.47270
C          0.28100        0.10710       -1.66450
C          0.90320       -0.22410       -2.84740
N          2.23150       -0.49260       -2.65600
C          2.42580       -0.28190       -1.36850
N          1.27520        0.10320       -0.71970
C          1.18100        0.58240        0.65350
O          2.42630        0.31690        1.34060
C          2.12530       -0.20720        2.65710
C          2.55170       -1.67840        2.70540
O          1.74780       -2.47810        1.84350
C          0.63320        0.01500        2.88510
O          0.43730        1.32440        3.44540
C          0.05650       -0.03820        1.48370
O         -1.13370        0.73550        1.40700
P         -2.54580        0.02870        1.16960
O         -2.25360       -1.29210        0.32900
O         -2.88470       -0.56910        2.61020
O         -3.62290        0.88780        0.59930
C          0.10620       -0.22330       -4.05690
O          0.49800       -0.53030       -5.17820
N         -1.20680        0.16850       -3.82170
H         -3.34500        1.10340       -1.60140
H         -3.44720        1.25210       -3.27370
H          3.37680       -0.37220       -0.85790
H          1.07110        1.67190        0.57950
H          2.73070        0.36140        3.37160
H          3.59170       -1.77720        2.37740
H          2.45550       -2.07160        3.72210
H          2.16760       -3.35620        1.79450
H          0.17590       -0.70140        3.57340
H         -0.49620        1.55570        3.27130
H         -0.11370       -1.07560        1.18660
H         -1.98030       -1.03780       -0.57850
H         -3.80900       -0.87570        2.64290
H         -1.80790        0.14470       -4.62850

