HF BASIS=def2-svp cutoff=1.0e-9 denserms=1.0e-6  zmake GRADIENT DIPOLE CHARGE=0

N         -1.26580       -3.04920       -4.30750
C         -0.41690       -2.43630       -3.43290
O         -0.19080       -1.23440       -3.52140
C          0.19770       -3.37230       -2.41210
C          1.00430       -2.66400       -1.32480
C          0.11360       -1.95730       -0.29460
C          0.95780       -1.34970        0.83580
C          0.17570       -0.62570        1.95060
S         -0.81840       -1.82000        2.92160
C         -0.69780        0.52170        1.41350
C         -1.22490        1.44770        2.51610
S         -2.21520        2.81160        1.82040
C         -0.92700        3.74770        1.06710
O          0.17150        3.87140        1.59420
C         -1.26720        4.33420       -0.28590
C         -1.07650        3.31030       -1.40390
C          0.39730        3.05370       -1.73250
C          0.62490        1.65930       -2.25050
O         -0.25110        1.30640       -3.20690
O          1.50780        0.90790       -1.86970
H         -1.70260       -2.48730       -5.02670
H         -1.46030       -4.04060       -4.28350
H          0.86610       -4.04670       -2.96140
H         -0.59380       -3.98220       -1.96150
H          1.69930       -1.94470       -1.77360
H          1.61340       -3.41550       -0.80730
H         -0.60140       -2.67970        0.11370
H         -0.46600       -1.17280       -0.79200
H          1.66170       -0.63210        0.39490
H          1.58100       -2.13490        1.28470
H          0.91330       -0.20610        2.64540
H          0.21300       -2.56010        3.35530
H         -0.08440        1.10850        0.71970
H         -1.53850        0.12200        0.83190
H         -1.88410        0.90040        3.19620
H         -0.40430        1.85340        3.11670
H         -0.63890        5.21690       -0.45200
H         -2.30410        4.69000       -0.27270
H         -1.57980        2.37240       -1.13950
H         -1.57330        3.68030       -2.30950
H          1.01990        3.16160       -0.83800
H          0.76380        3.77080       -2.47450
H         -0.07370        0.34370       -3.39180

