HF BASIS=def2-svp cutoff=1.0e-9 denserms=1.0e-6  zmake GRADIENT DIPOLE CHARGE=0

C          3.73330       -3.12260        1.56600
C          2.49450       -2.89280        0.73690
C          1.45740       -2.01410        1.28920
C          1.50910       -1.33230        2.44520
C          0.41720       -0.49410        2.89880
C          0.42500        0.33210        3.96730
C         -0.81960        1.11950        4.28390
C          1.60820        0.51820        4.89470
O          1.22750        1.09600        6.15910
C          1.96930        2.32480        6.36970
C          0.92640        3.44330        6.46030
C          2.77840        2.20550        7.66350
C          3.83490        3.31040        7.77220
O          4.61080        3.11220        8.95260
C          4.77500        3.32900        6.55740
C          4.05060        3.42400        5.18910
C          3.53730        4.85350        4.93260
C          5.09360        3.11380        4.08920
C          2.90880        2.42680        5.19900
C          2.65650        1.42390        4.35260
C          2.27540       -3.44420       -0.47890
C          3.11160       -4.40360       -1.17410
C          2.96200       -4.83300       -2.43910
C          2.01650       -4.33710       -3.41920
C          1.63230       -4.96450       -4.54870
C          2.08910       -6.33140       -4.98730
C          0.74210       -4.32130       -5.50730
C         -0.46740       -3.77090       -5.30270
C         -1.19830       -3.71260       -4.05160
C         -2.34120       -3.02870       -3.81880
C         -2.94490       -3.04060       -2.43670
C         -3.08050       -2.21950       -4.86500
O         -4.45500       -2.01790       -4.47010
C         -4.81790       -0.64330       -4.75120
C         -5.70850       -0.68640       -5.99730
C         -5.55230       -0.07340       -3.53490
C         -5.62980        1.45270       -3.58390
O         -6.26310        1.93190       -2.39790
C         -4.23650        2.09020       -3.70590
C         -3.41280        1.57910       -4.91450
C         -1.95660        2.06480       -4.73030
C         -3.93310        2.20180       -6.22500
C         -3.50670        0.06710       -4.94870
C         -2.53170       -0.84450       -5.02020
H          3.48290       -3.66390        2.48460
H          4.20170       -2.17080        1.83480
H          4.50440       -3.69500        1.05070
H          0.55570       -1.92530        0.68230
H          2.39230       -1.39190        3.07230
H         -0.48880       -0.54890        2.29280
H         -1.18180        0.87990        5.28770
H         -0.61730        2.19080        4.22090
H         -1.63910        0.90250        3.58850
H          2.04930       -0.45460        5.13720
H          0.08980        3.13690        7.09850
H          1.32360        4.37260        6.87420
H          0.50630        3.67460        5.47730
H          3.26440        1.22090        7.71920
H          2.11670        2.22930        8.53860
H          3.35420        4.28720        7.88010
H          5.00000        2.22220        8.91450
H          5.39080        2.41780        6.58900
H          5.49280        4.15270        6.66820
H          4.37380        5.54970        4.79230
H          2.91610        4.89480        4.03100
H          2.94510        5.24620        5.76230
H          5.50370        2.10250        4.19030
H          5.93900        3.80980        4.13710
H          4.65920        3.19740        3.08640
H          3.20410        1.20280        3.44760
H          1.35200       -3.19090       -0.99740
H          3.90630       -4.87250       -0.59670
H          3.64940       -5.60620       -2.77870
H          1.62610       -3.33860       -3.22490
H          2.75850       -6.24610       -5.84930
H          2.61570       -6.88620       -4.20770
H          1.23030       -6.94550       -5.28200
H          1.12830       -4.30970       -6.52750
H         -0.94790       -3.33290       -6.17360
H         -0.76350       -4.27560       -3.22540
H         -3.05970       -2.01910       -2.05840
H         -2.32730       -3.58680       -1.71770
H         -3.92500       -3.52730       -2.45120
H         -3.09950       -2.74290       -5.82700
H         -6.51480       -1.41890       -5.86450
H         -5.14010       -1.00830       -6.87980
H         -6.17550        0.27380       -6.22240
H         -5.04900       -0.38430       -2.60900
H         -6.55920       -0.50340       -3.45080
H         -6.26160        1.76970       -4.41800
H         -5.66580        1.76810       -1.65210
H         -4.33960        3.18270       -3.74690
H         -3.68450        1.89420       -2.77470
H         -1.50340        1.64220       -3.82440
H         -1.91350        3.15700       -4.64160
H         -1.33070        1.78800       -5.58560
H         -5.00710        2.06200       -6.36630
H         -3.75780        3.28470       -6.24020
H         -3.42910        1.77080       -7.09700
H         -1.47720       -0.64170       -5.14420

