HF BASIS=def2-svp cutoff=1.0e-9 denserms=1.0e-6  zmake GRADIENT DIPOLE CHARGE=0

C         -0.56110       -1.83080       -2.50420
C          0.87820       -2.22330       -2.85160
O          1.80190       -1.29220       -2.28740
C          3.13830       -1.78430       -2.34780
C          4.11820       -0.68100       -1.95510
C          4.23530        0.40170       -3.03640
C          5.45810        1.30110       -2.82920
C          5.30250        2.35540       -1.72870
C          4.58440        3.61570       -2.22500
C          4.62140        4.72900       -1.17280
C          4.21660        6.09910       -1.72600
C          2.78050        6.20760       -2.24170
C          1.73460        6.07240       -1.13490
C          0.32140        6.26960       -1.68550
C         -0.73350        6.07920       -0.59490
C         -2.14560        6.24580       -1.15650
C         -3.20510        6.03770       -0.07380
C         -4.61530        6.20110       -0.64320
C         -5.67880        6.03880        0.44350
C         -7.08710        6.17280       -0.13610
C         -8.14880        6.06680        0.94710
C         -0.80010       -1.94660       -0.99400
O         -2.09610       -1.39480       -0.68410
C         -2.52410       -1.65150        0.58090
O         -1.90020       -2.28270        1.42300
C         -3.87810       -1.03040        0.81940
C         -3.77710        0.35880        1.44310
C         -3.31940        0.31470        2.90390
C         -3.31470        1.70800        3.53910
C         -2.86800        1.63860        5.00200
C         -2.79340        3.02920        5.63580
C         -2.32370        2.93990        7.06040
C         -1.11800        3.29020        7.54060
C          0.03670        3.86840        6.76900
C          0.98840        2.78980        6.34070
C          1.26850        2.39340        5.08700
C          0.70590        2.94440        3.80810
C          1.77730        3.08990        2.76090
C          1.88920        2.39600        1.61570
C          0.99050        1.28920        1.14060
C          0.00530        1.74820        0.06360
C          0.68090        2.02560       -1.27980
C         -0.34220        2.35710       -2.36390
C          0.32690        2.54930       -3.71560
O         -1.49030       -2.73190       -3.15380
C         -1.76530       -2.46440       -4.46030
O         -1.27480       -1.55140       -5.10700
C         -2.77420       -3.46860       -4.97290
C         -2.95670       -3.41640       -6.49120
C         -1.74470       -3.90250       -7.29930
C         -1.81900       -5.36730       -7.74780
C         -1.79500       -6.42080       -6.63910
C         -0.49880       -6.41040       -5.82450
C         -0.50750       -7.50950       -4.75900
C          0.80280       -7.59740       -3.96740
C          1.18860       -6.34290       -3.17770
C          0.18810       -5.97670       -2.11740
C          0.34610       -6.03950       -0.78560
C          1.54590       -6.52100       -0.01940
C          1.16740       -7.62500        0.92740
C          1.21640       -7.60430        2.26970
C          1.61950       -6.45750        3.15320
C          2.96350       -6.68620        3.85670
C          4.15150       -6.68180        2.88850
C          5.49410       -6.93480        3.57840
C          5.91290       -5.82120        4.52590
H         -0.77210       -0.79830       -2.80840
H          1.08520       -3.23220       -2.47820
H          1.02010       -2.24540       -3.93740
H          3.36370       -2.15350       -3.35540
H          3.23240       -2.61780       -1.64330
H          3.80160       -0.22080       -1.01260
H          5.10030       -1.14040       -1.79180
H          3.31730        0.99640       -3.08490
H          4.34640       -0.08720       -4.01240
H          6.32520        0.67190       -2.59240
H          5.69730        1.79820       -3.77760
H          6.30930        2.63920       -1.39620
H          4.78750        1.94260       -0.85410
H          5.07150        3.97100       -3.14060
H          3.54720        3.37360       -2.48120
H          5.64310        4.82190       -0.78470
H          3.99240        4.45590       -0.31790
H          4.37280        6.85230       -0.94340
H          4.89890        6.36300       -2.54390
H          2.60000        5.46270       -3.02440
H          2.66460        7.18980       -2.71860
H          1.80730        5.08530       -0.66740
H          1.92780        6.81460       -0.35120
H          0.23070        7.27530       -2.11330
H          0.14140        5.55720       -2.50030
H         -0.56710        6.80730        0.20830
H         -0.62950        5.08150       -0.15260
H         -2.30570        5.52580       -1.96940
H         -2.25240        7.24870       -1.58810
H         -3.04830        6.75900        0.73710
H         -3.09820        5.03510        0.35820
H         -4.71300        7.19210       -1.10360
H         -4.77950        5.45930       -1.43370
H         -5.52640        6.79690        1.22180
H         -5.57130        5.05780        0.92270
H         -7.19110        7.13750       -0.64720
H         -7.25580        5.38910       -0.88420
H         -8.07890        5.11020        1.47490
H         -9.14790        6.14160        0.50610
H         -8.04020        6.87310        1.68040
H         -0.04520       -1.38830       -0.43020
H         -0.77860       -3.00130       -0.69800
H         -4.46340       -1.71020        1.44890
H         -4.40880       -0.97160       -0.13850
H         -3.09200        0.98620        0.86100
H         -4.76590        0.83210        1.39480
H         -3.98370       -0.34330        3.47620
H         -2.31100       -0.10960        2.96510
H         -4.31870        2.14580        3.48180
H         -2.64020        2.36460        2.97490
H         -1.88450        1.15280        5.05970
H         -3.56750        1.00970        5.56710
H         -3.78560        3.49740        5.62700
H         -2.14390        3.67480        5.03680
H         -3.04510        2.52300        7.76310
H         -0.92980        3.13210        8.60290
H         -0.31840        4.47280        5.93060
H          0.57430        4.56760        7.42090
H          1.48570        2.26280        7.15420
H          1.95400        1.55390        4.97060
H         -0.09680        2.28340        3.47110
H          0.25560        3.93060        3.95410
H          2.52140        3.85850        2.96760
H          2.72140        2.63720        0.95670
H          0.42690        0.85770        1.97450
H          1.61450        0.47200        0.75760
H         -0.53880        2.63930        0.40210
H         -0.74330        0.96100       -0.07350
H          1.38910        2.85450       -1.18250
H          1.26020        1.14750       -1.58220
H         -0.88880        3.26720       -2.09490
H         -1.08210        1.55300       -2.44240
H         -0.42000        2.79500       -4.47700
H          0.84460        1.63690       -4.02880
H          1.05790        3.36350       -3.68020
H         -2.46930       -4.46910       -4.65450
H         -3.73160       -3.23350       -4.49470
H         -3.84590       -3.99560       -6.76780
H         -3.16640       -2.37710       -6.77860
H         -1.70060       -3.29860       -8.21520
H         -0.80580       -3.70630       -6.77130
H         -0.98010       -5.55830       -8.42860
H         -2.73030       -5.50910       -8.34180
H         -1.90920       -7.40690       -7.10760
H         -2.66190       -6.29610       -5.98040
H         -0.37410       -5.43550       -5.34430
H          0.35660       -6.55490       -6.49510
H         -0.67390       -8.47820       -5.24620
H         -1.35180       -7.35860       -4.07570
H          0.73380       -8.44830       -3.27700
H          1.61900       -7.83120       -4.66270
H          2.18030       -6.50270       -2.74430
H          1.30690       -5.48830       -3.85360
H         -0.76320       -5.59340       -2.48540
H         -0.48430       -5.70110       -0.16320
H          2.32580       -6.91080       -0.67990
H          1.98740       -5.66800        0.50210
H          0.83880       -8.54660        0.44810
H          0.91870       -8.51060        2.79800
H          1.64250       -5.50780        2.60870
H          0.84080       -6.34340        3.91810
H          3.09030       -5.88850        4.59790
H          2.93850       -7.63390        4.40900
H          4.18830       -5.72500        2.35240
H          4.01290       -7.46320        2.13280
H          5.46070       -7.88470        4.12430
H          6.26550       -7.04020        2.80560
H          5.24280       -5.75350        5.38750
H          5.92150       -4.85280        4.01530
H          6.92130       -6.01260        4.90610

