HF BASIS=def2-svp cutoff=1.0e-9 denserms=1.0e-6  zmake GRADIENT DIPOLE CHARGE=0

C         -4.88650       -1.54520        1.07760
C         -4.55690       -2.60630        2.11810
C         -3.15200       -2.53110        2.73600
O         -2.99290       -1.26980        3.39150
C         -1.99480       -2.75230        1.73600
O         -1.89890       -1.60220        0.87230
C         -0.65460       -2.92730        2.47760
C          0.45590       -3.35170        1.54940
C          1.43450       -2.58090        1.04480
C          1.64140       -1.10730        1.25220
C          3.01340       -0.81900        1.79150
C          3.98970       -0.12150        1.18540
C          3.93940        0.47940       -0.19270
C          3.43570        1.92430       -0.15070
C          3.33520        2.57820       -1.53480
C          1.93270        2.53400       -2.15740
C          1.51310        1.14550       -2.63960
C          0.16040        1.13530       -3.36450
C         -1.04630        1.40080       -2.46160
C         -1.29850        0.28950       -1.47550
O         -2.18530        0.65380       -0.52640
O         -0.81080       -0.83000       -1.48090
H         -4.30390       -1.68480        0.16330
H         -4.70800       -0.53630        1.46010
H         -5.94340       -1.61360        0.79970
H         -4.70970       -3.59870        1.67800
H         -5.28850       -2.50080        2.92980
H         -3.10100       -3.30260        3.51350
H         -2.70580       -0.64550        2.69790
H         -2.20790       -3.63130        1.11570
H         -1.20500       -1.83710        0.21010
H         -0.38930       -2.00280        3.00030
H         -0.75330       -3.70220        3.24790
H          0.45050       -4.40500        1.26940
H          2.15500       -3.05320        0.37630
H          1.47190       -0.60280        0.29770
H          0.91010       -0.68260        1.94560
H          3.20540       -1.19660        2.79530
H          4.92210        0.02850        1.72820
H          3.33200       -0.14080       -0.85650
H          4.95200        0.45450       -0.61470
H          4.14240        2.51130        0.45110
H          2.47000        1.98320        0.36630
H          3.59430        3.63850       -1.41630
H          4.07540        2.15620       -2.22440
H          1.92130        3.21990       -3.01370
H          1.20790        2.92460       -1.43480
H          2.27540        0.76650       -3.33140
H          1.47500        0.45080       -1.79860
H          0.03710        0.15930       -3.85050
H          0.17600        1.88360       -4.16620
H         -1.94340        1.48980       -3.08470
H         -0.91700        2.33990       -1.91540
H         -2.27080       -0.13590        0.06520

