HF BASIS=def2-svp cutoff=1.0e-9 denserms=1.0e-6  zmake GRADIENT DIPOLE CHARGE=0

C         -2.45390       -3.62090        1.81360
C         -2.61640       -2.21830        2.39900
C         -3.63010       -1.37600        1.61930
N         -1.32160       -1.56260        2.63100
C         -0.49700       -0.94570        1.69810
C         -0.83110       -0.93490        0.31670
C         -0.83920        0.21670       -0.37490
C         -1.09420        0.36880       -1.84750
O         -1.73610       -0.79290       -2.37230
C          0.22190        0.61380       -2.59850
C          0.00540        0.75050       -4.11460
O         -0.34530       -0.52370       -4.66740
C          1.26400        1.22940       -4.83610
C          1.50750        2.69430       -4.61710
O          2.66950        3.10220       -5.16390
O          0.78760        3.48480       -4.03050
C          0.59480       -0.42790        2.38710
C          1.69410        0.28780        1.75440
C          2.50300       -0.34650        0.80060
C          3.54450        0.35230        0.18780
C          3.77620        1.67840        0.53470
F          4.77330        2.34980       -0.05640
C          2.98940        2.31970        1.48500
C          1.94660        1.62320        2.09850
C          0.44620       -0.75410        3.76520
C          1.23810       -0.51900        4.91150
C          0.82300       -0.99620        6.15670
C         -0.36310       -1.70810        6.27250
C         -1.16190       -1.95950        5.15250
C         -0.74440       -1.47090        3.89840
H         -3.41780       -4.14080        1.78850
H         -2.06220       -3.60180        0.79340
H         -1.76620       -4.22020        2.42050
H         -3.07070       -2.34520        3.38740
H         -3.42560       -1.36010        0.54550
H         -4.63640       -1.79340        1.74070
H         -3.65040       -0.34300        1.98310
H         -1.02840       -1.87760       -0.18440
H         -0.61400        1.15000        0.14010
H         -1.77470        1.21350       -2.00560
H         -2.57020       -0.88600       -1.87750
H          0.70260        1.51240       -2.19490
H          0.89760       -0.23400       -2.42130
H         -0.82950        1.43150       -4.31720
H         -0.98860       -0.92790       -4.04510
H          1.15920        1.06200       -5.91440
H          2.13630        0.66120       -4.49400
H          2.71300        4.05940       -4.95980
H          2.32190       -1.38450        0.53130
H          4.17330       -0.12910       -0.55390
H          3.19030        3.35490        1.74030
H          1.32580        2.12630        2.83640
H          2.17460        0.02480        4.82590
H          1.43630       -0.81390        7.03520
H         -0.67430       -2.08000        7.24600
H         -2.07830       -2.52760        5.27200

