HF BASIS=def2-svp cutoff=1.0e-9 denserms=1.0e-6  zmake GRADIENT DIPOLE CHARGE=0

C         -6.61250        0.71020        0.64490
C         -5.72350        1.91050        0.93230
C         -4.32300        1.78760        0.32630
O         -3.55930        2.91430        0.74820
C         -4.32690        1.79230       -1.17400
C         -3.84600        0.79120       -1.92780
C         -3.85540        0.82990       -3.37130
C         -3.40040       -0.12750       -4.19500
C         -2.80910       -1.47200       -3.84250
C         -1.30500       -1.60740       -4.15040
O         -1.07850       -1.44030       -5.54840
C         -0.44810       -0.61640       -3.41400
C          0.45550       -0.94960       -2.47950
C          1.25740        0.03190       -1.78390
C          2.15180       -0.29520       -0.83810
C          2.94830        0.69340       -0.14660
C          3.86460        0.46050        0.80690
C          4.30100       -0.85130        1.39060
O          5.70780       -0.94770        1.19380
C          4.00160       -0.91520        2.89260
C          4.36830       -2.27760        3.49160
C          4.09410       -2.31530        4.99350
C          4.42630       -3.65860        5.58410
O          4.47080       -3.61860        6.93010
O          4.61640       -4.70520        4.98940
H         -6.14950       -0.21480        1.00250
H         -7.57500        0.82480        1.15340
H         -6.81190        0.60520       -0.42560
H         -6.21240        2.82510        0.57330
H         -5.63120        2.03590        2.01850
H         -3.82990        0.89210        0.72240
H         -2.69980        2.85400        0.29710
H         -4.75110        2.67760       -1.64330
H         -3.42400       -0.08280       -1.44010
H         -4.25830        1.73370       -3.82870
H         -3.45730        0.06420       -5.26730
H         -2.98750       -1.72600       -2.79260
H         -3.35430       -2.21930       -4.43410
H         -1.00090       -2.63190       -3.90370
H         -0.11470       -1.42860       -5.67860
H         -0.60150        0.42880       -3.67620
H          0.60290       -1.99550       -2.21650
H          1.10900        1.07520       -2.05740
H          2.28710       -1.33980       -0.57380
H          2.77990        1.73220       -0.43280
H          4.37400        1.32880        1.22570
H          3.84030       -1.70620        0.88850
H          5.86090       -0.87290        0.23590
H          4.57210       -0.13810        3.41850
H          2.93650       -0.71880        3.06910
H          3.79240       -3.06450        2.98890
H          5.42720       -2.49900        3.31070
H          4.70580       -1.55600        5.49380
H          3.03770       -2.10830        5.19400
H          4.68330       -4.54040        7.18720

