HF BASIS=def2-svp cutoff=1.0e-9 denserms=1.0e-6  zmake GRADIENT DIPOLE CHARGE=0

O          1.23240       -3.42390        3.56830
C          2.36310       -3.38930        4.45140
C          2.96860       -1.98040        4.41410
O          3.20970       -1.65620        3.03060
C          3.58190       -0.27920        2.88310
O          3.72140        0.09260        1.50590
C          2.64230       -0.05460        0.67160
C          1.29290       -0.28230        1.02360
O          0.89970       -0.28300        2.33400
C          0.31410       -0.49250        0.04270
C          0.70510       -0.43390       -1.28230
C          2.01150       -0.13220       -1.65060
C          2.16380       -0.07050       -3.14250
C          0.71340       -0.14160       -3.65430
C          0.23340        1.27330       -4.04710
O          0.83470        1.76380       -5.03700
O         -0.71140        1.76550       -3.35440
N         -0.08760       -0.65510       -2.49730
C         -1.26540       -1.16840       -2.46560
C         -2.11790       -1.38610       -3.65430
C         -3.45180       -1.22290       -3.58290
C         -4.25840       -0.79240       -2.35770
C         -4.99370        0.52600       -2.66910
N         -5.86130        0.31140       -3.87230
C         -5.40490       -0.55770       -4.87970
C         -4.27390       -1.28480       -4.78660
C         -6.22590       -0.70970       -6.12820
O         -7.50670       -0.34950       -5.86840
O         -5.82540       -1.12750       -7.19820
C         -4.00280        1.68640       -2.89910
O         -2.84220        1.50110       -2.23910
O         -4.22490        2.66810       -3.58970
C          2.98920        0.04560       -0.68410
C          4.95900       -0.07990        3.55240
O          5.40880        1.28240        3.47630
C          4.86500       -0.47680        5.02900
O          6.16920       -0.43410        5.63400
C          4.27150       -1.87940        5.20740
O          4.04060       -2.12240        6.59400
H          1.52900       -2.92420        2.78190
H          3.07820       -4.14230        4.09640
H          2.02720       -3.65680        5.46110
H          2.21280       -1.28670        4.81150
H          2.86370        0.39930        3.36280
H         -0.04840       -0.48250        2.42150
H         -0.71130       -0.68250        0.32500
H          2.69200        0.83850       -3.44710
H          2.73520       -0.93870       -3.48310
H          0.62050       -0.82260       -4.50590
H         -1.68760       -1.46190       -1.49330
H         -1.62660       -1.57000       -4.60900
H         -3.64410       -0.67530       -1.45930
H         -4.98510       -1.58490       -2.12300
H         -5.62920        0.81540       -1.82360
H         -6.10010        1.22490       -4.28830
H         -3.94060       -1.89490       -5.62350
H         -7.58970       -0.15390       -4.90840
H         -2.10600        1.99480       -2.73470
H          4.02260        0.23920       -0.97020
H          5.72310       -0.68790        3.05350
H          5.36170        1.53520        2.53130
H          4.26340        0.25710        5.57970
H          6.55550        0.41760        5.34240
H          4.99550       -2.62750        4.86010
H          4.89050       -1.91260        7.03480

