HF BASIS=def2-svp cutoff=1.0e-9 denserms=1.0e-6  zmake GRADIENT DIPOLE CHARGE=0

O         -4.34970       -3.53320       -1.32570
C         -3.35250       -2.93840       -2.16080
C         -1.96780       -3.14470       -1.53540
O         -1.90060       -2.38110       -0.31760
C         -0.67450       -2.58240        0.42620
C          0.53470       -2.16310       -0.43310
O          1.79850       -2.45300        0.17720
C          0.49620       -2.87280       -1.79030
O          1.53320       -2.35910       -2.64260
C         -0.85470       -2.69040       -2.48270
O         -0.85930       -3.44490       -3.69600
C         -0.78750       -1.81150        1.79310
O         -2.01170       -2.22430        2.43180
C          0.33250       -2.15840        2.75330
O          0.40740       -3.49610        3.11680
C          1.18050       -1.24750        3.24630
C          1.07580        0.18270        2.87540
O          1.92810        0.95420        3.29760
C         -0.06760        0.62270        2.02800
C         -0.22800        2.10450        1.72480
O         -0.15330        2.83600        2.93840
S         -0.85720        4.29020        3.04570
O          0.37520        5.21260        3.51470
O         -1.23030        4.73820        1.72150
O         -1.81820        4.24800        4.12240
C          0.72780        2.63270        0.60150
O          0.78160        1.65900       -0.46790
C          1.45840        2.13690       -1.63340
C          2.91350        2.46930       -1.30600
O          3.63280        1.30610       -0.85600
C          2.95980        3.50440       -0.18440
O          4.31680        3.72480        0.23410
C          2.14830        3.04530        1.03950
O          2.15410        4.13050        1.98850
C         -0.93140       -0.31060        1.58160
O         -2.05950        0.07640        0.86480
H         -5.21330       -3.29440       -1.70360
H         -3.42320       -3.40790       -3.14740
H         -3.58080       -1.87030       -2.24380
H         -1.86190       -4.20850       -1.28590
H         -0.61350       -3.65620        0.65150
H          0.51830       -1.08490       -0.61890
H          1.79330       -3.38470        0.46830
H          0.71810       -3.94030       -1.66950
H          2.34300       -2.34690       -2.09380
H         -0.98610       -1.63530       -2.75470
H         -0.02920       -3.20020       -4.15430
H         -1.84560       -3.11590        2.78490
H          1.06040       -3.59130        3.83490
H          1.98270       -1.49110        3.93460
H         -1.24520        2.23470        1.33400
H          1.17300        4.88610        3.02260
H          0.25060        3.53150        0.19020
H          1.41430        1.33260       -2.37520
H          0.92480        3.00450       -2.03800
H          3.43940        2.83840       -2.19280
H          3.06610        0.52430       -1.00110
H          2.57980        4.47170       -0.53750
H          4.74310        2.84140        0.19030
H          2.67780        2.20820        1.49860
H          3.11080        4.37090        2.04520
H         -2.60480       -0.73530        0.74860

