HF BASIS=def2-svp cutoff=1.0e-9 denserms=1.0e-6  zmake GRADIENT DIPOLE CHARGE=0

C          2.84900        0.02380       -0.25970
C          3.41640       -1.39150       -0.02330
C          4.97020       -1.38770       -0.05740
C          5.47350       -2.60920        0.73210
C          5.54220       -0.07330        0.53030
C          4.59500        0.57270        1.54110
C          3.22760        0.97690        0.91350
C          3.34870        2.42000        0.36410
C          2.16420        0.93800        2.03420
C          0.74670        1.18440        1.51910
C          0.27700        0.17990        0.42560
C          0.10780       -1.20640        1.11700
C          1.36770        0.00790       -0.64570
C          1.05810       -0.15900       -1.94750
C         -0.32090       -0.20210       -2.53040
C         -1.45450       -0.24840       -1.48380
C         -2.92550       -0.15810       -2.09880
C         -3.14990        1.13170       -2.92810
C         -3.13380       -1.36980       -3.05870
C         -4.58350       -1.59230       -3.48540
C         -5.52790       -1.71740       -2.29410
O         -6.86070       -1.86980       -2.78190
C         -5.44590       -0.52590       -1.29450
C         -6.25920       -0.93530       -0.03390
C         -6.13970        0.73270       -1.85370
C         -3.93820       -0.30610       -0.90410
C         -3.69060        0.78430        0.15790
C         -2.29500        0.63340        0.76780
C         -1.12510        0.68540       -0.25450
C         -0.97840        2.16800       -0.71170
C          5.45510       -1.52360       -1.50060
O          6.79920       -1.56200       -1.60730
O          4.76910       -1.58250       -2.50800
H          3.37950        0.40890       -1.14510
H          3.07880       -1.76040        0.95190
H          3.01980       -2.09860       -0.76320
H          5.10190       -3.54160        0.29130
H          6.56790       -2.66760        0.73630
H          5.14310       -2.57250        1.77610
H          6.50920       -0.26200        1.01320
H          5.74890        0.64990       -0.26940
H          4.44550       -0.13760        2.36490
H          5.08130        1.44800        1.99030
H          3.52350        3.13750        1.17370
H          4.18580        2.50730       -0.33760
H          2.44810        2.73550       -0.17210
H          2.39900        1.69620        2.79300
H          2.19670       -0.02290        2.56070
H          0.05920        1.15100        2.37370
H          0.71800        2.21440        1.15770
H          1.04740       -1.58980        1.52060
H         -0.26040       -1.97950        0.43740
H         -0.56900       -1.15670        1.97530
H          1.86060       -0.27730       -2.67620
H         -0.38110       -1.09000       -3.17010
H         -0.41030        0.66560       -3.18840
H         -1.41970       -1.27050       -1.08370
H         -3.52460        1.96530       -2.33220
H         -3.87420        0.99310       -3.73370
H         -2.24490        1.47310       -3.43280
H         -2.78270       -2.28910       -2.57150
H         -2.52440       -1.24850       -3.96240
H         -4.63980       -2.51040       -4.08500
H         -4.92840       -0.80420       -4.16310
H         -5.28000       -2.64380       -1.75880
H         -6.87730       -2.65640       -3.35300
H         -5.78250       -1.76980        0.49250
H         -6.36600       -0.10600        0.67260
H         -7.27460       -1.25250       -0.29790
H         -5.80950        0.98790       -2.86070
H         -5.97510        1.60250       -1.21020
H         -7.22520        0.58940       -1.91770
H         -3.65850       -1.25220       -0.40990
H         -4.40640        0.69220        0.98030
H         -3.82560        1.79170       -0.24390
H         -2.16240        1.40050        1.54030
H         -2.30210       -0.32490        1.29440
H         -0.07690        2.33820       -1.30690
H         -0.94180        2.85140        0.14310
H         -1.82090        2.51750       -1.30260
H          6.95430       -1.63640       -2.57210

