HF BASIS=def2-svp cutoff=1.0e-9 denserms=1.0e-6  zmake GRADIENT DIPOLE CHARGE=0

C          0.75940       -0.98050       -3.83580
O          0.23440        0.24550       -3.34630
C          0.57990        0.61480       -2.06950
C          1.49810       -0.07150       -1.27060
C          1.77010        0.36330        0.02830
C          1.12360        1.48620        0.55430
C          1.36640        1.91560        1.98390
C          0.88520        0.86570        3.00900
C          1.18520        1.31580        4.42500
O          0.04320        2.05370        4.85160
C         -1.04040        1.67770        4.11580
O         -2.17830        2.06210        4.33170
C         -0.63890        0.72290        3.02550
C         -1.13670       -0.68370        3.37310
C         -0.84120       -1.68490        2.27830
C          0.09660       -2.70720        2.48780
C          0.40020       -3.60540        1.46620
C         -0.23930       -3.48200        0.24040
O          0.08090       -4.37090       -0.75040
C         -1.18780       -2.48190        0.00440
O         -1.73340       -2.49040       -1.25370
C         -2.66770       -1.45760       -1.54980
C         -1.48860       -1.58640        1.03130
C          0.22120        2.19110       -0.25660
C         -0.05490        1.76570       -1.56250
O         -0.94850        2.38210       -2.40430
C         -1.48190        3.63310       -1.99470
H          0.33720       -1.15070       -4.83100
H          0.46300       -1.82270       -3.20190
H          1.84780       -0.92750       -3.94200
H          2.01240       -0.95950       -1.62300
H          2.48020       -0.20050        0.62960
H          0.88570        2.88370        2.17490
H          2.44420        2.08580        2.10540
H          1.40280       -0.07780        2.80840
H          1.31260        0.46450        5.10310
H          2.07610        1.94720        4.49630
H         -1.09060        1.07270        2.09220
H         -2.22220       -0.66970        3.53970
H         -0.70280       -1.02170        4.32330
H          0.60200       -2.80900        3.44530
H          1.12760       -4.39620        1.62250
H         -0.50490       -4.12910       -1.49450
H         -2.96850       -1.57020       -2.59580
H         -3.56560       -1.55540       -0.93090
H         -2.21940       -0.46640       -1.43750
H         -2.21790       -0.79550        0.88550
H         -0.27580        3.06140        0.16010
H         -0.68730        4.36110       -1.80010
H         -2.09330        4.02060       -2.81540
H         -2.13370        3.51460       -1.12320

