HF BASIS=def2-svp cutoff=1.0e-9 denserms=1.0e-6  zmake GRADIENT DIPOLE CHARGE=0

C          1.22000       -0.09920       -2.29690
O          1.36350        0.11600       -0.88990
C          0.17170       -0.04940       -0.23030
C         -0.06510       -1.25790        0.45870
C          0.94770       -2.39040        0.59730
O          2.30450       -1.94210        0.47800
C          3.28000       -2.93880        0.84560
C          4.66450       -2.29120        0.70430
O          4.84070       -1.31520        1.73370
S          5.75920       -1.71560        3.00320
O          5.36820       -0.57090        4.06680
O          5.24900       -2.96510        3.52830
O          7.14540       -1.53700        2.63270
C          3.14110       -4.19270       -0.03600
O          3.54870       -3.89590       -1.38210
C          1.68460       -4.69470       -0.05970
O          1.57300       -5.72390       -1.06340
C          0.69220       -3.55790       -0.37490
O          0.89740       -3.18430       -1.74930
C         -1.31090       -1.41010        1.09020
O         -1.55170       -2.61150        1.71840
C         -2.25440       -0.37550        1.10030
C         -3.53900       -0.52780        1.80500
O         -3.84450       -1.58410        2.34660
C         -4.42030        0.64260        1.85200
C         -4.02190        1.76110        1.23440
O         -2.84490        1.90060        0.53050
C         -1.96800        0.83990        0.48230
C         -0.74600        1.02910       -0.19030
C         -0.37600        2.38090       -0.77590
O         -0.33710        3.33440        0.30620
C          0.30810        4.57220       -0.05540
C          1.81380        4.45210        0.21710
O          2.02210        4.09740        1.58290
C          0.01010        5.00270       -1.50650
O         -0.03870        6.43000       -1.63910
C         -1.34760        4.42130       -1.93180
O         -1.67820        4.86880       -3.25560
C         -1.31250        2.87900       -1.90830
O         -0.83470        2.39630       -3.17650
C         -4.85110        2.96970        1.26540
C         -5.00020        3.70200        2.45290
C         -5.78090        4.86010        2.47810
C         -6.41760        5.28000        1.31220
O         -7.19910        6.39690        1.29480
C         -6.29250        4.55880        0.13290
C         -5.50020        3.40930        0.10250
H          1.34070        0.85680       -2.81490
H          2.03900       -0.74170       -2.62310
H          0.26920       -0.55850       -2.59030
H          0.85570       -2.75660        1.63020
H          3.09870       -3.20410        1.89130
H          4.74640       -1.75380       -0.24940
H          5.46110       -3.04430        0.74550
H          4.39400       -0.55180        4.15480
H          3.80580       -4.98610        0.32560
H          3.32000       -4.69550       -1.90070
H          1.43680       -5.14060        0.90890
H          1.08630       -5.32030       -1.80970
H         -0.33700       -3.93030       -0.30890
H          1.79860       -2.80130       -1.78180
H         -2.45830       -2.58400        2.09980
H         -5.35290        0.54940        2.39200
H          0.63860        2.32020       -1.18350
H         -0.09010        5.31910        0.64320
H          2.33100        5.39550        0.02140
H          2.26890        3.66690       -0.39570
H          1.36190        3.41120        1.78510
H          0.78730        4.65150       -2.19930
H          0.80030        6.79260       -1.30400
H         -2.13620        4.79220       -1.25790
H         -1.52200        5.83660       -3.23280
H         -2.33920        2.51530       -1.81170
H         -1.19820        3.03620       -3.82840
H         -4.50490        3.38190        3.36920
H         -5.89020        5.40870        3.40770
H         -7.04220        6.90750        2.10310
H         -6.81430        4.87610       -0.76170
H         -5.41710        2.84860       -0.82710

