HF BASIS=def2-svp cutoff=1.0e-9 denserms=1.0e-6  zmake GRADIENT DIPOLE CHARGE=0

C          1.54700        3.36530       -0.11210
C          1.41110        1.88010       -0.31410
O          2.37340        1.15880       -0.57140
N          0.12680        1.41130       -0.16360
C         -0.27400        0.07060       -0.60150
C         -1.23460       -0.57610        0.40780
C         -0.52260       -1.40010        1.48040
C          0.41150       -0.57030        2.32180
O          0.06180        0.08050        3.29290
O          1.64700       -0.61730        1.80770
P          2.84930        0.27360        2.34240
O          3.47190       -0.56060        3.55470
O          3.95880        0.03460        1.21160
O          2.61620        1.71820        2.62270
C         -0.96810        0.22330       -1.95640
O         -0.99350       -0.92130       -2.66750
O         -1.49410        1.23830       -2.38850
H          2.55130        3.59030        0.25750
H          0.82300        3.72730        0.62340
H          1.38680        3.87450       -1.06580
H         -0.60810        2.11330       -0.18110
H          0.61930       -0.54330       -0.76290
H         -1.92800       -1.24960       -0.11150
H         -1.85330        0.19380        0.88720
H         -1.25710       -1.85830        2.15320
H          0.03230       -2.23150        1.02930
H          4.21960       -0.07740        3.94850
H          3.65630        0.47320        0.37930
H         -1.45040       -0.68190       -3.50210

