HF BASIS=def2-svp cutoff=1.0e-9 denserms=1.0e-6  zmake GRADIENT DIPOLE CHARGE=0

C         -5.87630       -2.92630        1.35330
C         -4.35580       -2.87760        1.43440
C         -3.73600       -1.74540        0.59650
N         -2.29430       -1.67370        0.92260
C         -1.55650       -0.57950        0.25530
C         -2.05440        0.81620        0.63290
C         -0.07940       -0.70400        0.70400
O          0.22430       -0.54170        1.89620
N          0.89100       -0.99240       -0.23700
C          0.68480       -1.32280       -1.64340
C          0.55420       -0.07440       -2.51710
C          0.39550       -0.44140       -3.99440
C          1.11090       -1.73830       -4.38540
C          2.32650       -2.00540       -3.50570
C          1.92220       -2.14870       -2.03470
C          3.00950       -1.66480       -1.07290
C          2.25440       -1.30950        0.20740
C          2.98460       -0.16690        0.92300
O          4.03550       -0.32050        1.53640
O          2.32800        1.00920        0.77300
C          2.72340        2.14300        1.58980
O          4.09590        2.45130        1.35760
C          4.70200        3.38470        2.25900
C          6.19280        3.41790        1.92510
C          4.48040        3.01960        3.73460
O          5.00250        4.03190        4.60160
C          2.98740        2.85030        4.01540
O          2.81920        2.42450        5.38150
C          2.39980        1.80760        3.07000
O          0.99330        1.66520        3.34360
C          1.76460        3.25280        1.05740
O          1.93940        4.46680        1.62990
O          0.90800        3.14090        0.18910
C         -3.95120       -2.02100       -0.89860
O         -5.05780       -1.41200       -1.37960
O         -3.25960       -2.69620       -1.64570
H         -6.31440       -1.95710        1.61840
H         -6.26650       -3.67980        2.04610
H         -6.21440       -3.19560        0.34830
H         -3.95440       -3.85330        1.12680
H         -4.08580       -2.73970        2.49060
H         -4.21720       -0.79980        0.86450
H         -2.17170       -1.56910        1.93250
H         -1.63810       -0.68830       -0.82610
H         -1.35730        1.58320        0.27720
H         -2.15180        0.93730        1.72080
H         -3.02860        1.02680        0.17720
H         -0.21160       -1.94450       -1.74290
H         -0.28650        0.55370       -2.20230
H          1.44730        0.55310       -2.39850
H         -0.66970       -0.53930       -4.23870
H          0.77420        0.38940       -4.60310
H          1.40740       -1.69030       -5.43950
H          0.41080       -2.57860       -4.29600
H          3.04400       -1.18770       -3.64000
H          2.83510       -2.91830       -3.83370
H          1.71130       -3.20490       -1.81740
H          3.77170       -2.43030       -0.89570
H          3.52390       -0.78280       -1.47610
H          2.18640       -2.16070        0.89410
H          4.31500        4.38830        2.05850
H          6.34430        3.68000        0.87200
H          6.64560        2.43020        2.06850
H          6.73070        4.14420        2.54150
H          5.00210        2.08480        3.97750
H          4.65780        3.80210        5.48950
H          2.46190        3.80790        3.95130
H          1.89150        2.11520        5.43910
H          2.83450        0.84210        3.34960
H          0.69160        0.85030        2.87530
H          1.27330        5.03320        1.18210
H         -5.08220       -1.69940       -2.31930

