HF BASIS=def2-svp cutoff=1.0e-9 denserms=1.0e-6  zmake GRADIENT DIPOLE CHARGE=0

C         -1.81020        4.20550       -0.13890
C         -1.56540        3.26340        1.00550
C         -2.41310        2.01860        0.99970
O         -1.93980        1.15040       -0.03680
C         -0.60210        3.41990        1.93810
C          0.50140        4.44500        1.94550
N          1.43480        4.14460        0.86200
C          2.12900        2.93650        1.08780
C          1.87110        1.78370        0.31900
N          0.97620        1.54460       -0.70930
C          1.14220        0.26950       -0.99920
N          2.05920       -0.33740       -0.18040
C          2.39060       -1.74730       -0.09250
O          1.72550       -2.27600        1.07770
C          1.11920       -3.54350        0.74320
C         -0.40210       -3.36300        0.74640
O         -0.80350       -2.39390       -0.21430
P         -2.38340       -2.21100       -0.41340
O         -2.75020       -3.41490       -1.40020
O         -2.49590       -0.95880       -1.39250
O         -3.22970       -2.15880        0.80940
C          1.69940       -3.95810       -0.60640
O          2.93070       -4.66960       -0.40730
C          1.98820       -2.63110       -1.28590
O          3.02350       -2.76950       -2.26180
C          2.56140        0.63210        0.65490
N          3.48420        0.49840        1.62020
C          3.65710        1.65670        2.28550
N          3.03290        2.83990        2.09200
H         -2.87270        4.46850       -0.18990
H         -1.52290        3.73810       -1.08710
H         -1.25400        5.14140       -0.04310
H         -3.46640        2.25310        0.81200
H         -2.35400        1.47270        1.94570
H         -1.00680        1.41940       -0.19600
H         -0.49680        2.66230        2.71540
H          0.08720        5.44780        1.79740
H          1.00380        4.46190        2.92010
H          0.92180        4.02360       -0.01020
H          0.58810       -0.24700       -1.77410
H          3.47500       -1.80590        0.07320
H          1.39840       -4.25280        1.52790
H         -0.72360       -3.00920        1.73240
H         -0.89600       -4.31570        0.53220
H         -3.70650       -3.42440       -1.57850
H         -2.37310       -0.10990       -0.89560
H          1.04250       -4.60930       -1.19130
H          3.53480       -4.39090       -1.12340
H          1.08990       -2.28020       -1.79940
H          2.63770       -3.21470       -3.04080
H          4.39130        1.63720        3.08600

