HF BASIS=def2-svp cutoff=1.0e-9 denserms=1.0e-6  zmake GRADIENT DIPOLE CHARGE=0

C          4.05240        8.59590        1.88130
C          2.56640        8.36220        1.89900
C          1.84210        9.16480        2.95150
C          1.89360        7.52090        1.09180
C          2.42910        6.65250       -0.01490
C          1.78270        6.94950       -1.34360
C          2.06880        8.09210       -2.11490
O          2.95130        9.04980       -1.69250
C          1.48170        8.33390       -3.36160
C          0.53960        7.45020       -3.89390
C          0.20490        6.31020       -3.14440
C          0.83210        6.09440       -1.92320
O          0.36300        4.93480       -1.36670
C         -0.55920        4.39750       -2.22430
C         -0.68310        5.21670       -3.33060
C         -1.20120        3.15070       -1.80810
C         -2.01300        2.45470       -2.70380
C         -2.67350        1.28840       -2.30880
O         -3.47360        0.64960       -3.21880
C         -2.55720        0.76530       -1.00550
C         -3.38000       -0.46920       -0.62130
C         -4.74280       -0.07040       -0.07940
C         -5.45550       -0.81830        0.77990
C         -6.79250       -0.37560        1.29630
C         -4.96130       -2.15550        1.27770
C         -3.72070       -2.69430        0.51350
C         -2.70390       -1.53830        0.29170
C         -1.44720       -2.06280       -0.39770
O         -1.49700       -2.47160       -1.56740
C         -0.13530       -2.17400        0.32850
C          1.04660       -2.44940       -0.39370
O          1.04150       -2.56800       -1.76820
C          2.28370       -2.60890        0.26200
C          3.54660       -2.91260       -0.51670
C          3.78410       -4.39440       -0.67370
C          3.91700       -5.10340       -1.81170
C          4.13110       -6.59490       -1.76110
C          3.86970       -4.53480       -3.20460
C          2.30850       -2.51950        1.66110
O          3.49240       -2.70950        2.31250
C          1.15580       -2.24760        2.39140
C         -0.05920       -2.07130        1.72760
C         -3.11590       -3.94540        1.14670
C         -2.69760       -5.02940        0.35410
O         -2.76820       -5.01160       -1.01100
C         -2.17430       -6.19180        0.91980
C         -2.04090       -6.27790        2.29870
O         -1.52790       -7.39010        2.90050
C         -2.42660       -5.22330        3.11060
C         -2.95570       -4.06350        2.53960
C         -1.73650        1.47090       -0.11930
O         -1.59910        1.03910        1.16980
C         -1.06090        2.63630       -0.51430
H          4.48590        8.35690        2.85890
H          4.58200        7.99310        1.14020
H          4.26120        9.64670        1.65440
H          0.76610        8.96180        2.96380
H          1.97860       10.23710        2.76730
H          2.23230        8.92750        3.94890
H          0.81530        7.43310        1.22720
H          2.24400        5.61110        0.26680
H          3.51340        6.72950       -0.13330
H          3.07080        8.95150       -0.73160
H          1.74890        9.23140       -3.91520
H          0.08030        7.65030       -4.85900
H         -1.33900        5.05970       -4.17380
H         -2.14360        2.82390       -3.71510
H         -3.37260        1.06340       -4.08890
H         -3.60250       -0.99420       -1.56080
H         -5.15750        0.86840       -0.44230
H         -6.77740       -0.28940        2.38690
H         -7.08910        0.59800        0.89500
H         -7.56070       -1.09840        1.01160
H         -4.75090       -2.03300        2.34770
H         -5.76780       -2.89880        1.19530
H         -4.10650       -3.00260       -0.47060
H         -2.46730       -1.10240        1.26120
H          0.10930       -2.52990       -2.06980
H          4.41040       -2.47760       -0.00260
H          3.51750       -2.38660       -1.47210
H          3.84180       -4.92300        0.27960
H          4.18950       -6.96990       -0.73230
H          5.06590       -6.86110       -2.26520
H          3.30390       -7.11280       -2.25900
H          3.77940       -3.44730       -3.23400
H          4.78060       -4.79990       -3.74680
H          3.01750       -4.94520       -3.74960
H          3.34320       -2.64300        3.26830
H          1.17870       -2.19630        3.47860
H         -0.93450       -1.88940        2.34000
H         -2.44570       -4.14400       -1.33170
H         -1.87120       -7.00760        0.27110
H         -1.30470       -8.03280        2.20590
H         -2.31840       -5.30190        4.18950
H         -3.24280       -3.26030        3.21110
H         -1.05050        1.68230        1.65210
H         -0.44070        3.17650        0.19870

