HF BASIS=def2-svp cutoff=1.0e-9 denserms=1.0e-6  zmake GRADIENT DIPOLE CHARGE=0

C          2.68870       -1.13970       -5.23370
C          3.74710       -0.40560       -6.06410
O          4.36280        0.63660       -5.27880
C          5.31510        0.19260       -4.40480
O          5.67740       -0.97200       -4.31080
C          5.87310        1.33960       -3.60320
C          6.21800        0.90550       -2.18170
C          6.60690        2.10970       -1.32250
C          7.08550        1.68650        0.06890
C          7.32680        2.90960        0.96050
C          8.08420        2.59580        2.25500
C          7.49620        1.48760        3.12980
C          6.07730        1.77150        3.62020
C          5.59310        0.63770        4.52990
C          4.15530        0.85740        5.00690
C          3.67400       -0.22620        5.99520
C          2.27930        0.12410        6.52120
C          3.64810       -1.62080        5.36920
C          2.36230       -2.51370       -5.81320
O          1.48510       -3.23380       -4.94880
P          2.12620       -4.05430       -3.72740
O          0.90700       -5.01800       -3.31280
O          3.34180       -4.84620       -4.08470
O          2.26980       -3.05820       -2.50700
P          1.10680       -2.56940       -1.55310
O          0.82230       -3.84480       -0.62690
O         -0.14550       -2.08850       -2.20840
O          1.78600       -1.54490       -0.51550
C          0.89270       -0.79400        0.30130
C          1.65240       -0.11820        1.45500
O          2.55940        0.89430        0.95380
C          1.98390        2.20190        1.19630
C          0.57060        1.96280        1.76320
O          0.12400        2.91500        2.72860
C          0.74050        0.61210        2.43200
O         -0.50890       -0.01680        2.67740
N          1.99490        3.01700       -0.02170
C          2.50100        2.53620       -1.20820
C          2.50450        3.27920       -2.31250
C          1.93700        4.63200       -2.18180
N          1.87450        5.45100       -3.27660
N          1.47250        5.10350       -1.06520
C          1.50450        4.32460        0.06680
O          1.08500        4.76330        1.13840
O          1.46530       -0.36110       -5.28350
C          1.05010        0.20690       -4.11460
O          1.69190        0.20700       -3.07300
C         -0.30590        0.84080       -4.31950
C         -0.94450        1.29010       -3.00830
C         -2.42990        1.59660       -3.19420
C         -3.10040        1.98080       -1.87300
C         -4.62370        2.01610       -2.03150
C         -5.32030        2.35810       -0.71530
C         -6.84950        2.38970       -0.82680
C         -7.52080        1.08740       -1.27520
C         -7.19560       -0.10140       -0.37190
C         -7.94320       -1.36800       -0.80010
C         -7.66630       -2.56360        0.12030
C         -6.20840       -3.02670        0.06980
C         -5.95440       -4.24230        0.96240
C         -4.49150       -4.68730        0.85560
C         -4.21350       -5.93550        1.69560
C         -2.75830       -6.44870        1.63380
C         -1.77350       -5.47540        2.28350
C         -2.31500       -6.77850        0.20700
H          3.02880       -1.25520       -4.19820
H          4.52200       -1.08090       -6.44780
H          3.28610        0.08800       -6.92730
H          6.75970        1.71960       -4.12160
H          5.13250        2.14210       -3.56760
H          5.36190        0.39220       -1.72730
H          7.04120        0.18200       -2.20690
H          5.74440        2.78070       -1.22640
H          7.40550        2.67620       -1.81990
H          8.01060        1.10640       -0.02590
H          6.33470        1.03430        0.53280
H          6.36620        3.38370        1.19640
H          7.91010        3.65660        0.40530
H          8.15820        3.51800        2.84530
H          9.11020        2.31500        1.99420
H          7.51890        0.53430        2.58690
H          8.15420        1.35860        3.99920
H          6.05630        2.72050        4.16820
H          5.39280        1.86850        2.77190
H          6.25740        0.55630        5.40060
H          5.66200       -0.30580        3.97760
H          4.08770        1.83930        5.49300
H          3.48820        0.89180        4.13530
H          4.35920       -0.24630        6.85070
H          1.93850       -0.62600        7.24430
H          2.28520        1.09490        7.02840
H          1.54530        0.16650        5.71100
H          3.03450       -1.64120        4.46290
H          3.23750       -2.35450        6.07330
H          4.65500       -1.96030        5.10740
H          3.26550       -3.10250       -5.99100
H          1.83700       -2.40460       -6.76380
H          0.90240       -5.80770       -3.89560
H          0.04310       -4.33490       -0.96600
H          0.13190       -1.47110        0.70070
H          0.41490       -0.04520       -0.33650
H          2.25670       -0.87130        1.97250
H          2.61430        2.71390        1.93630
H         -0.18750        1.92010        0.97050
H          0.30170        3.80650        2.34340
H          1.24200        0.74010        3.39960
H         -1.04690        0.64130        3.15790
H          2.88150        1.51880       -1.22900
H          2.85820        2.91820       -3.26440
H          2.62730        5.37420       -3.94790
H          1.65620        6.41380       -3.02520
H         -0.94850        0.09740       -4.80690
H         -0.18850        1.69920       -4.99130
H         -0.83420        0.50950       -2.25010
H         -0.42440        2.17570       -2.62320
H         -2.55510        2.40810       -3.92160
H         -2.92840        0.71070       -3.61030
H         -2.83700        1.25430       -1.09480
H         -2.73180        2.96010       -1.54460
H         -4.90030        2.75220       -2.79580
H         -4.95910        1.03620       -2.38880
H         -4.97960        3.34390       -0.37760
H         -5.01960        1.64990        0.06260
H         -7.13550        3.18510       -1.52770
H         -7.25880        2.67980        0.14890
H         -8.60740        1.24770       -1.28470
H         -7.23840        0.85490       -2.30770
H         -7.45230        0.14150        0.66650
H         -6.11820       -0.28970       -0.40780
H         -7.67240       -1.62890       -1.82920
H         -9.02060       -1.17100       -0.79470
H         -7.93770       -2.30760        1.15150
H         -8.31660       -3.39480       -0.18210
H         -5.94140       -3.27030       -0.96670
H         -5.54220       -2.21970        0.39240
H         -6.18540       -3.98910        2.00260
H         -6.61510       -5.06540        0.66890
H         -4.26310       -4.88990       -0.19500
H         -3.84300       -3.86460        1.17660
H         -4.87990       -6.74260        1.36170
H         -4.47430       -5.73540        2.74230
H         -2.72650       -7.38240        2.21300
H         -1.71710       -4.53030        1.73860
H         -0.76860       -5.90420        2.29990
H         -2.06050       -5.25880        3.31520
H         -1.35860       -7.30620        0.21500
H         -2.18650       -5.87440       -0.39620
H         -3.04840       -7.42140       -0.28820

