HF BASIS=def2-svp cutoff=1.0e-9 denserms=1.0e-6  zmake GRADIENT DIPOLE CHARGE=0

C         -0.27950        1.93640       -3.68800
C          0.45920        1.63270       -2.41380
O          1.66890        1.79920       -2.29290
N         -0.31410        1.10180       -1.41400
C          0.19180        0.83670       -0.05050
C          1.12700       -0.39890        0.01660
O          2.35180       -0.23020       -0.72070
C          1.55420       -0.68480        1.46550
O          2.47650        0.34150        1.86870
C          0.35480       -0.72870        2.41520
C          0.78950       -0.82210        3.88140
O         -0.36690       -0.98720        4.70780
O         -0.46060        0.45460        2.29360
C         -0.96390        0.64950        0.97150
O         -1.79820       -0.44240        0.61690
P         -3.17000       -0.08930       -0.11500
O         -4.06770        0.60900        0.99700
O         -3.87570       -1.50810       -0.27340
O         -3.03420        0.67140       -1.38930
H          0.16680        2.81540       -4.16140
H         -1.33330        2.15400       -3.49380
H         -0.20430        1.07830       -4.36060
H         -1.32100        1.06180       -1.58720
H          0.77880        1.71980        0.23540
H          0.61480       -1.27280       -0.40280
H          2.22820        0.49850       -1.36880
H          2.11020       -1.62850        1.51200
H          3.11050        0.41180        1.12340
H         -0.27630       -1.59660        2.18610
H          1.29610        0.08940        4.21460
H          1.44810       -1.67950        4.04800
H         -0.96990       -0.26340        4.44970
H         -1.55640        1.57140        1.00160
H         -4.96250        0.81590        0.67260
H         -3.51580       -2.02690       -1.01520

