HF BASIS=def2-svp cutoff=1.0e-9 denserms=1.0e-6  zmake GRADIENT DIPOLE CHARGE=0

C         -3.46480        3.82350       -2.36070
C         -4.79570        4.30370       -1.77150
O         -4.63430        5.68050       -1.37220
C         -5.73290        6.21940       -0.77910
O         -6.80480        5.64760       -0.62740
C         -5.47250        7.64280       -0.35530
C         -4.29380        7.78430        0.60610
C         -4.50650        7.01040        1.91020
C         -3.35330        7.24930        2.89050
C         -3.49950        6.44380        4.18610
C         -3.22540        4.94920        3.99540
C         -3.38090        4.17800        5.30940
C         -3.16800        2.66830        5.14030
C         -1.71300        2.29780        4.83660
C         -1.47590        0.78440        4.84580
C         -2.08490        0.02720        3.65940
C         -1.34720        0.28900        2.34120
C         -1.90160       -0.59400        1.21940
C         -1.16670       -0.42980       -0.11580
C          0.27410       -0.94890       -0.07310
C          1.00320       -0.84700       -1.41610
C          0.44160       -1.79870       -2.47460
C          1.29370       -1.85020       -3.74610
C          1.42960       -0.52740       -4.50540
C          0.11930        0.11640       -4.97170
C         -0.72000       -0.79570       -5.86760
C         -1.86750       -0.02730       -6.52470
C         -2.73650       -0.94940       -7.36380
C         -3.59980        2.44610       -3.02280
O         -4.14460        1.50640       -2.10650
P         -4.47190        0.05080       -2.68460
O         -5.71710        0.27700       -3.65490
O         -5.15140       -0.69240       -1.44810
O         -3.34420       -0.71000       -3.28840
O         -2.51180        3.76640       -1.27040
C         -1.20030        3.80500       -1.63290
O         -0.79540        3.88740       -2.78330
C         -0.33150        3.72660       -0.40070
C          1.09050        3.30410       -0.75590
C          1.86080        2.80520        0.46640
C          3.24700        2.29450        0.06600
C          3.94950        1.58820        1.22440
C          5.31140        1.04170        0.79010
C          5.96660        0.26270        1.89400
C          6.01820       -1.07370        2.01740
C          5.40490       -2.10120        1.10790
C          4.36870       -2.90880        1.83800
C          4.35340       -4.23630        2.04740
C          5.35370       -5.25480        1.58630
C          6.11340       -5.82810        2.74760
C          6.05860       -7.08590        3.21550
C          5.18150       -8.19870        2.71420
C          5.96420       -9.17690        1.83690
C          5.06310      -10.29570        1.31110
C          5.83840      -11.26340        0.41490
C          4.93800      -12.37060       -0.11130
H         -3.11930        4.56390       -3.09490
H         -5.06430        3.71420       -0.88660
H         -5.59040        4.24380       -2.52120
H         -5.30360        8.24020       -1.25950
H         -6.38360        8.02650        0.11790
H         -3.37130        7.43380        0.12630
H         -4.15230        8.84780        0.83010
H         -4.59280        5.94070        1.68620
H         -5.45210        7.31880        2.37310
H         -2.39320        7.01660        2.41300
H         -3.32840        8.31630        3.14680
H         -4.50370        6.59100        4.60520
H         -2.79140        6.83980        4.92320
H         -3.91330        4.52800        3.25390
H         -2.21080        4.82400        3.60230
H         -4.39440        4.33970        5.69760
H         -2.68660        4.57280        6.06190
H         -3.47260        2.17440        6.07140
H         -3.82900        2.29530        4.34980
H         -1.40050        2.71970        3.87670
H         -1.06590        2.74690        5.60160
H         -0.39620        0.59800        4.87300
H         -1.88350        0.36520        5.77410
H         -3.14800        0.26860        3.54880
H         -2.03200       -1.04620        3.88280
H         -1.44500        1.34150        2.05280
H         -0.27960        0.09140        2.48840
H         -2.95950       -0.34500        1.06310
H         -1.86820       -1.64940        1.52310
H         -1.17910        0.62380       -0.42060
H         -1.73220       -0.98260       -0.87290
H          0.28450       -1.99100        0.26770
H          0.85170       -0.37220        0.65950
H          2.06070       -1.07860       -1.25000
H          0.95450        0.18560       -1.77140
H         -0.58420       -1.52030       -2.73360
H          0.39310       -2.80980       -2.05500
H          2.29990       -2.20210       -3.48340
H          0.87700       -2.61300       -4.41530
H          2.06390       -0.70450       -5.38310
H          1.97200        0.19710       -3.88950
H          0.37610        1.03040       -5.52520
H         -0.47540        0.43250       -4.10700
H         -1.12930       -1.62520       -5.27900
H         -0.08630       -1.23290       -6.65030
H         -1.46340        0.76350       -7.16610
H         -2.48620        0.45820       -5.76190
H         -2.14790       -1.44510       -8.13970
H         -3.20250       -1.72000       -6.74530
H         -3.53320       -0.38160       -7.85500
H         -2.62380        2.07610       -3.35310
H         -4.26110        2.51350       -3.89390
H         -5.99740       -0.55860       -4.06780
H         -4.47620       -1.05310       -0.84470
H         -0.33010        4.70310        0.09540
H         -0.77510        2.99060        0.28090
H          1.61820        4.14940       -1.21330
H          1.06190        2.50950       -1.51050
H          1.29680        1.99740        0.94640
H          1.95790        3.61330        1.20350
H          3.14690        1.59600       -0.77270
H          3.85960        3.13330       -0.28550
H          3.31780        0.76420        1.58030
H          4.07640        2.28320        2.06140
H          5.97310        1.87140        0.51140
H          5.20410        0.42980       -0.11270
H          6.45330        0.86350        2.66070
H          6.55510       -1.47840        2.87530
H          4.92240       -1.64650        0.23580
H          6.21500       -2.72800        0.71960
H          3.53590       -2.32750        2.23930
H          3.51150       -4.64580        2.61180
H          6.08320       -4.83230        0.88500
H          4.82830       -6.02690        1.01740
H          6.79560       -5.13430        3.23760
H          6.69950       -7.34420        4.05560
H          4.31810       -7.80720        2.16640
H          4.76980       -8.72820        3.58390
H          6.79200       -9.61440        2.41120
H          6.41240       -8.64090        0.98970
H          4.62640      -10.84490        2.15440
H          4.23020       -9.86170        0.74230
H          6.27500      -10.72280       -0.43430
H          6.66970      -11.70860        0.97630
H          5.50560      -13.04780       -0.75770
H          4.11160      -11.95950       -0.70010
H          4.51380      -12.95850        0.70930

