HF BASIS=def2-svp cutoff=1.0e-9 denserms=1.0e-6  zmake GRADIENT DIPOLE CHARGE=0

N         -1.98130        1.34370       -3.48060
C         -1.49520        1.35210       -2.20460
N         -2.34050        1.09520       -1.25330
C         -1.91650        1.15050        0.05820
O         -2.73700        1.11250        0.97220
N         -0.54510        1.20220        0.30970
C          0.33970        1.50040       -0.70540
C         -0.06720        1.62060       -1.96710
C         -0.08560        1.09280        1.70410
O          1.34820        0.88390        1.73560
C          1.61860       -0.37960        2.38900
C          1.85540       -1.45770        1.31770
O          0.73220       -1.55740        0.45960
P          0.83660       -2.42840       -0.87760
O          1.97640       -1.66760       -1.71650
O          1.16810       -3.86930       -0.69210
O         -0.47010       -2.07330       -1.70270
P         -1.91490       -2.54010       -1.25660
O         -2.90120       -1.62330       -2.11580
O         -2.11740       -3.95290       -1.97140
O         -2.22170       -2.55080        0.19800
C          0.41820       -0.64060        3.28720
O          0.55970        0.09140        4.51500
C         -0.73690       -0.06800        2.49440
O         -1.78640        0.35780        3.37290
H         -2.99390        1.40070       -3.53300
H         -1.51830        1.93480       -4.16080
H          1.38620        1.63350       -0.44810
H          0.59850        1.83690       -2.78920
H         -0.29360        2.05680        2.18370
H          2.53400       -0.25370        2.97680
H          2.03900       -2.43020        1.78490
H          2.72970       -1.18050        0.71980
H          2.32210       -2.25530       -2.41400
H         -2.95760       -0.71010       -1.75580
H         -2.94700       -4.37220       -1.68080
H          0.28300       -1.69310        3.55150
H         -0.36090        0.28520        4.79460
H         -1.14800       -0.83360        1.83270
H         -2.49680        0.68250        2.77290

