HF BASIS=def2-svp cutoff=1.0e-9 denserms=1.0e-6  zmake GRADIENT DIPOLE CHARGE=0

C         -4.15920       -1.10020       -0.08210
C         -4.91360       -1.64580        1.13770
C         -6.40970       -1.36240        0.95390
C         -4.36480       -1.05930        2.47010
C         -5.12730       -1.58170        3.69400
C         -2.89670       -1.38050        2.66580
C         -1.96630       -0.46580        2.98820
C         -0.51070       -0.79140        3.22990
C         -0.25980       -0.70450        4.74340
C          0.44960        0.14640        2.45070
C          1.94460       -0.18990        2.71640
C          2.71690        0.09650        1.41660
C          1.72010        0.86680        0.54410
O          1.70910        2.22520        1.03910
C          1.93430        1.02430       -0.94430
C          3.09520        0.68740       -1.53100
C          3.37260        1.00610       -2.94730
O          4.41940        0.60040       -3.45580
C          2.37350        1.86050       -3.73250
O          2.53650        1.50970       -5.12330
C          2.76610        3.33840       -3.61950
C          1.80030        4.23870       -4.38780
O          2.12660        5.60380       -4.12590
C          0.33430        3.99220       -4.04140
C         -0.04570        2.51260       -4.06740
C          0.91040        1.55720       -3.28460
C          0.53640        0.10930       -3.73680
C          0.77570        1.69650       -1.69890
O          0.87920        3.08150       -1.34230
C         -0.62920        1.23400       -1.19700
C         -0.76450        1.05860        0.32590
C          0.36810        0.18100        0.89120
C          0.26760       -1.25620        0.31520
H         -3.10770       -1.40000       -0.06850
H         -4.20550       -0.00650       -0.12000
H         -4.58950       -1.48800       -1.01210
H         -4.78240       -2.73640        1.14780
H         -7.01030       -1.87540        1.71080
H         -6.62000       -0.28950        1.01530
H         -6.75720       -1.71960       -0.02180
H         -4.49260        0.03160        2.44230
H         -6.16110       -1.22260        3.70150
H         -4.66580       -1.23410        4.62560
H         -5.14560       -2.67700        3.71680
H         -2.60930       -2.42550        2.56150
H         -2.26250        0.57380        3.12180
H         -0.31520       -1.82920        2.93110
H         -0.96250       -1.33930        5.29580
H         -0.37610        0.32170        5.11030
H          0.74840       -1.04250        5.00220
H          0.27700        1.16760        2.82370
H          2.08890       -1.23880        2.99940
H          2.32780        0.42730        3.53710
H          3.01670       -0.85130        0.95510
H          3.62820        0.66400        1.63450
H          2.63590        2.52530        1.08090
H          3.92220        0.22580       -1.00400
H          3.49420        1.34910       -5.25590
H          3.77170        3.49280       -4.03640
H          2.85490        3.66440       -2.57740
H          1.94140        4.08280       -5.46370
H          1.90720        5.78100       -3.19440
H          0.08450        4.44310       -3.07550
H         -0.29410        4.53770       -4.75770
H         -0.06870        2.20460       -5.12230
H         -1.07660        2.40210       -3.71250
H         -0.53810       -0.07910       -3.64450
H          0.76980       -0.06460       -4.79290
H          1.06500       -0.65390       -3.15810
H          0.89880        3.12320       -0.36200
H         -0.91710        0.28060       -1.64580
H         -1.38760        1.96460       -1.50490
H         -0.77730        2.04380        0.80750
H         -1.74250        0.61530        0.53140
H         -0.73540       -1.66810        0.46220
H          0.47400       -1.29230       -0.75830
H          0.96950       -1.94750        0.79230

