HF BASIS=def2-svp cutoff=1.0e-9 denserms=1.0e-6  zmake GRADIENT DIPOLE CHARGE=0

C         -3.25100       -1.64510       -2.65820
C         -3.46140       -0.90480       -1.36570
C         -4.90390       -0.82740       -0.93220
C         -2.49500       -0.33020       -0.62150
C         -1.01160       -0.30020       -0.87680
C         -0.21400       -0.82360        0.29740
C         -0.13000       -2.18450        0.61410
O         -0.79290       -3.15100       -0.08620
C          0.64940       -2.62970        1.68020
C          1.34930       -1.71640        2.47070
C          1.27010       -0.34940        2.19030
C          0.49040        0.08720        1.10660
C          1.99270        0.67360        3.00430
C          2.84330        0.21870        4.16130
O          1.88620        1.86620        2.72460
H         -3.58070       -2.68400       -2.55270
H         -3.83510       -1.17770       -3.45810
H         -2.21040       -1.66340       -2.98700
H         -5.31060       -1.83410       -0.79040
H         -5.02740       -0.28390        0.01040
H         -5.50130       -0.31380       -1.69260
H         -2.79270        0.19630        0.28710
H         -0.72710        0.73920       -1.08480
H         -0.71820       -0.86340       -1.76740
H         -1.51000       -2.73210       -0.59080
H          0.70390       -3.69350        1.89870
H          1.94190       -2.10000        3.29530
H          0.43720        1.15380        0.88790
H          3.64700       -0.43260        3.80820
H          2.22720       -0.28910        4.90780
H          3.30020        1.09250        4.63650

