HF BASIS=def2-svp cutoff=1.0e-9 denserms=1.0e-6  zmake GRADIENT DIPOLE CHARGE=0

Cl         -5.73180       -3.05760       -2.70290
C         -4.07210       -2.61910       -2.59000
C         -3.70750       -1.45170       -1.92490
C         -2.35980       -1.09640       -1.83430
C         -1.36650       -1.91350       -2.39640
C          0.09350       -1.52560       -2.31810
C          0.54290       -1.13250       -0.91640
N          0.66730        0.13810       -0.67860
N          1.06480        0.56450        0.56550
C          1.08820        2.02910        0.78080
C         -0.31600        2.50230        1.18800
C         -0.51170        4.01450        1.17620
C         -0.86120        4.56210       -0.20770
N          0.23890        4.58260       -1.16570
C          0.78920        3.26320       -1.47830
C          1.74330        2.77350       -0.39320
C          1.26200       -0.29190        1.64830
O          1.52140        0.08280        2.78970
C          1.15170       -1.73610        1.37510
C          1.39940       -2.66230        2.39840
C          1.29480       -4.02860        2.14360
C          0.94260       -4.46980        0.87010
C          0.69440       -3.54680       -0.15030
C          0.79910       -2.17310        0.10300
C         -1.75260       -3.07610       -3.08000
C         -3.10080       -3.43090       -3.17100
H         -4.46430       -0.81170       -1.47910
H         -2.09260       -0.17250       -1.32270
H          0.25760       -0.67760       -2.99570
H          0.73940       -2.33130       -2.68520
H          1.74670        2.20270        1.64280
H         -0.51290        2.13620        2.20470
H         -1.08060        2.02810        0.55860
H         -1.35230        4.24970        1.84170
H          0.36300        4.52770        1.59330
H         -1.19590        5.59850       -0.07970
H         -1.71540        4.01690       -0.62800
H         -0.10190        5.00320       -2.03110
H          0.00120        2.54020       -1.71510
H          1.37790        3.38110       -2.39650
H          2.50910        2.13360       -0.85160
H          2.29840        3.63520        0.00380
H          1.67340       -2.31900        3.39460
H          1.48600       -4.74610        2.93830
H          0.85740       -5.53620        0.67140
H          0.41740       -3.93150       -1.12610
H         -1.00830       -3.71500       -3.55090
H         -3.38650       -4.33650       -3.69960

