HF BASIS=def2-svp cutoff=1.0e-9 denserms=1.0e-6  zmake GRADIENT DIPOLE CHARGE=0

O         -4.36010       -3.12430       -0.02060
P         -3.87890       -1.75390        0.62570
O         -4.95100       -0.70590        0.05220
O         -3.73020       -1.72930        2.10320
O         -2.59080       -1.38230       -0.23260
C         -1.56790       -0.57340        0.34210
C         -0.35980       -1.47490        0.59620
O         -0.08570       -2.25360       -0.56950
P         -0.52160       -3.79510       -0.53060
O         -0.23670       -4.26950       -2.02620
O          0.64860       -4.55540        0.25640
O         -1.90070       -4.13220       -0.06290
C          0.86940       -0.65480        0.98690
O          2.03380       -1.47650        1.04420
P          2.39960       -2.30980        2.35570
O          1.13840       -3.26750        2.54360
O          2.23560       -1.26800        3.55070
O          3.70190       -3.02930        2.32820
C          1.17930        0.45180       -0.02810
O          2.17620        1.28520        0.57690
P          3.62470        1.38230       -0.09650
O          3.42220        2.55000       -1.16080
O          4.19100        0.11100       -0.63780
O          4.53470        2.05470        1.02500
P          5.12850        1.08680        2.13860
O          6.24570        0.25600        1.36100
O          6.04190        2.04010        3.03580
O          4.16060        0.26320        2.91770
C         -0.01980        1.35200       -0.33350
O          0.31700        2.10010       -1.50490
P          0.16750        3.69150       -1.56400
O          1.36840        4.19260       -0.60490
O          0.29580        4.30240       -2.91740
O         -1.13230        4.05700       -0.73050
P         -1.91740        5.40200       -1.01410
O         -3.09370        5.42730        0.05540
O         -2.71530        5.12920       -2.37540
O         -1.08680        6.63860       -1.00520
C         -1.31310        0.58230       -0.62680
O         -2.40370        1.49180       -0.42340
P         -3.48050        1.76010       -1.57220
O         -3.87910        0.33840       -2.16510
O         -2.62750        2.43870       -2.73540
O         -4.64650        2.58420       -1.15440
H         -3.66710       -3.81600        0.12670
H         -5.68620       -0.62080        0.69570
H         -1.91010       -0.15890        1.29860
H         -0.61920       -2.16050        1.40770
H         -1.00040       -4.08850       -2.60470
H          0.59790       -5.50760        0.04610
H          0.70300       -0.19470        1.96830
H          1.25320       -4.07570        1.99180
H          3.01620       -0.65970        3.53660
H          1.58290        0.02560       -0.95390
H          2.89530        3.29800       -0.79860
H          5.86480       -0.36700        0.70230
H          6.63890        1.50890        3.59230
H         -0.17320        2.05130        0.49860
H          1.47970        5.15780       -0.74600
H         -2.82610        5.68740        0.95750
H         -2.91040        5.97580       -2.82250
H         -1.32470        0.23170       -1.66550
H         -4.51170       -0.10960       -1.55780
H         -2.95450        3.35420       -2.90570

