HF BASIS=def2-svp cutoff=1.0e-9 denserms=1.0e-6  zmake GRADIENT DIPOLE CHARGE=0

C          0.97820       -3.00790       -0.47760
C          0.92190       -2.23090       -1.79040
O          2.21200       -1.67650       -2.06810
C         -0.16210       -1.13030       -1.82000
O         -1.45670       -1.75250       -1.77440
C         -0.03790       -0.11170       -0.70400
N         -0.99690       -0.12490        0.26220
C         -0.84540        0.81170        1.24150
C          0.19830        1.73100        1.27110
N          0.26440        2.66620        2.29320
C         -0.62330        2.59830        3.30880
N         -0.39090        3.50100        4.29250
N         -1.61670        1.77790        3.40030
C         -1.82070        0.87190        2.37020
O         -2.78420        0.11140        2.36120
N          1.14780        1.74160        0.30760
C          1.00930        0.80730       -0.67070
H          1.31180       -2.37270        0.34960
H          1.70860       -3.82130       -0.55240
H          0.00680       -3.44190       -0.22330
H          0.69930       -2.94480       -2.59340
H          2.83780       -2.42220       -2.11730
H         -0.10550       -0.58910       -2.77200
H         -1.88930       -1.41120       -0.96220
H          1.09990        3.22750        2.32760
H         -0.22340        4.44590        3.96820
H         -1.14840        3.49050        4.97240
H          1.77750        0.82190       -1.43910

