HF BASIS=def2-svp cutoff=1.0e-9 denserms=1.0e-6  zmake GRADIENT DIPOLE CHARGE=0

C          4.13300       -4.66260       -1.75010
C          3.54610       -3.29740       -2.06030
C          2.80160       -2.70800       -0.87890
O          2.68540       -3.26270        0.20740
N          2.24600       -1.47760       -1.15200
C          1.71830       -0.67940       -0.06170
O          0.67920        0.10620       -0.63240
C         -0.13080        0.69740        0.28920
O          0.06000        0.61690        1.49680
C         -1.24480        1.44400       -0.41030
C         -2.14930        2.20400        0.52830
C         -3.29030        1.59300        1.06730
C         -4.11680        2.29240        1.94810
C         -3.80910        3.60450        2.30220
C         -2.67340        4.21850        1.77820
C         -1.84480        3.52210        0.89700
C          2.88050        0.17550        0.53090
O          2.59930        0.76910        1.71720
O          3.95510        0.35090       -0.03540
H          4.84110       -4.60600       -0.91680
H          4.66240       -5.05730       -2.62270
H          3.34790       -5.37470       -1.47490
H          4.35120       -2.60950       -2.34180
H          2.85130       -3.37960       -2.90340
H          2.66560       -0.94770       -1.90490
H          1.33150       -1.35160        0.71400
H         -1.83790        0.72160       -0.98370
H         -0.79790        2.14550       -1.12510
H         -3.54440        0.56730        0.80920
H         -4.99970        1.81200        2.36220
H         -4.45200        4.14700        2.99040
H         -2.43080        5.24020        2.05950
H         -0.95970        4.01790        0.50420
H          1.67150        0.61950        2.02760

