HF BASIS=def2-svp cutoff=1.0e-9 denserms=1.0e-6  zmake GRADIENT DIPOLE CHARGE=0

C         -3.98360       -0.53860       -3.03020
O         -3.50620       -1.07250       -4.26110
C         -2.14400       -1.18740       -4.37880
C         -1.70170       -1.99310       -5.43270
O         -2.60770       -2.59950       -6.26050
C         -0.34990       -2.20880       -5.66720
C          0.59360       -1.59590       -4.84100
C          0.18220       -0.75560       -3.79340
C         -1.19570       -0.56150       -3.56880
C          1.21190       -0.03310       -2.94580
O          0.98750        1.39940       -3.09220
C          1.17310        1.89960       -1.83200
C          1.31100        0.94270       -0.84470
C          1.43690        1.32840        0.48250
C          1.44070        2.69840        0.80650
C          1.52840        3.13810        2.24940
C          0.21660        2.94230        3.01970
C         -0.90820        3.85780        2.55290
O         -0.53990        5.21520        2.75190
C          1.32200        3.65750       -0.21920
C          1.18150        3.24980       -1.54110
O          1.03980        4.18090       -2.52540
C          1.18010       -0.41680       -1.43940
C          2.30450       -1.40640       -1.11540
O          2.48220       -1.70720        0.26940
C          1.48270       -2.56210        0.83380
O          0.29010       -1.82050        1.06000
C         -0.74480       -2.58160        1.70500
C         -2.00080       -1.70690        1.79740
O         -2.53980       -1.48690        0.49050
C         -0.27390       -3.02230        3.09680
O         -1.26210       -3.81210        3.75680
C          1.01610       -3.83920        2.95710
O          1.50750       -4.16080        4.26950
C          2.06740       -3.06200        2.17310
O          2.49160       -1.94910        2.99300
H         -3.59930       -1.10750       -2.17520
H         -3.74110        0.52540       -2.93960
H         -5.07430       -0.62990       -3.03150
H         -3.47890       -2.27990       -5.95490
H         -0.03650       -2.83980       -6.49520
H          1.64960       -1.76180       -5.03990
H         -1.50070        0.11060       -2.77250
H          2.21160       -0.21360       -3.36790
H          1.49870        0.58240        1.26940
H          2.31710        2.55030        2.73710
H          1.85930        4.18240        2.30820
H          0.41920        3.15060        4.07840
H         -0.11490        1.89970        2.95300
H         -1.81220        3.66080        3.13700
H         -1.14330        3.70420        1.49540
H         -1.29130        5.75980        2.46460
H          1.32240        4.71930        0.01530
H          0.95500        3.67300       -3.35630
H          0.20680       -0.82620       -1.15430
H          2.16360       -2.34180       -1.67070
H          3.26270       -0.98830       -1.44630
H          1.28300       -3.40790        0.16550
H         -0.97970       -3.45130        1.07830
H         -1.76140       -0.72840        2.22370
H         -2.77800       -2.18820        2.39780
H         -3.34640       -0.95990        0.61220
H         -0.08760       -2.14750        3.72880
H         -0.79630       -4.25830        4.49430
H          0.79950       -4.79270        2.46110
H          1.96570       -3.34940        4.57800
H          2.96460       -3.66750        2.00940
H          2.91350       -1.32270        2.36640

