HF BASIS=def2-svp cutoff=1.0e-9 denserms=1.0e-6  zmake GRADIENT DIPOLE CHARGE=0

N         -3.44400        1.66530        0.08990
C         -2.58460        0.48730        0.36070
C         -2.09600       -0.13030       -0.95410
C         -1.10690        0.76260       -1.69980
O          0.09270        0.95440       -0.93040
C          1.05010       -0.00510       -1.06490
O          0.95640       -1.00400       -1.76310
C          2.23830        0.34860       -0.21010
C          3.34390       -0.69030       -0.34590
C          4.52140       -0.33480        0.51270
O          5.52550       -1.22300        0.38650
O          4.62750        0.62200        1.26010
C         -3.36880       -0.55080        1.17050
O         -2.59320       -1.53860        1.65820
O         -4.56880       -0.53320        1.40080
H         -4.31660        1.33060       -0.32860
H         -3.74020        2.05430        0.98800
H         -1.74440        0.81990        0.98060
H         -1.61710       -1.09430       -0.74320
H         -2.95110       -0.34840       -1.60690
H         -0.86870        0.33830       -2.68270
H         -1.53400        1.75330       -1.88640
H          1.90670        0.41110        0.83280
H          2.60840        1.33250       -0.52060
H          2.97660       -1.67590       -0.03840
H          3.67870       -0.74910       -1.38780
H          6.22450       -0.88750        0.98630
H         -3.21630       -2.11500        2.14890

