HF BASIS=def2-svp cutoff=1.0e-9 denserms=1.0e-6  zmake GRADIENT DIPOLE CHARGE=0

C         -1.03870        0.73010        0.98530
O         -0.12970        0.86970       -0.11050
C          1.16820        0.85910        0.35560
C          1.88470       -0.35380        0.42200
C          1.32650       -1.66090        0.04360
C          0.66350       -1.86960       -1.10340
C          0.14560       -3.22650       -1.41930
O          0.48810       -4.21580       -0.77960
C         -0.78510       -3.36920       -2.57180
C         -0.83130       -4.60190       -3.23240
C         -1.69260       -4.78790       -4.31650
C         -2.52450       -3.75100       -4.74790
O         -3.31940       -4.05780       -5.82210
S         -4.34490       -2.98930       -6.49330
O         -4.97090       -3.83250       -7.71670
O         -3.57380       -1.93780       -7.12220
O         -5.41720       -2.70080       -5.56800
C         -2.49590       -2.52630       -4.07940
C         -1.63200       -2.33630       -2.99220
C          3.20050       -0.32790        0.89960
C          3.79730        0.87790        1.26710
C          3.07960        2.06930        1.17220
C          1.76300        2.09130        0.69130
C          1.06730        3.40360        0.52620
O          0.49710        4.01680        1.69040
C          1.72580        4.57660        1.19970
C          2.96070        4.31590        2.03510
C          3.89200        5.53680        1.94950
C          2.63730        4.06310        3.51560
O          3.75340        3.20910        1.53210
H         -2.05240        0.70230        0.57430
H         -0.87010       -0.20450        1.53140
H         -0.97470        1.58390        1.66780
H          1.50290       -2.47820        0.74010
H          0.51030       -1.07290       -1.82030
H         -0.19530       -5.42290       -2.90500
H         -1.71350       -5.75190       -4.82010
H         -4.35670       -3.75590       -8.47430
H         -3.13630       -1.69580       -4.36540
H         -1.65680       -1.37980       -2.47560
H          3.77870       -1.24660        0.97540
H          4.82240        0.88940        1.62830
H          0.57290        3.59390       -0.42110
H          1.68330        5.54280        0.71780
H          3.40810        6.44250        2.33080
H          4.19170        5.72310        0.91120
H          4.81650        5.36940        2.51390
H          2.08850        4.90320        3.95450
H          2.03170        3.15960        3.64820
H          3.55460        3.90330        4.09390

