HF BASIS=def2-svp cutoff=1.0e-9 denserms=1.0e-6  zmake GRADIENT DIPOLE CHARGE=0

C          2.23060       -3.59710       -0.94880
O          1.61890       -2.59760       -1.74190
P          0.16320       -2.00820       -1.29950
S         -1.19650       -3.40960       -1.16590
O          0.56660       -1.34080        0.13440
C         -0.11330       -0.27820        0.66730
C          0.55650        0.93570        0.85000
Cl          2.21670        1.11430        0.41580
C         -0.11620        2.03370        1.38610
C         -1.45980        1.91500        1.75480
Br         -2.30760        3.45650        2.47000
C         -2.12360        0.69190        1.59630
Cl         -3.77680        0.46500        2.04180
C         -1.44490       -0.40760        1.05880
C         -0.06260       -0.61340       -2.40680
C         -1.35090       -0.15960       -2.73490
C         -1.52720        0.94570       -3.56900
C         -0.41950        1.61290       -4.08630
C          0.86500        1.17560       -3.77250
C          1.04220        0.07010       -2.93930
H          2.11940       -3.38170        0.11690
H          3.29660       -3.62470       -1.18890
H          1.79700       -4.57330       -1.17990
H          0.40800        2.97780        1.51520
H         -1.96110       -1.35920        0.96540
H         -2.23140       -0.66520       -2.34240
H         -2.53010        1.28510       -3.81760
H         -0.55730        2.47270       -4.73720
H          1.73030        1.69550       -4.17670
H          2.05320       -0.25500       -2.69960

