HF BASIS=def2-svp cutoff=1.0e-9 denserms=1.0e-6  zmake GRADIENT DIPOLE CHARGE=0

O         -0.07170       -4.81640       -4.39660
C         -0.61100       -3.49160       -4.55480
C          0.51240       -2.45190       -4.51470
O          0.77810       -2.09870       -3.15640
C         -0.28630       -1.32550       -2.57070
O         -0.16090       -1.48900       -1.15620
C         -0.52610       -0.31050       -0.43780
C         -0.40240       -0.56690        1.06730
O         -0.66500        0.67310        1.75250
C         -0.48970        0.58410        3.17600
O          0.85820        0.26350        3.53970
C          1.76290        1.29080        3.60290
C          1.60220        2.51620        2.94490
C          2.57010        3.51810        3.06520
C          3.71590        3.30520        3.83050
C          3.90110        2.08210        4.47230
C          2.93350        1.07600        4.35120
C          3.16670       -0.21840        5.03140
O          4.15310       -0.41880        5.73060
C         -1.43160       -0.47870        3.77660
O         -2.80990       -0.07550        3.66430
C         -1.25580       -1.82930        3.06380
O         -2.27020       -2.74880        3.50090
C         -1.36250       -1.67310        1.54250
O         -2.72230       -1.32400        1.21930
C         -1.69460       -1.79430       -3.02150
O         -2.15310       -1.03780       -4.15920
C         -1.62680       -3.26890       -3.41880
O         -2.92660       -3.70590       -3.85420
H          0.57430       -4.76720       -3.66380
H         -1.09130       -3.48310       -5.53920
H          0.25730       -1.54810       -5.08120
H          1.43470       -2.86530       -4.93810
H         -0.11260       -0.28050       -2.85520
H         -1.54200        0.00580       -0.69860
H          0.15020        0.50910       -0.71420
H          0.62890       -0.87900        1.27530
H         -0.78680        1.55310        3.60040
H          0.73950        2.71970        2.31640
H          2.43140        4.46950        2.55180
H          4.46660        4.08730        3.92010
H          4.80070        1.91210        5.06220
H          2.41160       -1.00750        4.88510
H         -1.23210       -0.60650        4.84770
H         -2.98550        0.02690        2.70030
H         -0.28380       -2.25940        3.31940
H         -2.97690       -2.20970        3.92010
H         -1.15070       -2.62720        1.04580
H         -3.26050       -2.07130        1.55400
H         -2.44290       -1.64100       -2.23420
H         -2.97610       -1.48640       -4.43980
H         -1.37000       -3.87330       -2.53670
H         -2.81970       -4.64940       -4.09580

