HF BASIS=def2-svp cutoff=1.0e-9 denserms=1.0e-6  zmake GRADIENT DIPOLE CHARGE=0

C         -4.50940        3.04220       -1.43440
C         -5.75190        2.99790       -0.53450
O         -5.46070        2.73240        0.84570
C         -5.23410        1.42400        1.16050
O         -5.08930        0.52690        0.34420
C         -5.22960        1.27150        2.66430
C         -5.08430       -0.17670        3.13260
C         -3.65840       -0.73610        3.07560
C         -2.69120       -0.00590        4.01260
C         -1.36120       -0.75140        4.14610
C         -0.40100        0.00460        5.07190
C          0.99840       -0.61400        5.12950
C          1.01340       -1.98440        5.74670
C          1.29560       -3.14940        5.13990
C          1.61870       -3.37140        3.68950
C          3.04630       -3.80320        3.51500
C          3.50800       -4.92040        2.92660
C          2.71440       -6.02460        2.28900
C          3.04090       -7.35240        2.91250
C          3.62890       -8.40840        2.32610
C          4.14530       -8.49520        0.91890
C          3.20150       -9.28810        0.02870
C         -3.51070        4.09770       -0.93380
O         -2.37780        4.10440       -1.82110
C         -1.49360        5.11710       -1.62450
O         -1.51460        5.88940       -0.67770
C         -0.53890        5.17710       -2.79610
C          0.73620        5.96200       -2.49600
C          1.81830        5.14240       -1.78200
C          2.48360        4.11240       -2.70500
C          3.78790        3.54780       -2.13270
C          3.57400        2.60740       -0.94580
C          4.89010        2.17430       -0.36490
C          5.50420        0.98760       -0.50410
C          5.04780       -0.20550       -1.29460
C          5.01170       -1.44080       -0.43820
C          3.94900       -2.19800       -0.11700
C          2.51350       -1.98610       -0.50150
C          2.04300       -3.06540       -1.43340
C          1.07420       -3.97500       -1.23340
C          0.22970       -4.15990       -0.00280
C         -1.22870       -3.73180       -0.19690
C         -2.02400       -4.67190       -1.10850
C         -3.43720       -4.16710       -1.41340
C         -4.32060       -4.02940       -0.18250
O         -4.87010        3.39450       -2.78490
C         -5.54400        2.35570       -3.49210
C         -5.50120        2.64710       -4.99270
C         -4.18540        2.23640       -5.67010
C         -2.98020        3.08650       -5.26610
C         -1.69370        2.71260       -6.00550
C         -1.17560        1.28030       -5.81900
C         -0.72700        0.91850       -4.39640
C         -1.84670        0.33290       -3.53270
C         -1.36930       -0.22240       -2.18870
C         -0.69250        0.82040       -1.29570
C         -0.52660        0.29710        0.13250
C          0.35220        1.18650        1.01350
C         -0.23220        2.58050        1.24290
C          0.61080        3.37370        2.24360
C          0.15070        4.82400        2.41690
C         -1.30230        5.01360        2.86510
C         -1.61630        4.35620        4.20930
C         -3.05050        4.62800        4.63560
H         -3.99120        2.07670       -1.44940
H         -6.26560        3.96660       -0.57250
H         -6.48780        2.27020       -0.89800
H         -6.20090        1.64000        3.01770
H         -4.45090        1.91160        3.08560
H         -5.44060       -0.24370        4.16810
H         -5.73840       -0.82630        2.53770
H         -3.70090       -1.79510        3.35770
H         -3.27850       -0.70030        2.04900
H         -2.49840        1.00330        3.63020
H         -3.14540        0.10330        5.00530
H         -1.54810       -1.75510        4.54370
H         -0.90700       -0.87470        3.15680
H         -0.30150        1.03940        4.72320
H         -0.82810        0.05450        6.08170
H          1.64070        0.03170        5.74120
H          1.44250       -0.60880        4.12960
H          0.78550       -2.01420        6.81250
H          1.27570       -4.05380        5.74780
H          0.91310       -4.11240        3.30320
H          1.45760       -2.46830        3.09290
H          3.78540       -3.10050        3.90150
H          4.58950       -5.04900        2.87780
H          1.63740       -5.86790        2.39130
H          2.91770       -6.01780        1.21390
H          2.73470       -7.45770        3.95270
H          3.76690       -9.30800        2.92640
H          5.12560       -8.98640        0.93860
H          4.31420       -7.50450        0.48520
H          3.05810      -10.30600        0.40830
H          3.60860       -9.35990       -0.98490
H          2.21970       -8.80510       -0.03400
H         -3.97670        5.08980       -0.95000
H         -3.16790        3.85960        0.07770
H         -0.30290        4.15990       -3.12070
H         -1.08060        5.67380       -3.61000
H          0.50340        6.84330       -1.88690
H          1.14590        6.34190       -3.44000
H          1.39590        4.64890       -0.90070
H          2.58250        5.84080       -1.42090
H          1.79190        3.29160       -2.92420
H          2.72140        4.59200       -3.66320
H          4.45040        4.37590       -1.85080
H          4.30220        2.99710       -2.93150
H          2.96550        1.75190       -1.25550
H          3.01100        3.11480       -0.15550
H          5.39300        2.93000        0.23870
H          6.46870        0.86960       -0.01010
H          4.09160       -0.02700       -1.79090
H          5.77190       -0.37680       -2.10110
H          5.98100       -1.76080       -0.05380
H          4.12500       -3.06980        0.51290
H          2.36080       -1.01890       -0.98990
H          1.92220       -1.95000        0.41820
H          2.55700       -3.08830       -2.39470
H          0.87850       -4.67900       -2.04070
H          0.26900       -5.21490        0.29430
H          0.64260       -3.59690        0.83810
H         -1.26610       -2.71300       -0.59600
H         -1.70450       -3.70110        0.79100
H         -2.08170       -5.66530       -0.64710
H         -1.50320       -4.79760       -2.06420
H         -3.38370       -3.20180       -1.93130
H         -3.91340       -4.87100       -2.10730
H         -4.35490       -4.96560        0.38440
H         -3.96440       -3.23370        0.47980
H         -5.34280       -3.77590       -0.48130
H         -6.58980        2.34570       -3.16850
H         -5.10170        1.37720       -3.27720
H         -5.69330        3.71030       -5.18000
H         -6.30680        2.07790       -5.47260
H         -3.99750        1.17820       -5.45880
H         -4.32320        2.31760       -6.75560
H         -3.20280        4.13970       -5.48020
H         -2.80110        3.02870       -4.19190
H         -1.84830        2.88010       -7.07910
H         -0.90450        3.41300       -5.70180
H         -0.29620        1.18140       -6.46970
H         -1.90340        0.55230       -6.19390
H         -0.27850        1.79310       -3.91320
H          0.06550        0.16300       -4.47650
H         -2.33930       -0.48040       -4.07910
H         -2.61200        1.08600       -3.33730
H         -0.67950       -1.05700       -2.36140
H         -2.24250       -0.63510       -1.66770
H          0.28880        1.08020       -1.71040
H         -1.29550        1.73310       -1.28120
H         -1.51370        0.18210        0.59490
H         -0.07880       -0.70080        0.10250
H          0.48510        0.68770        1.98030
H          1.34960        1.26850        0.56920
H         -1.25920        2.48160        1.61210
H         -0.27400        3.12650        0.29490
H          1.65420        3.38940        1.90450
H          0.61450        2.86420        3.21320
H          0.81250        5.31330        3.14280
H          0.29230        5.35570        1.46840
H         -1.49740        6.09120        2.93740
H         -1.98350        4.63140        2.09700
H         -1.47120        3.27350        4.14730
H         -0.93220        4.73500        4.97700
H         -3.75910        4.23670        3.89910
H         -3.23000        5.70160        4.74920
H         -3.25680        4.14510        5.59610

