HF BASIS=def2-svp cutoff=1.0e-9 denserms=1.0e-6  zmake GRADIENT DIPOLE CHARGE=0

C          6.13280        1.20790        2.79600
C          5.44860        2.56460        3.07160
C          5.64050        2.87760        4.57300
C          6.17750        3.67080        2.27760
C          3.97540        2.49710        2.63350
C          2.90780        2.69020        3.52480
C          1.57640        2.61980        3.09470
C          1.26920        2.35040        1.75790
C         -0.16900        2.28520        1.28960
N         -0.51550        1.00480        0.65190
C         -0.54340       -0.09940        1.63140
C         -0.97370       -1.43720        0.98630
N         -2.30870       -1.36080        0.33690
C         -2.26170       -0.24270       -0.64040
C         -1.83700        1.09550        0.00560
C         -2.64740       -2.64880       -0.34110
C         -2.61580       -3.86510        0.59470
C         -1.94400       -5.03480        0.19850
C         -1.91500       -6.15720        1.02900
C         -2.55950       -6.12920        2.26390
C         -3.23560       -4.98060        2.66990
C         -3.26540       -3.85760        1.84140
C         -3.99530       -2.61330       -1.08000
C         -5.15500       -2.09040       -0.47910
C         -6.37260       -2.08220       -1.16340
C         -6.44480       -2.60330       -2.45230
Cl         -7.94450       -2.59180       -3.29630
C         -5.31110       -3.13390       -3.06320
C         -4.09240       -3.14060       -2.38020
C          2.32230        2.15990        0.85830
C          3.65030        2.22980        1.29010
H          7.17700        1.21420        3.13010
H          5.61970        0.39420        3.32150
H          6.14020        0.95720        1.72990
H          5.20690        3.84730        4.84200
H          6.70460        2.91690        4.83540
H          5.18040        2.11100        5.20700
H          7.22300        3.76190        2.59520
H          5.69700        4.64500        2.42690
H          6.18730        3.47060        1.20040
H          3.07930        2.90000        4.57700
H          0.78080        2.77550        3.81990
H         -0.29640        3.10440        0.56850
H         -0.85270        2.50220        2.12160
H         -1.22750        0.13380        2.45910
H          0.45320       -0.24700        2.06360
H         -0.97760       -2.18410        1.78720
H         -0.20950       -1.74330        0.25840
H         -1.56950       -0.47850       -1.46060
H         -3.24830       -0.07890       -1.08680
H         -1.80570        1.85680       -0.78420
H         -2.60420        1.40590        0.72870
H         -1.86970       -2.80910       -1.10370
H         -1.43800       -5.08000       -0.76310
H         -1.39030       -7.05470        0.71100
H         -2.53750       -7.00340        2.90920
H         -3.74010       -4.95710        3.63210
H         -3.79090       -2.96630        2.17610
H         -5.10870       -1.67850        0.52690
H         -7.25650       -1.67040       -0.68480
H         -5.36850       -3.54530       -4.06700
H         -3.21720       -3.56340       -2.86850
H          2.11030        1.94470       -0.18680
H          4.43320        2.06790        0.55280

