HF BASIS=def2-svp cutoff=1.0e-9 denserms=1.0e-6  zmake GRADIENT DIPOLE CHARGE=0

C          1.33970        3.28240        1.17140
N          1.50280        1.88200        0.90460
C          2.06850        1.43480       -0.26560
O          2.61030        2.13710       -1.10710
C          1.97380       -0.08120       -0.46880
N          1.81680       -0.82640        0.59180
O          1.73210       -2.18770        0.26220
C          1.52620       -2.92820        1.45880
C          2.10780       -0.55770       -1.86380
C          3.24700       -1.30290       -2.19610
C          3.47950       -1.66600       -3.52340
C          2.58600       -1.27620       -4.52180
C          1.44830       -0.53400       -4.19570
C          1.20010       -0.18340       -2.86290
C         -0.05270        0.53830       -2.57770
N         -0.67500        0.38470       -1.45480
O         -1.84230        1.16630       -1.45330
C         -2.74480        0.65860       -0.45680
C         -4.14970        1.13840       -0.81750
C         -2.31550        1.08050        0.93910
C         -2.41970        2.40730        1.37910
C         -2.02860        2.76220        2.67090
C         -1.51510        1.79810        3.53760
C         -1.38580        0.46590        3.12150
C         -1.77810        0.12270        1.81710
C         -0.80020       -0.56990        4.04870
F          0.56080       -0.56060        4.04570
F         -1.16710       -1.84520        3.73850
F         -1.17050       -0.38690        5.34780
H          1.16130        3.41680        2.24030
H          0.48420        3.65160        0.60040
H          2.23610        3.83160        0.87170
H          0.94750        1.20010        1.41170
H          2.33260       -2.73430        2.17230
H          1.52340       -3.99260        1.21020
H          0.56000       -2.66710        1.89870
H          3.96000       -1.58520       -1.42450
H          4.36560       -2.24190       -3.78020
H          2.77490       -1.55540       -5.55600
H          0.75390       -0.25240       -4.98360
H         -0.46650        1.17320       -3.38180
H         -2.75930       -0.43830       -0.52410
H         -4.44170        0.74060       -1.79610
H         -4.88760        0.81410       -0.07660
H         -4.19820        2.22920       -0.90630
H         -2.79860        3.17970        0.71350
H         -2.11950        3.79510        2.99900
H         -1.21080        2.09010        4.54180
H         -1.65490       -0.90580        1.47550

