HF BASIS=def2-svp cutoff=1.0e-9 denserms=1.0e-6  zmake GRADIENT DIPOLE CHARGE=0

C          2.92370       -3.01070        0.94510
N          1.90980       -2.23310        1.64920
C          1.84510       -1.00330        1.29250
O          0.94460       -0.21310        1.90050
O          2.66060       -0.39040        0.35630
C          2.30910        0.89680       -0.05540
C          3.12260        1.97070        0.30460
C          2.80320        3.26360       -0.13970
C          1.68430        3.48250       -0.95180
C          0.89790        2.39470       -1.30290
C          1.21180        1.11860       -0.86560
O          0.35820        0.14890       -1.32410
C         -0.77130        0.88710       -1.88510
C         -1.88910        0.87880       -0.82920
C         -1.23280        0.12860       -3.13100
C         -0.29360        2.33890       -2.18800
O          0.11850        2.52920       -3.53760
H          3.93100       -2.63000        1.14420
H          2.74050       -3.02690       -0.13480
H          2.88720       -4.04570        1.29920
H          0.46150       -0.78510        2.51720
H          3.99710        1.80880        0.92830
H          3.43670        4.10110        0.14470
H          1.44690        4.48050       -1.30880
H         -1.56970        1.37200        0.09570
H         -2.15500       -0.14810       -0.55350
H         -2.78770        1.38490       -1.19680
H         -0.41080        0.00220       -3.84470
H         -1.56230       -0.88340       -2.86910
H         -2.05970        0.64300       -3.63060
H         -1.05060        3.08840       -1.93870
H          1.00880        2.14490       -3.62910

