HF BASIS=def2-svp cutoff=1.0e-9 denserms=1.0e-6  zmake GRADIENT DIPOLE CHARGE=0

C         -2.54330        3.86410       -0.71140
O         -1.33180        3.58600       -1.40570
C         -1.25030        2.36200       -2.01740
C         -0.11570        2.16800       -2.80980
O          0.81590        3.16450       -2.93110
C          0.10410        0.97670       -3.49570
C         -0.81290       -0.08030       -3.40010
C         -1.95490        0.12430       -2.60290
C         -2.17330        1.32560       -1.91370
C         -0.59060       -1.38340       -4.12740
O         -0.88290       -2.58960       -3.39870
C          0.49710       -2.37040       -3.72760
C          1.47010       -2.06450       -2.61060
C          2.83010       -1.85900       -2.89160
C          3.73790       -1.57230       -1.87690
O          5.04470       -1.40150       -2.22750
C          3.32040       -1.46220       -0.55720
C          1.97250       -1.63440       -0.25040
O          1.64560       -1.49050        1.07040
C          0.32210       -0.99920        1.34040
O         -0.63100       -2.06830        1.37260
C         -1.98680       -1.55630        1.43070
C         -2.14080       -0.35110        2.37520
O         -2.04730        0.87450        1.62350
C         -1.01650       -0.34910        3.40830
O         -1.15360        0.80800        4.24880
C          0.36590       -0.32700        2.73620
O          1.26870       -0.99980        3.63980
C         -2.86810       -2.70750        1.90720
O         -2.19330       -3.88380        1.96740
O         -4.04900       -2.60870        2.20330
C          1.06870       -1.96270       -1.26450
H         -2.66520        3.20110        0.15060
H         -3.40760        3.80530       -1.38250
H         -2.48360        4.88990       -0.33480
H          0.46900        3.89930       -2.38810
H          1.00190        0.87090       -4.09940
H         -2.68880       -0.67620       -2.51280
H         -3.06730        1.40920       -1.30410
H         -0.87000       -1.38270       -5.17760
H          0.88590       -2.99930       -4.52490
H          3.19010       -1.92670       -3.91570
H          5.56350       -1.22150       -1.42560
H          4.02470       -1.23000        0.23450
H          0.02980       -0.25550        0.58510
H         -2.28950       -1.31210        0.40640
H         -3.12150       -0.32210        2.86230
H         -2.05540        1.58210        2.30320
H         -1.11950       -1.22720        4.05900
H         -0.45030        0.72750        4.92330
H          0.76040        0.69050        2.63570
H          1.98350       -1.36700        3.08140
H         -1.25930       -3.72980        1.68920
H          0.02290       -2.14450       -1.03600

