HF BASIS=def2-svp cutoff=1.0e-9 denserms=1.0e-6  zmake GRADIENT DIPOLE CHARGE=0

N          3.03490       -1.39530        1.39440
C          1.86000       -1.17870        0.51110
C          0.89370       -2.35810        0.65040
C         -0.11400       -2.39680       -0.47730
N         -1.04960       -3.38390       -0.37310
O         -0.11600       -1.61820       -1.42680
C          1.16050        0.13690        0.93530
O          1.33830        0.65180        2.03880
N          0.31890        0.68020       -0.01210
C         -0.65610        1.70400        0.37970
C         -1.08270        2.50550       -0.84750
C         -1.71620        3.80840       -0.43060
N         -1.96070        4.68320       -1.44300
O         -2.03040        4.06220        0.72920
C         -1.86930        0.98550        1.00890
O         -2.69350        1.79050        1.71850
O         -2.10170       -0.21180        0.87910
H          2.71130       -1.27240        2.36020
H          3.67130       -0.60610        1.26280
H          2.22630       -1.07290       -0.51630
H          1.44700       -3.30520        0.61530
H          0.35300       -2.31260        1.60390
H         -1.81500       -3.32590       -1.03430
H         -1.28820       -3.74890        0.54060
H          0.02250        0.03790       -0.75190
H         -0.19340        2.33490        1.14810
H         -0.21030        2.73890       -1.47010
H         -1.80000        1.94710       -1.46050
H         -2.36370        5.58350       -1.21230
H         -1.64820        4.53340       -2.39380
H         -2.43980        2.74710        1.70150

