HF BASIS=def2-svp cutoff=1.0e-9 denserms=1.0e-6  zmake GRADIENT DIPOLE CHARGE=0

C         -5.51800        0.42270       -0.62690
O         -4.59290        0.63210        0.43190
C         -3.25210        0.45300        0.18170
C         -2.63220        0.11840       -1.02630
O         -3.38430       -0.07610       -2.15640
C         -1.23300       -0.00960       -1.06950
C         -0.45810        0.18820        0.07330
O          0.91360        0.06650        0.06000
C          1.56680       -0.26350       -1.11830
C          0.93510       -0.46740       -2.28700
O          1.56800       -0.76450       -3.47940
C         -0.53830       -0.34950       -2.31680
O         -1.15010       -0.53140       -3.36840
C          3.03610       -0.34110       -0.95710
C          3.79080       -1.38450       -1.51460
C          5.17420       -1.44740       -1.32500
C          5.81130       -0.47260       -0.56900
O          7.16110       -0.57310       -0.40810
C          5.08810        0.56590        0.00480
C          3.70410        0.62690       -0.18720
C         -1.06010        0.52030        1.29750
O         -0.18140        0.69770        2.33410
C         -0.69550        0.78000        3.65530
C         -2.45340        0.65510        1.33070
O         -3.10920        1.00750        2.48740
H         -6.52170        0.58580       -0.22130
H         -5.48160       -0.60910       -0.98990
H         -5.37350        1.15200       -1.42980
H         -2.79280       -0.29480       -2.91120
H          0.85310       -0.82930       -4.14630
H          3.31030       -2.16350       -2.10200
H          5.74900       -2.25700       -1.76530
H          7.46330        0.17080        0.13800
H          5.57410        1.33040        0.60210
H          3.14690        1.44200        0.27120
H         -1.20110        1.73610        3.82030
H         -1.33780       -0.07380        3.89400
H          0.15660        0.74430        4.34170
H         -4.05700        1.04650        2.24670

