HF BASIS=def2-svp cutoff=1.0e-9 denserms=1.0e-6  zmake GRADIENT DIPOLE CHARGE=0

C          1.08020       -1.51300       -0.45750
C          1.38910       -0.11160       -1.01860
C          2.90130       -0.05660       -1.31520
O          1.18300        0.99440       -0.11470
C          0.45580        0.78570        1.09470
O          1.23940        0.05690        2.03360
C          0.54820       -0.17170        3.27650
C          1.48290       -1.01160        4.15640
O          2.76220       -0.38260        4.26270
C          0.17300        1.15530        3.95490
O         -0.64650        0.91890        5.10420
C         -0.60320        2.04310        2.97970
O         -0.81260        3.33250        3.57750
C          0.14900        2.18580        1.66140
O         -0.64980        2.96010        0.75210
C          0.57360        0.21480       -2.32020
C          0.83590       -0.75300       -3.49280
C          0.05810       -0.35550       -4.74740
C         -1.45280       -0.22910       -4.50310
O         -2.01790        0.34070       -5.69730
C         -2.13860       -1.59750       -4.29650
O         -1.97490       -2.41780       -5.45330
C         -1.71370        0.71950       -3.32660
C         -0.94490        0.33090       -2.06300
H          0.03300       -1.62350       -0.16160
H          1.68680       -1.73140        0.42730
H          1.30310       -2.29850       -1.18640
H          3.47560       -0.10610       -0.38190
H          3.17290        0.89280       -1.79160
H          3.23380       -0.87790       -1.95630
H         -0.48180        0.26280        0.87210
H         -0.35570       -0.76380        3.08370
H          1.07810       -1.16150        5.16120
H          1.64910       -1.99300        3.69950
H          3.02740       -0.17750        3.34520
H          1.07030        1.68810        4.29340
H         -0.90940        1.80870        5.41530
H         -1.60670        1.63390        2.80690
H         -1.14330        3.89990        2.85130
H          1.07650        2.75060        1.81900
H         -0.14650        2.95850       -0.08740
H          0.89640        1.21500       -2.64780
H          0.56650       -1.77710       -3.21590
H          1.90060       -0.76380       -3.74710
H          0.26290       -1.07130       -5.55300
H          0.44450        0.60430       -5.11770
H         -2.93100        0.61600       -5.49960
H         -3.21710       -1.46510       -4.15650
H         -1.74600       -2.14240       -3.43410
H         -1.99950       -1.80740       -6.21730
H         -1.43660        1.74250       -3.61740
H         -2.78790        0.76400       -3.10710
H         -1.14320        1.09250       -1.30290
H         -1.34070       -0.61340       -1.67390

