HF BASIS=def2-svp cutoff=1.0e-9 denserms=1.0e-6  zmake GRADIENT DIPOLE CHARGE=0

C          1.18880        5.54730        2.65730
C          1.26770        4.31790        1.79350
O          2.31450        3.68350        1.66140
C          0.02070        3.87060        1.11670
C         -0.00970        2.79310        0.31400
O          1.10420        2.03350        0.03860
C         -1.23360        2.38350       -0.35390
C         -1.50580        1.30100       -1.10460
C         -0.64480        0.16180       -1.44390
C         -0.09870       -0.66150       -0.44950
C          0.67340       -1.75860       -0.81670
O          1.24710       -2.58100        0.11490
C          0.88600       -2.05440       -2.16050
O          1.63960       -3.13880       -2.50830
C          0.34110       -1.25920       -3.15630
C         -0.42840       -0.14990       -2.79610
H          2.06500        6.17410        2.46910
H          1.16180        5.24910        3.70830
H          0.29780        6.13740        2.42660
H         -0.86880        4.45960        1.30560
H          1.87090        2.41750        0.51760
H         -2.06190        3.08400       -0.23950
H         -2.50100        1.22740       -1.54210
H         -0.27390       -0.42760        0.59550
H          1.09110       -2.18420        0.98960
H          1.91410       -3.52450       -1.65260
H          0.51430       -1.49680       -4.20090
H         -0.85290        0.47480       -3.57850

