HF BASIS=def2-svp cutoff=1.0e-9 denserms=1.0e-6  zmake GRADIENT DIPOLE CHARGE=0

C         -0.17650        5.39640       -1.81490
O         -0.81640        4.32030       -2.52170
C         -1.25300        6.20330       -1.06940
O         -1.93730        5.39600       -0.09340
C         -1.23640        5.13140        1.04110
O         -0.14450        5.61440        1.31500
C         -1.99680        4.20080        1.95620
C         -2.63520        3.00440        1.25000
C         -1.60250        2.10710        0.55960
C         -2.26340        0.86720       -0.04520
C         -1.26810        0.05320       -0.87520
C         -1.89670       -1.24980       -1.37380
C         -0.89560       -2.08150       -2.17890
C         -1.51750       -3.33050       -2.81240
C         -2.14330       -4.33320       -1.83700
C         -1.14540       -4.90760       -0.82820
C         -1.79750       -5.99250        0.03460
C         -0.81540       -6.68860        0.97960
C         -0.25070       -5.77420        2.05330
C          0.62170        6.31270       -2.75470
O          1.74270        5.61540       -3.32860
C          1.47350        4.87970       -4.44160
O          0.36600        4.77170       -4.95460
C          2.71030        4.16410       -4.91770
C          2.72140        2.73530       -4.38080
C          3.98790        1.95690       -4.75030
C          5.30050        2.52630       -4.19170
C          5.32950        2.74060       -2.67400
C          5.22140        1.43750       -1.87510
C          5.16650        1.71390       -0.39880
C          4.23420        1.30690        0.47960
C          3.01300        0.46750        0.22260
C          3.13920       -0.86340        0.90950
C          2.34810       -1.38960        1.86120
C          1.11200       -0.78910        2.47260
C         -0.05150       -1.72990        2.34290
C         -0.88020       -2.15180        3.31260
C         -0.83600       -1.80460        4.77360
C         -2.00440       -0.91120        5.20420
C         -1.95070        0.48520        4.57510
C         -3.01160        1.43570        5.13220
C         -4.43080        1.04370        4.75460
H          0.50990        4.91370       -1.11230
H         -0.79900        4.51030       -3.48290
H         -2.02120        6.53280       -1.77780
H         -0.83960        7.10010       -0.58990
H         -1.30170        3.83890        2.72330
H         -2.76780        4.79070        2.46370
H         -3.37400        3.34740        0.51380
H         -3.18480        2.41750        1.99600
H         -1.08660        2.66790       -0.22880
H         -0.84110        1.79720        1.28560
H         -3.10700        1.16570       -0.68250
H         -2.67360        0.24590        0.76200
H         -0.37960       -0.17330       -0.27450
H         -0.92790        0.65210       -1.73070
H         -2.77110       -1.01910       -1.99490
H         -2.25050       -1.82770       -0.51230
H         -0.05010       -2.36580       -1.54240
H         -0.47860       -1.46320       -2.98440
H         -2.28780       -3.01670       -3.52710
H         -0.74600       -3.83990       -3.40290
H         -2.56920       -5.15310       -2.42830
H         -2.98440       -3.87230       -1.30630
H         -0.77530       -4.10470       -0.18420
H         -0.28310       -5.32700       -1.36010
H         -2.62270       -5.55920        0.61220
H         -2.23630       -6.75660       -0.61890
H         -1.33680       -7.51830        1.47100
H          0.00980       -7.12640        0.40550
H          0.37190       -6.34940        2.74450
H         -1.05160       -5.30600        2.63320
H          0.37560       -4.98540        1.62590
H         -0.01100        6.72930       -3.54710
H          1.03650        7.15700       -2.19500
H          2.71040        4.17330       -6.01400
H          3.59400        4.73120       -4.59740
H          2.58290        2.73720       -3.29210
H          1.85370        2.19690       -4.78700
H          4.07020        1.90710       -5.84220
H          3.86990        0.92000       -4.41450
H          5.51440        3.48410       -4.68220
H          6.12060        1.85260       -4.47500
H          4.53890        3.43760       -2.37600
H          6.27680        3.23330       -2.41930
H          4.34990        0.86650       -2.20070
H          6.10160        0.81420       -2.07790
H          5.99270        2.30840       -0.00830
H          4.36360        1.60510        1.52050
H          2.13950        1.02770        0.56830
H          2.85300        0.28660       -0.84390
H          3.99320       -1.46010        0.58470
H          2.62470       -2.36910        2.25480
H          1.33030       -0.55240        3.51890
H          0.83380        0.15290        1.98930
H         -0.25160       -2.07920        1.32980
H         -1.69340       -2.81720        3.02400
H         -0.88220       -2.74210        5.34060
H          0.10950       -1.33710        5.05970
H         -1.97930       -0.81470        6.29640
H         -2.94990       -1.40340        4.95280
H         -2.05890        0.41800        3.48740
H         -0.96310        0.92350        4.76600
H         -2.81180        2.44520        4.75100
H         -2.92530        1.49020        6.22420
H         -4.54280        0.97260        3.66770
H         -5.13560        1.79710        5.12250
H         -4.71230        0.08330        5.19650

