HF BASIS=def2-svp cutoff=1.0e-9 denserms=1.0e-6  zmake GRADIENT DIPOLE CHARGE=0

C         -1.39980       -3.12590        0.42210
C         -2.22380       -1.93520        0.82310
C         -1.96840       -1.45540        2.22950
C         -3.12490       -1.30540        0.04430
C         -3.52040       -1.62130       -1.37400
C         -3.35080       -0.42300       -2.32180
C         -1.91270        0.03060       -2.51600
C         -1.03250       -0.93510       -3.26160
C         -1.52110        1.23970       -2.06260
C         -0.16040        1.87860       -2.14840
C          0.32280        2.40080       -0.80690
C          1.01250        1.58500        0.12890
C          1.44620        2.15900        1.34690
C          1.18980        3.49420        1.66270
C          0.49430        4.27320        0.75520
O          0.20130        5.58640        1.00730
C          0.06630        3.73590       -0.45880
O         -0.62330        4.55510       -1.31550
C          1.32160        0.12160       -0.15150
O          1.46480       -0.60310        1.08080
C          2.58430       -0.07540       -1.00680
O          3.10880       -1.31900       -0.83730
O          3.10480        0.69230       -1.79800
H         -1.60680       -3.96760        1.09140
H         -0.33400       -2.88620        0.49200
H         -1.58840       -3.46790       -0.59680
H         -2.57620       -0.58230        2.48910
H         -2.20270       -2.24790        2.94770
H         -0.91810       -1.17520        2.35240
H         -3.65620       -0.45170        0.46650
H         -4.58170       -1.90080       -1.36470
H         -2.98750       -2.48680       -1.77540
H         -3.97070        0.40800       -1.95920
H         -3.76520       -0.68830       -3.30320
H         -1.53900       -1.28660       -4.16700
H         -0.80220       -1.80290       -2.63620
H         -0.08600       -0.49640       -3.58450
H         -2.26110        1.86720       -1.56360
H         -0.21280        2.70150       -2.87210
H          0.59200        1.20450       -2.56240
H          1.98630        1.55020        2.07130
H          1.53340        3.89210        2.61140
H          0.56190        5.80960        1.88270
H         -0.66150        5.41540       -0.85150
H          0.48490       -0.34650       -0.67610
H          1.83750       -1.46690        0.82020
H          3.89290       -1.31130       -1.42820

