HF BASIS=def2-svp cutoff=1.0e-9 denserms=1.0e-6  zmake GRADIENT DIPOLE CHARGE=0

C         -3.15730        4.62450       -3.08670
C         -2.17520        4.52400       -1.91000
C         -2.90560        4.08820       -0.63310
C         -3.26880        2.60310       -0.59410
C         -2.66770        1.80550        0.59680
C         -3.39440        2.27660        1.87250
O         -3.03760        0.45420        0.27990
C         -2.45350       -0.64640        0.99790
C         -3.63310       -1.31150        1.73030
C         -1.89160       -1.57960       -0.09910
C         -1.52900       -2.98860        0.34410
C         -0.18640       -3.16490        1.05480
O         -0.18910       -4.47680        1.66520
C         -0.67680       -4.46340        3.01420
C         -0.86770       -5.90790        3.46770
C         -0.85320       -5.97320        4.98600
O         -1.90060       -5.12170        5.46580
C         -1.95140       -5.02090        6.89120
C         -3.14930       -4.14980        7.22920
C         -2.90500       -2.71070        6.77720
O         -4.01570       -1.92220        7.19770
S         -4.99670       -1.28500        6.07170
O         -5.66320       -2.58260        5.39860
O         -6.07450       -0.60730        6.75770
O         -4.19210       -0.61790        5.07450
C         -1.56990       -2.13950        7.35860
C         -1.66060       -1.90580        8.88030
C         -1.30650       -0.77120        6.65020
C         -0.00790       -0.04320        6.99320
O          1.07730       -0.62350        6.29250
S          2.42560       -0.99420        7.11060
O          1.90280       -2.21100        8.02630
O          3.38870       -1.54140        6.18110
O          2.75240        0.10630        7.98800
O         -0.46180       -3.02770        7.07620
C         -0.65890       -4.40810        7.45430
C          0.54530       -5.23140        6.98320
C          0.53370       -5.53610        5.48340
O          1.13720       -4.47090        4.74080
C          0.25820       -3.66450        3.94850
C          1.12190       -2.69240        3.13930
C          0.29700       -2.05640        2.01730
O         -0.74720       -1.33980        2.67220
C         -1.36940       -0.23440        2.01260
C         -0.41790        0.82250        1.45250
C         -1.11820        1.96870        0.70080
O         -0.51840        1.97860       -0.61180
C         -0.06340        3.25470       -1.09700
C          1.41590        3.09200       -1.48620
C          1.54810        2.70420       -2.95780
O          2.88450        2.35630       -3.31310
C          3.77340        3.44260       -3.59810
C          5.11980        2.83410       -3.99030
C          5.11590        2.18280       -5.37690
O          4.80100        0.79360       -5.22690
C          5.11900        0.00600       -6.39590
C          4.63290        0.71490       -7.65680
C          5.10990        0.43290       -8.88110
C          3.64760        1.82110       -7.42380
C          4.18740        2.85430       -6.42080
O          3.03050        3.52570       -5.90750
C          3.23140        4.32800       -4.73530
C          4.15260        5.52180       -5.05360
C          1.85230        4.86150       -4.31900
O          1.97220        5.83080       -3.25770
C          0.89080        3.74990       -3.87400
O         -0.20800        4.44780       -3.24530
C         -0.94880        3.65840       -2.30680
C          4.59380       -1.46360       -6.16600
C          5.35450       -2.07720       -4.97500
O          4.92760       -2.28790       -7.29820
C          3.07860       -1.51210       -6.02760
C          2.37890       -1.89880       -4.94500
C          0.92370       -1.90350       -4.79580
C          0.41060       -2.42720       -3.66560
C          0.08390       -1.30400       -5.91540
C         -1.39190       -1.19080       -5.62780
C         -2.34210       -1.88680       -6.26440
H         -3.55780        3.64310       -3.36410
H         -2.67150        5.05230       -3.97080
H         -4.00320        5.27440       -2.83250
H         -1.81560        5.54780       -1.73420
H         -3.82510        4.67690       -0.53010
H         -2.29860        4.37460        0.22990
H         -3.01090        2.09780       -1.53260
H         -4.36460        2.51420       -0.55490
H         -4.46380        2.04410        1.81280
H         -3.28760        3.35640        2.02220
H         -3.03620        1.80500        2.78670
H         -4.34720       -1.73490        1.01450
H         -3.31690       -2.09880        2.41940
H         -4.19390       -0.56760        2.30760
H         -2.65130       -1.66720       -0.88950
H         -1.03600       -1.10660       -0.59950
H         -2.34220       -3.43230        0.92690
H         -1.49230       -3.62200       -0.55500
H          0.58220       -3.24200        0.27470
H         -1.66060       -3.97640        3.01130
H         -0.08870       -6.55440        3.04670
H         -1.82280       -6.27610        3.07290
H         -1.06950       -6.99510        5.32150
H         -2.10790       -6.02560        7.30090
H         -4.05030       -4.52980        6.73140
H         -3.36360       -4.18680        8.30360
H         -2.82650       -2.72060        5.68030
H         -6.60340       -2.60180        5.67440
H         -0.68190       -1.65090        9.29950
H         -2.36530       -1.10450        9.12470
H         -1.98340       -2.80280        9.41540
H         -2.13410       -0.08960        6.88220
H         -1.31110       -0.93590        5.56410
H          0.15950       -0.00880        8.07300
H         -0.08470        0.99290        6.64870
H          1.19310       -2.65320        7.49970
H         -0.67840       -4.44360        8.54940
H          1.48390       -4.73320        7.24870
H          0.52170       -6.18910        7.51940
H          1.21800       -6.38050        5.32470
H         -0.36290       -3.08770        4.63840
H          1.99700       -3.20970        2.72490
H          1.51380       -1.92110        3.81320
H          0.95440       -1.37030        1.47970
H         -1.88150        0.24700        2.84820
H          0.32280        0.36960        0.78840
H          0.16960        1.23410        2.28330
H         -0.87700        2.90100        1.22320
H         -0.10140        4.01730       -0.31150
H          1.94540        4.03490       -1.30930
H          1.91050        2.34300       -0.85620
H          0.98160        1.77020       -3.07730
H          3.91180        4.02270       -2.67760
H          5.41810        2.09250       -3.23740
H          5.88000        3.62510       -3.97660
H          6.14930        2.22250       -5.75150
H          6.21590       -0.04130       -6.46040
H          4.77270        0.96490       -9.76470
H          5.84320       -0.35620       -9.02800
H          3.37850        2.33440       -8.35530
H          2.70890        1.39030       -7.05180
H          4.77260        3.60320       -6.96860
H          4.33400        6.14160       -4.16930
H          5.12760        5.21360       -5.44090
H          3.70540        6.15080       -5.83210
H          1.38670        5.39260       -5.15910
H          1.04850        5.97670       -2.97080
H          0.51110        3.23980       -4.76840
H         -1.30060        2.75780       -2.82830
H          6.43270       -2.08870       -5.17640
H          5.18930       -1.52660       -4.04510
H          5.06820       -3.12330       -4.81990
H          4.44050       -3.12300       -7.18460
H          2.55060       -1.17420       -6.91670
H          2.92960       -2.22770       -4.06350
H          1.04080       -2.84250       -2.88490
H         -0.65710       -2.46940       -3.47700
H          0.23530       -1.89550       -6.82770
H          0.44040       -0.28740       -6.12830
H         -1.68130       -0.48260       -4.85420
H         -2.09920       -2.60450       -7.04270
H         -3.39060       -1.75840       -6.00680

