HF BASIS=def2-svp cutoff=1.0e-9 denserms=1.0e-6  zmake GRADIENT DIPOLE CHARGE=0

C         -2.12920        8.37840        2.91550
C         -1.48870        7.03160        3.04710
O         -1.43760        6.38560        4.08400
O         -1.00610        6.61660        1.84320
C         -0.37000        5.33390        1.88070
C          0.08670        4.93610        0.46870
O          0.90050        3.74710        0.50150
C          0.18600        2.51860        0.74570
O          1.13750        1.44530        0.76590
C          0.80660        0.26470        1.36900
C         -0.26410        0.04700        2.23210
C         -0.45040       -1.21440        2.80920
C          0.41860       -2.26790        2.52440
C          0.17390       -3.56400        3.19960
O          0.86160       -4.56510        3.04330
C         -0.97480       -3.62060        4.12040
C         -1.74730       -2.53990        4.29270
O         -1.52380       -1.32840        3.65970
C         -2.90590       -2.54140        5.21310
C         -3.71440       -3.67890        5.38490
C         -4.80920       -3.66080        6.25670
C         -5.10850       -2.49770        6.95480
O         -6.16330       -2.43550        7.81530
C         -4.33870       -1.35460        6.78850
C         -3.24220       -1.37650        5.92270
C          1.47690       -2.06740        1.62620
O          2.29280       -3.12880        1.37220
C          2.98660       -3.20540        0.11820
O          2.13590       -2.92250       -0.99890
C          2.84720       -3.03610       -2.23880
C          3.26930       -4.49490       -2.45650
O          2.13730       -5.38060       -2.46560
C          4.19080       -4.91930       -1.30860
O          5.42560       -4.19260       -1.37210
C          3.52320       -4.65550        0.04530
O          4.48220       -4.89940        1.09050
C          2.01720       -2.57680       -3.42990
O          0.69180       -2.79470       -3.27340
O          2.46060       -2.07560       -4.45330
C          1.67420       -0.79500        1.07580
C         -0.84090        2.28660       -0.38980
O         -0.09300        2.22680       -1.62670
C         -0.71800        1.49280       -2.67250
O         -1.61070        2.33090       -3.42190
C         -1.27850        2.21300       -4.81910
C         -0.38460        0.98650       -4.96800
O          0.51340        1.09770       -6.07750
C         -1.20630       -0.29570       -5.15060
O         -0.32460       -1.42520       -5.22170
C          0.37150        1.03050       -3.65000
O          1.42190        2.01830       -3.77250
C         -1.81630        3.47450       -0.35440
O         -2.85410        3.32780       -1.32040
C         -1.07910        4.81100       -0.53530
O         -0.56690        4.90320       -1.87550
H         -3.09690        8.27970        2.41740
H         -1.47680        9.05170        2.35290
H         -2.27660        8.80760        3.91120
H         -1.06570        4.59470        2.29180
H          0.50430        5.37850        2.54150
H          0.74840        5.73120        0.10250
H         -0.29210        2.61460        1.72380
H         -0.96370        0.82820        2.50640
H         -1.12410       -4.56320        4.63090
H         -3.51150       -4.59490        4.83400
H         -5.41630       -4.55380        6.36700
H         -6.51670       -3.33130        7.93520
H         -4.58620       -0.44770        7.33400
H         -2.64790       -0.47170        5.81520
H          3.82310       -2.49490        0.15510
H          3.71350       -2.36300       -2.19970
H          3.78480       -4.60050       -3.41800
H          1.33730       -4.86520       -2.23120
H          4.43980       -5.98380       -1.38840
H          5.90550       -4.45080       -0.55650
H          2.69620       -5.36270        0.18870
H          3.97890       -4.79620        1.92590
H          0.27010       -2.43620       -4.09980
H          2.51250       -0.60120        0.41240
H         -1.36810        1.33670       -0.24460
H         -1.28300        0.63360       -2.29350
H         -0.76980        3.13400       -5.12640
H         -2.20260        2.14280       -5.40060
H          1.25850        1.64680       -5.74730
H         -1.76550       -0.26850       -6.09210
H         -1.91320       -0.46790       -4.33340
H          0.34220       -1.17170       -5.90380
H          0.84750        0.09710       -3.34550
H          1.61570        2.30190       -2.85470
H         -2.31930        3.47600        0.61900
H         -2.43280        3.43700       -2.20300
H         -1.78340        5.64350       -0.43710
H          0.01610        4.13100       -2.01690

