HF BASIS=def2-svp cutoff=1.0e-9 denserms=1.0e-6  zmake GRADIENT DIPOLE CHARGE=0

C         -2.47280        1.85330       -0.70740
C         -1.44150        0.81580       -0.27840
O         -0.24550        1.52170        0.09310
C          0.74670        0.67530        0.71980
C          0.24740        0.31920        2.13370
C          1.96980        1.55270        0.84580
C          3.20340        1.20750        0.44570
C          3.51510       -0.11950       -0.18700
C          2.42650       -1.21630        0.01330
C          2.57540       -1.85950        1.40940
C          2.72280       -2.33980       -1.01190
C          1.03290       -0.56570       -0.15400
C          0.14690       -0.94670       -1.10180
C         -1.10980       -0.18710       -1.39670
O         -0.86720        0.48270       -2.63310
H         -2.71370        2.51270        0.13380
H         -3.39610        1.37690       -1.05020
H         -2.08830        2.49990       -1.50350
H         -1.84320        0.28500        0.59230
H         -0.43040       -0.54190        2.11700
H         -0.31360        1.15450        2.57100
H          1.05780        0.07820        2.82700
H          1.81360        2.53410        1.28790
H          4.02100        1.91570        0.55220
H          3.67490        0.06430       -1.25800
H          4.47280       -0.47860        0.21170
H          2.69200       -1.11700        2.20240
H          1.71290       -2.49120        1.65070
H          3.46970       -2.49270        1.45890
H          3.73810       -2.73380       -0.88120
H          2.65320       -1.97670       -2.04380
H          2.03030       -3.18180       -0.89640
H          0.33840       -1.78020       -1.76910
H         -1.94860       -0.87460       -1.54540
H         -0.18940        1.15630       -2.43180

