HF BASIS=def2-svp cutoff=1.0e-9 denserms=1.0e-6  zmake GRADIENT DIPOLE CHARGE=0

C         -0.00860        3.89440       -0.25450
C          0.37140        3.11940        0.96360
C          0.46620        1.78570        1.01230
N          0.83970        1.10840        2.15850
C          0.82780       -0.34770        2.21930
C         -0.52150       -0.89700        2.66420
C         -0.43090       -2.32330        2.18740
O          0.29710       -3.09240        3.14820
C          0.38580       -2.21230        0.89420
C         -0.49290       -2.23230       -0.35570
O          0.33220       -2.43860       -1.49580
P          0.35610       -1.35180       -2.66380
O          1.68190       -1.76680       -3.46060
O          0.37630        0.09250       -2.27560
O         -0.79570       -1.74960       -3.67280
P         -2.34940       -1.52080       -3.45390
O         -2.97080       -2.23220       -4.75600
O         -2.93980       -2.12460       -2.22470
O         -2.68240        0.00230       -3.72980
P         -2.45300        1.20690       -2.73010
O         -1.10670        1.89870       -3.23360
O         -3.53400        2.29610       -3.16390
O         -2.46340        0.90680       -1.27310
O          1.08580       -0.94030        0.93250
C          1.11610        1.78040        3.34150
O          1.37730        1.22440        4.40750
N          1.06860        3.14640        3.27250
C          0.67440        3.88480        2.19390
O          0.57190        5.10740        2.24070
H         -0.04830        3.25660       -1.14230
H         -0.99200        4.35580       -0.12680
H          0.72540        4.68400       -0.45700
H          0.24140        1.18180        0.13820
H          1.62510       -0.68950        2.89370
H         -1.33950       -0.38200        2.14190
H         -0.67310       -0.79240        3.74320
H         -1.40490       -2.80330        2.05220
H         -0.22490       -3.12730        3.96740
H          1.14980       -2.99600        0.83100
H         -1.19920       -3.06550       -0.31510
H         -1.04990       -1.29730       -0.45290
H          2.48760       -1.46490       -2.99970
H         -3.85980       -2.59080       -4.56700
H         -0.32210        1.45080       -2.83280
H         -3.51730        3.06910       -2.57410
H          1.25680        3.64910        4.12520

