HF BASIS=def2-svp cutoff=1.0e-9 denserms=1.0e-6  zmake GRADIENT DIPOLE CHARGE=0

O          4.70420       -0.01100        1.17180
C          3.55580        0.61620        1.72380
C          3.04140        1.71510        0.79130
O          1.90570        2.33050        1.42780
C          1.31850        3.39380        0.68040
O          2.23690        4.47100        0.57640
C          0.87520        2.92610       -0.72330
O         -0.09480        1.85500       -0.64840
C         -1.27160        2.08650       -0.05910
O         -1.75490        3.17740        0.18080
C         -1.85760        0.78500        0.33310
C         -3.19370        0.78350        0.48240
C         -3.83600       -0.38040        1.13130
O         -5.06050       -0.42910        1.23590
C         -2.94100       -1.51570        1.66440
O         -3.54770       -2.09740        2.82930
O         -2.86320       -2.52900        0.66750
C         -1.82410       -2.46540       -0.22720
C         -0.81410       -1.46910       -0.23990
C         -0.94130       -0.34840        0.79720
C         -1.55870       -0.95730        2.08250
O         -0.69620       -1.96820        2.61280
O         -1.65410        0.02390        3.11360
C          0.23040       -1.60740       -1.20250
C          0.20790       -2.69950       -2.10330
C         -0.80460       -3.63760       -2.06820
O         -0.79120       -4.67240       -2.95290
C         -1.81360       -3.52440       -1.13670
O         -2.78760       -4.48410       -1.12620
C          1.41480       -0.71300       -1.43060
O          2.07030       -0.74470       -2.46540
O          1.67690        0.10730       -0.39950
C          2.67340        1.15990       -0.60080
C          2.10230        2.33800       -1.43470
O          1.69760        1.91890       -2.73630
S          2.75170        1.97900       -3.96850
O          2.59070        0.51490       -4.61380
O          4.09060        2.07050       -3.42960
O          2.23830        2.94140       -4.91740
H          4.91150       -0.76920        1.74030
H          2.78210       -0.13850        1.90890
H          3.82480        1.04800        2.69430
H          3.83590        2.46450        0.68070
H          0.45410        3.74330        1.25560
H          2.12340        4.99900        1.38930
H          0.46050        3.74720       -1.32000
H         -3.83720        1.62030        0.22850
H         -4.51330       -2.03870        2.65740
H          0.03260        0.03430        1.10510
H         -1.27520       -2.60390        3.07310
H         -2.18520       -0.38380        3.82160
H          0.99290       -2.83120       -2.84650
H         -1.59900       -5.19030       -2.75750
H         -3.39160       -4.24140       -0.39940
H          3.55160        0.72150       -1.08680
H          2.85820        3.12760       -1.52990
H          2.46340       -0.12320       -3.86730

