HF BASIS=def2-svp cutoff=1.0e-9 denserms=1.0e-6  zmake GRADIENT DIPOLE CHARGE=0

C          0.99150        4.55860        0.64190
C          1.19880        6.05270        0.62610
C         -0.13990        6.76920        0.45490
C          1.88950        6.50150        1.91370
C          1.48860        3.73060       -0.29170
C          1.24100        2.27980       -0.29230
C          1.59760        1.43730        0.77240
O          2.24220        1.88910        1.89470
C          1.32990        0.06400        0.74020
C          0.70570       -0.51630       -0.36960
C          0.44290       -1.95990       -0.34220
C         -0.80580       -2.45320       -0.35910
C         -1.12840       -3.88630       -0.31370
C         -0.33150       -4.85650       -0.93680
C         -0.69620       -6.20490       -0.89970
C         -1.86170       -6.58660       -0.24870
O         -2.17950       -7.91180       -0.23990
C         -2.67440       -5.64110        0.36500
C         -2.30870       -4.29210        0.32570
C          0.38210        0.30810       -1.45260
O         -0.19270       -0.16110       -2.60970
C          0.64750        1.68300       -1.41080
O          0.30650        2.43890       -2.50720
H          0.37710        4.15950        1.44900
H          1.84320        6.33070       -0.21770
H          0.00390        7.85420        0.42270
H         -0.82670        6.54550        1.27990
H         -0.62840        6.46940       -0.47940
H          1.28230        6.27170        2.79670
H          2.06730        7.58210        1.90050
H          2.85910        6.00510        2.03160
H          2.05240        4.11050       -1.14130
H          2.47220        2.82390        1.75320
H          1.61250       -0.54580        1.59610
H          1.31810       -2.59910       -0.25890
H         -1.66070       -1.77880       -0.38140
H          0.57620       -4.57960       -1.46630
H         -0.07370       -6.95310       -1.38190
H         -3.00920       -8.02920        0.25100
H         -3.58900       -5.92850        0.87360
H         -2.95250       -3.55940        0.80780
H         -0.25080       -1.13070       -2.54260
H         -0.09930        1.80120       -3.12800

