HF BASIS=def2-svp cutoff=1.0e-9 denserms=1.0e-6  zmake GRADIENT DIPOLE CHARGE=0

C         -1.04650       -0.22090       -0.26470
C         -0.37390       -1.53390        0.14380
O         -0.08440       -2.42770       -0.92510
C          0.99300       -3.19250       -0.53050
O          1.40290       -4.16100       -1.14790
C          1.56400       -2.64630        0.76930
C          3.07990       -2.68230        0.80390
C          0.99960       -1.24130        0.71230
C          0.90250       -0.41840        1.98360
C          0.17300        0.90490        1.67450
C         -1.22310        0.71320        0.98560
C         -2.17590        0.14910        2.07150
C         -1.75350        2.08670        0.48270
O         -2.00870        2.94770        1.58940
C         -3.01820        1.95780       -0.37190
C         -2.81530        1.02340       -1.56290
O         -4.03850        0.93580       -2.28490
C         -2.29640       -0.37530       -1.16530
C         -3.40020       -1.29530       -0.63400
H         -0.32350        0.28850       -0.92450
H         -1.00180       -2.08250        0.85590
H          1.14160       -3.22020        1.60220
H          3.51530       -2.18450       -0.06960
H          3.43960       -3.71690        0.79930
H          3.46330       -2.19370        1.70500
H          1.58630       -0.66860       -0.02380
H          1.90410       -0.19970        2.37040
H          0.37360       -0.97190        2.76740
H          0.81750        1.50270        1.01580
H          0.07080        1.48100        2.60250
H         -1.94140       -0.88160        2.34800
H         -3.22370        0.17710        1.77280
H         -2.11130        0.74070        2.99290
H         -0.97640        2.57210       -0.12180
H         -2.38650        3.77520        1.24340
H         -3.87530        1.63850        0.23320
H         -3.31640        2.95040       -0.73600
H         -2.08380        1.48810       -2.23670
H         -3.89130        0.34850       -3.04690
H         -1.96200       -0.85690       -2.09620
H         -2.99760       -2.23520       -0.24720
H         -4.00390       -0.82890        0.14500
H         -4.08950       -1.56100       -1.44400

