HF BASIS=def2-svp cutoff=1.0e-9 denserms=1.0e-6  zmake GRADIENT DIPOLE CHARGE=0

C         -0.96940        2.46710        0.21410
C         -1.44220        3.70950       -0.52170
C         -1.43370        4.94490        0.01660
C         -1.91360        6.14680       -0.74530
C         -0.93400        5.21070        1.41510
C         -0.56310        3.94550        2.19980
C          0.07660        2.90410        1.26940
C          0.69620        1.67400        1.95810
C         -0.30110        0.79000        2.72430
C          1.80380        2.09750        2.94030
O          1.38180        0.87510        0.97250
C          0.72840        0.64550       -0.20920
C          1.28660       -0.38170       -0.97960
C          0.68380       -0.79300       -2.17010
C          1.27690       -1.91530       -2.98240
C          0.74010       -3.27890       -2.54160
C          1.34910       -4.40940       -3.37280
C          0.81420       -5.77240       -2.93400
C          1.41720       -6.89890       -3.75790
C         -0.51020       -0.18140       -2.55750
C         -1.05600        0.85310       -1.78790
O         -2.26950        1.36790       -2.15700
C         -0.41620        1.33590       -0.63440
H         -1.85300        2.05370        0.72090
H         -1.82710        3.58710       -1.52940
H         -2.75220        6.61760       -0.22210
H         -1.10720        6.88090       -0.84230
H         -2.25250        5.88840       -1.75400
H         -0.04550        5.85110        1.34250
H         -1.68670        5.77050        1.98270
H          0.11110        4.23240        3.01270
H         -1.46460        3.53010        2.66740
H          0.90290        3.40310        0.73440
H         -1.06610        0.36110        2.07000
H         -0.80290        1.34440        3.52330
H          0.21460       -0.06620        3.17550
H          2.53370        2.75040        2.44800
H          2.36520        1.22340        3.29210
H          1.40730        2.61600        3.81820
H          2.18980       -0.87410       -0.62520
H          2.37030       -1.89150       -2.89120
H          1.05970       -1.74860       -4.04510
H          0.96440       -3.44240       -1.47990
H         -0.35270       -3.29890       -2.64000
H          1.12090       -4.24940       -4.43360
H          2.44110       -4.39320       -3.27090
H          1.04320       -5.93900       -1.87500
H         -0.27680       -5.79530       -3.03760
H          1.02100       -7.86420       -3.42740
H          2.50630       -6.92390       -3.65050
H          1.17900       -6.77940       -4.81960
H         -1.01540       -0.52610       -3.45550
H         -2.58400        0.90340       -2.94930

