HF BASIS=def2-svp cutoff=1.0e-9 denserms=1.0e-6  zmake GRADIENT DIPOLE CHARGE=0

C         -5.20970        5.15590       -2.77880
C         -4.05740        4.17460       -2.68860
O         -3.52930        4.22900       -1.35660
C         -2.73550        3.14670       -1.08730
C         -1.52800        2.88690       -1.73880
O         -0.99850        3.69980       -2.70370
C         -0.56660        4.94890       -2.15130
C          0.39920        5.58010       -3.14580
C         -0.81370        1.72340       -1.44710
C         -1.27570        0.82730       -0.47320
C         -0.52050       -0.38600       -0.11920
C         -0.05250       -1.31080       -0.98510
N         -0.24250       -1.23270       -2.35800
C          0.14050       -2.28390       -3.27840
C          1.52290       -2.81270       -2.89810
C          1.53550       -3.21200       -1.43980
C          2.32950       -4.29160       -1.02300
C          2.30450       -4.70750        0.30480
O          3.08530       -5.78400        0.62630
C          2.28610       -6.91560        1.00560
C          3.06300       -8.16950        0.63290
C          1.52840       -4.01650        1.23030
O          1.45030       -4.37280        2.55450
C          2.66790       -4.05350        3.24160
C          2.36690       -4.05600        4.72730
C          0.73850       -2.93520        0.82430
C          0.75260       -2.48670       -0.50700
C         -2.44380        1.13670        0.23250
C         -3.17000        2.28990       -0.07840
H         -6.01420        4.87660       -2.09730
H         -4.88720        6.16030       -2.48970
H         -5.60850        5.18700       -3.79670
H         -4.42020        3.16830       -2.92800
H         -3.29100        4.46470       -3.41490
H         -1.41930        5.62410       -2.00890
H         -0.05060        4.80530       -1.19160
H          1.29870        4.96560       -3.25490
H          0.69720        6.57780       -2.81640
H         -0.06220        5.65990       -4.13720
H          0.12090        1.52870       -1.97070
H         -0.33750       -0.46690        0.94800
H         -1.02870       -0.65250       -2.64180
H         -0.60550       -3.08870       -3.24680
H          0.15990       -1.88840       -4.29830
H          2.28720       -2.04450       -3.05900
H          1.76830       -3.67220       -3.53610
H          2.94870       -4.82660       -1.73710
H          1.32000       -6.92580        0.48420
H          2.11500       -6.90040        2.08880
H          4.01520       -8.20500        1.17490
H          3.30800       -8.15860       -0.43630
H          2.48940       -9.07670        0.85810
H          3.04020       -3.06380        2.95300
H          3.43190       -4.80620        3.02460
H          1.57750       -3.33550        4.96480
H          2.01060       -5.03530        5.04600
H          3.25970       -3.80100        5.30310
H          0.12490       -2.45210        1.57380
H         -2.80100        0.47990        1.02000
H         -4.08690        2.51050        0.46220

