HF BASIS=def2-svp cutoff=1.0e-9 denserms=1.0e-6  zmake GRADIENT DIPOLE CHARGE=0

C         -4.44490       -3.62410       -0.30410
O         -3.73010       -2.94940        0.72230
C         -2.88360       -1.93270        0.35960
C         -2.74280       -1.44940       -0.94960
C         -1.86710       -0.39400       -1.24370
O         -1.72760        0.15660       -2.49150
C         -2.48800       -0.39380       -3.56040
C         -1.11500        0.17650       -0.20490
C         -0.12810        1.26620       -0.44160
O         -0.01760        2.14060        0.42230
C          0.74740        1.23770       -1.68140
C          2.19670        1.60400       -1.35740
C          2.90880        0.49800       -0.61320
C          2.96890        0.50710        0.78760
C          3.58950       -0.53540        1.47880
C          4.15450       -1.58730        0.76600
O          4.76760       -2.62680        1.40080
C          4.10890       -1.61190       -0.62230
C          3.48430       -0.57230       -1.31260
C         -1.29330       -0.27730        1.11560
O         -0.64370        0.31780        2.17240
C         -2.14700       -1.35130        1.40670
C         -2.32490       -1.82420        2.82640
H         -5.02440       -4.42580        0.16380
H         -3.76210       -4.08490       -1.02550
H         -5.15080       -2.94980       -0.79970
H         -3.33190       -1.89260       -1.74180
H         -2.22670       -1.44330       -3.73070
H         -3.56160       -0.27360       -3.38300
H         -2.23700        0.16260       -4.46860
H          0.33390        1.96700       -2.38700
H          0.72210        0.24940       -2.15180
H          2.25170        2.53570       -0.78080
H          2.73650        1.79970       -2.29270
H          2.52380        1.32570        1.35040
H          3.61680       -0.50850        2.56330
H          4.69860       -2.48230        2.35880
H          4.55480       -2.44020       -1.16510
H          3.44820       -0.60470       -2.39880
H         -0.30250        1.18750        1.86530
H         -1.43050       -1.64040        3.43040
H         -3.17300       -1.30790        3.28660
H         -2.49940       -2.90440        2.86840

