HF BASIS=def2-svp cutoff=1.0e-9 denserms=1.0e-6  zmake GRADIENT DIPOLE CHARGE=0

C          1.29070        1.07060       -1.22660
N         -0.03880        0.84560       -0.67810
C         -0.16950       -0.24620        0.30570
C          0.18430       -1.57680       -0.40560
C          0.75430       -0.06370        1.56260
C          0.60440        1.34170        2.18800
C         -0.75640        1.27270        2.88720
C         -1.25880       -0.13390        2.51960
C          0.05250       -0.91840        2.62310
C         -1.62000       -0.25880        0.99500
C         -2.41960       -1.56530        0.77810
C         -2.55900        0.88020        0.53660
H          2.04370        1.22620       -0.44930
H          1.27080        1.98040       -1.83550
H          1.61150        0.25520       -1.88090
H         -0.69330        0.69280       -1.44510
H          1.23190       -1.59650       -0.72630
H         -0.43750       -1.72930       -1.29520
H          0.06220       -2.45240        0.23740
H          1.79840       -0.33600        1.38600
H          0.65220        2.15780        1.46260
H          1.39360        1.51570        2.92910
H         -0.61740        1.35260        3.97260
H         -1.42610        2.08390        2.59470
H         -2.04900       -0.48480        3.18870
H         -0.03710       -1.97600        2.36740
H          0.52150       -0.84250        3.61110
H         -2.61760       -1.73730       -0.28540
H         -3.39100       -1.51180        1.28480
H         -1.91360       -2.44750        1.17970
H         -2.08580        1.86600        0.56210
H         -3.44940        0.92970        1.17430
H         -2.90090        0.71490       -0.49190

