HF BASIS=def2-svp cutoff=1.0e-9 denserms=1.0e-6  zmake GRADIENT DIPOLE CHARGE=0

C          1.99390       -3.12860        3.72450
C          1.25260       -2.23140        4.67880
C          1.99630       -1.91110        5.94470
C          0.02260       -1.76960        4.37410
C         -0.85260       -0.85080        5.19120
C         -0.39080        0.59290        5.22420
C         -0.23590        1.33790        4.03720
O         -0.55230        0.72080        2.84860
C         -0.38570        1.41920        1.67350
C          0.04020        2.68300        1.57110
C          0.20030        3.39160        0.26000
O          0.27630        2.50990       -0.88670
C         -0.33940        1.29010       -0.78720
C         -0.70000        0.70800        0.43330
C         -1.33310       -0.54160        0.42370
C         -1.57960       -1.20470       -0.78210
C         -1.16880       -0.63550       -1.98590
O         -1.39590       -1.20800       -3.20420
C         -0.95310       -2.56550       -3.34000
O         -1.77100       -3.24850       -4.31130
C         -1.65120       -2.75740       -5.64520
C         -0.19190       -2.82300       -6.12330
O          0.00560       -2.31560       -7.45160
C          0.74370       -2.09700       -5.15070
O          2.10880       -2.33140       -5.53860
C          0.54280       -2.60760       -3.72400
O          1.05940       -3.94720       -3.63400
C         -2.25900       -1.36990       -5.86740
O         -3.52320       -1.25840       -5.41340
O         -1.70180       -0.42200       -6.40410
C         -0.56860        0.62180       -1.99060
C         -0.94420        4.34630       -0.00510
C         -0.91900        5.69400       -0.07010
C          0.29640        6.55640        0.13600
C         -2.17790        6.46910       -0.36190
C          0.39990        3.38810        2.81290
O          0.84650        4.53120        2.82120
C          0.22010        2.65750        4.07760
C          0.50430        3.26080        5.30550
O          0.95490        4.54820        5.42340
C          0.32710        2.55580        6.48980
C         -0.12030        1.23530        6.44410
O         -0.30410        0.55140        7.61400
H          2.91400       -2.63960        3.38370
H          2.26010       -4.07120        4.21520
H          1.39980       -3.37330        2.83640
H          1.38610       -1.38150        6.67840
H          2.86880       -1.28850        5.71760
H          2.34290       -2.83310        6.42380
H         -0.42140       -2.07780        3.42800
H         -0.96780       -1.27260        6.19810
H         -1.86610       -0.86790        4.76400
H          1.16340        3.90950        0.25970
H         -1.65280       -1.00840        1.35370
H         -2.11280       -2.15060       -0.75970
H         -1.09540       -3.13810       -2.41800
H         -2.23890       -3.42420       -6.28940
H          0.10900       -3.87660       -6.16600
H         -0.23560       -1.36590       -7.44510
H          0.58770       -1.01490       -5.19850
H          2.12370       -2.26440       -6.51510
H          1.14060       -2.00250       -3.03400
H          1.93230       -3.90500       -4.07410
H         -3.76430       -0.31890       -5.54740
H         -0.27820        1.08730       -2.92890
H         -1.89660        3.84680       -0.18130
H          0.50720        7.13020       -0.77330
H          1.19850        5.99300        0.38200
H          0.12160        7.26470        0.95360
H         -2.37640        7.18820        0.43940
H         -3.05590        5.82110       -0.45060
H         -2.07380        7.01750       -1.30510
H          1.04960        4.92320        4.51880
H          0.54240        3.04960        7.43270
H         -0.04640        1.11940        8.35890

