HF BASIS=def2-svp cutoff=1.0e-9 denserms=1.0e-6  zmake GRADIENT DIPOLE CHARGE=0

C         -0.32320       -0.46120        2.07420
C          1.08950       -0.43210        2.72120
C          2.10740       -0.30190        1.58220
C          1.25640       -0.01190        0.34850
C          1.82310       -0.16630       -1.04380
C          3.11770       -0.42910       -1.29260
C          3.73600       -0.39350       -2.65750
C          2.84150        0.29750       -3.70570
C          3.44290        0.20240       -5.13120
C          4.82920        0.84570       -5.23040
C          2.48760        0.85280       -6.12820
O          2.85770        1.65700       -6.98300
C          1.05500        0.38230       -6.08540
C          0.50570        0.49990       -4.67130
C          1.36800       -0.23160       -3.60620
C          1.30740       -1.75980       -3.87100
C          0.81770        0.12010       -2.16230
C         -0.57620       -0.50610       -1.87930
C         -1.06880       -0.34280       -0.43230
C         -0.02830       -0.84350        0.58910
C          0.20380       -2.36510        0.43190
C         -1.32120       -1.32460        2.89410
C         -2.72170       -1.36580        2.27530
C         -1.41740       -0.89210        4.38140
C         -1.91190        0.54090        4.61530
C         -2.01940        0.84610        6.11410
C         -2.38460        2.31120        6.41730
C         -2.32540        2.55850        7.92680
C         -3.76750        2.69130        5.88640
H         -0.69990        0.57170        2.07140
H          1.30040       -1.34510        3.28970
H          1.17310        0.41270        3.41400
H          2.67090       -1.23670        1.48220
H          2.82880        0.49800        1.77990
H          0.99030        1.05670        0.42150
H          3.80990       -0.61890       -0.47620
H          3.98800       -1.41510       -2.96430
H          4.68120        0.15490       -2.57100
H          2.80920        1.36930       -3.45000
H          3.54910       -0.84530       -5.43510
H          5.19300        0.83750       -6.26400
H          4.80770        1.88860       -4.89590
H          5.56630        0.30470       -4.62980
H          0.45820        1.00310       -6.76270
H          1.01290       -0.64600       -6.45730
H          0.44250        1.56560       -4.41280
H         -0.52150        0.11750       -4.66660
H          1.87020       -2.05280       -4.76130
H          0.27820       -2.09510       -4.03920
H          1.70760       -2.33880       -3.03280
H          0.67090        1.21120       -2.12870
H         -0.57830       -1.57540       -2.11020
H         -1.32120       -0.05170       -2.54280
H         -1.29550        0.71620       -0.25360
H         -2.01510       -0.88110       -0.33300
H          0.85350       -2.76900        1.21500
H          0.67040       -2.62030       -0.52430
H         -0.74290       -2.91280        0.48350
H         -0.95030       -2.35800        2.91140
H         -3.07550       -0.36540        2.00690
H         -2.73660       -1.98900        1.37770
H         -3.44650       -1.80700        2.96840
H         -0.44000       -1.01690        4.86260
H         -2.08980       -1.58720        4.90190
H         -2.88980        0.67250        4.14240
H         -1.22310        1.25730        4.15560
H         -2.76070        0.17690        6.56950
H         -1.05630        0.61770        6.58890
H         -1.64250        2.96450        5.94110
H         -2.54390        3.60640        8.15870
H         -1.32850        2.33230        8.31980
H         -3.05050        1.93470        8.46060
H         -4.54090        2.02180        6.27760
H         -4.02750        3.71460        6.17840
H         -3.80040        2.64990        4.79360

