HF BASIS=def2-svp cutoff=1.0e-9 denserms=1.0e-6  zmake GRADIENT DIPOLE CHARGE=0

O          0.22900        0.71520        4.01320
C          0.61090        0.51860        2.64460
C         -0.61040        0.24530        1.77420
O         -1.55750        1.30490        2.01950
C         -0.17820        0.20070        0.29530
O         -1.37390        0.06510       -0.48420
C         -1.15950       -0.69980       -1.59760
C         -0.54670       -0.18070       -2.73590
O         -0.07250        1.09660       -2.79730
C         -0.39880       -0.96750       -3.87630
C         -0.87200       -2.28420       -3.88810
C         -1.49510       -2.81380       -2.75510
C         -1.63400       -2.01220       -1.62200
O         -2.24380       -2.51770       -0.45420
C         -2.72820       -3.81630       -0.39640
O         -3.23910       -4.27750        0.61700
C         -2.58890       -4.63490       -1.61280
C         -2.00830       -4.17380       -2.72480
O          0.46470        1.42250       -0.07500
C          1.65520        1.68540        0.67620
C          1.35540        1.77330        2.17510
O          2.58730        1.87950        2.91710
C          2.30240        2.99280        0.19590
O          3.34110        3.40840        0.96400
O          1.96820        3.59880       -0.81310
H         -0.64120        1.16880        3.98030
H          1.29010       -0.34210        2.62970
H         -1.10970       -0.68370        2.06940
H         -2.20130        1.26930        1.28230
H          0.51060       -0.64220        0.13600
H         -0.15540        1.51510       -1.91540
H          0.07970       -0.55050       -4.75940
H         -0.75130       -2.88010       -4.78980
H         -2.98500       -5.64140       -1.55090
H         -1.91610       -4.79530       -3.60900
H          2.38590        0.89390        0.46360
H          0.76990        2.67230        2.40450
H          2.33060        1.71630        3.85320
H          3.44720        2.87040        1.78740

