HF BASIS=def2-svp cutoff=1.0e-9 denserms=1.0e-6  zmake GRADIENT DIPOLE CHARGE=0

C         -4.20360        1.82960       -5.76480
C         -3.03720        0.88280       -5.89580
C         -2.52900        0.72980       -7.30310
C         -2.55030        0.24920       -4.80980
C         -1.40400       -0.72500       -4.72480
C         -0.35200       -0.28810       -3.72570
C         -0.27590       -0.88480       -2.45440
O         -1.20970       -1.84290       -2.14200
C          0.72170       -0.51110       -1.53510
C          1.64400        0.46860       -1.87200
O          2.63770        0.90100       -1.03700
C          2.78720        0.28550        0.18190
C          1.96360       -0.74240        0.66550
C          0.82380       -1.12660       -0.20270
O         -0.05060       -1.91480        0.14040
C          2.22950       -1.33580        1.92490
C          1.45480       -2.52290        2.46580
C          0.30960       -2.10670        3.35020
C          0.06820       -2.44530        4.63290
C          0.91380       -3.35840        5.47740
C         -1.15290       -1.91410        5.34130
C          3.28450       -0.79560        2.68620
O          3.57900       -1.23010        3.94920
C          4.09780        0.22490        2.20230
C          3.85450        0.76060        0.94520
C          1.57440        1.08400       -3.11980
C          0.58150        0.71550       -4.02700
O          0.58050        1.39630       -5.21210
H         -3.91910        2.82960       -6.10820
H         -4.55250        1.92090       -4.73080
H         -5.04610        1.47950       -6.37010
H         -1.71300        0.01090       -7.39720
H         -2.16410        1.69240       -7.67640
H         -3.33720        0.38970       -7.95940
H         -3.03390        0.42990       -3.84790
H         -0.91150       -0.88380       -5.68900
H         -1.81120       -1.70750       -4.45900
H         -1.05190       -2.13400       -1.21440
H          1.08810       -3.16090        1.65680
H          2.15760       -3.18000        2.98840
H         -0.41340       -1.46190        2.84700
H          1.76530       -3.78420        4.94350
H          0.31130       -4.19640        5.84380
H          1.30620       -2.81270        6.34190
H         -0.85700       -1.34240        6.22710
H         -1.79690       -2.74080        5.65880
H         -1.75030       -1.25310        4.70450
H          2.75860       -1.55450        4.35900
H          4.91480        0.60410        2.81080
H          4.48910        1.55720        0.56480
H          2.28680        1.86020       -3.38800
H         -0.29970        1.31530       -5.61700

