HF BASIS=def2-svp cutoff=1.0e-9 denserms=1.0e-6  zmake GRADIENT DIPOLE CHARGE=0

C         -2.07350       -4.62200        1.31640
C         -1.39140       -5.99330        1.41450
O         -0.04580       -5.90080        0.92120
C          0.61870       -7.08460        0.84910
O          0.16540       -8.16810        1.19400
C          1.98220       -6.89080        0.23240
C          2.80860       -5.86440        1.00300
C          4.18070       -5.65000        0.36280
C          5.08520       -4.71130        1.16830
C          4.52000       -3.29550        1.31320
C          5.50560       -2.37280        2.03410
C          4.99490       -0.93450        2.17530
C          3.76410       -0.81900        3.07870
C          3.38850        0.62730        3.41200
C          3.04800        1.52060        2.21510
C          1.89540        0.98370        1.36260
C          1.46860        2.00200        0.34260
C          0.30460        2.66910        0.29030
C         -0.85520        2.54770        1.23680
C         -2.21600        2.50340        0.53430
C         -2.37190        1.32890       -0.43820
C         -3.79880        1.27360       -0.99210
C         -4.00550        0.20350       -2.06780
C         -3.25310        0.51570       -3.36370
C         -3.67380       -0.41030       -4.50360
C         -2.90830       -0.10390       -5.78080
C         -1.93130       -3.99590       -0.07590
O         -2.28450       -4.92010       -1.08990
P         -2.53060       -4.30730       -2.55210
O         -4.09990       -3.97560       -2.53250
O         -1.72420       -3.09720       -2.89020
O         -2.43280       -5.51740       -3.59020
C         -3.17120       -6.70260       -3.34410
C         -2.42540       -7.90750       -3.93960
N         -1.11760       -8.19050       -3.30920
C         -1.26640       -8.70190       -1.94610
C         -0.36940       -9.15550       -4.11810
O         -1.46240       -3.75790        2.30360
C         -2.17190       -2.65000        2.65560
O         -3.28060       -2.36560        2.22900
C         -1.37340       -1.84100        3.64860
C         -2.03530       -0.50020        3.95590
C         -1.19030        0.31940        4.93170
C         -1.81000        1.69370        5.19060
C         -0.99030        2.48550        6.21140
C         -1.58000        3.86390        6.52810
C         -1.65230        4.83890        5.34920
C         -0.27960        5.20660        4.78270
C         -0.40810        6.17120        3.60210
C          0.96790        6.57310        3.06550
C          0.88860        7.38540        1.76960
C          0.55050        6.51150        0.56030
C          0.50200        7.32190       -0.73560
C          0.22640        6.40560       -1.92930
C          0.14410        7.18840       -3.24140
C          0.07130        6.27660       -4.47130
C         -1.21410        5.44800       -4.53520
C         -1.29670        4.54860       -5.77290
C         -0.17490        3.51380       -5.91890
C         -0.01960        2.60260       -4.69980
C          1.01390        1.50290       -4.95090
C          1.20130        0.62560       -3.71270
C          2.22130       -0.47460       -3.95790
H         -3.13240       -4.77100        1.56360
H         -1.35510       -6.31590        2.46190
H         -1.94960       -6.72940        0.82500
H          2.49520       -7.85910        0.23370
H          1.84550       -6.59230       -0.81300
H          2.26620       -4.91330        1.03390
H          2.92720       -6.19430        2.04240
H          4.05510       -5.25370       -0.65260
H          4.68980       -6.61680        0.26460
H          5.26110       -5.13930        2.16280
H          6.06080       -4.66240        0.66870
H          3.58410       -3.33530        1.87820
H          4.28950       -2.88540        0.32290
H          6.44900       -2.34940        1.47530
H          5.73680       -2.77920        3.02660
H          4.77310       -0.53180        1.18030
H          5.80480       -0.32400        2.59340
H          3.96090       -1.34310        4.02220
H          2.90560       -1.32080        2.62080
H          4.21290        1.09090        3.96730
H          2.53040        0.61240        4.09560
H          3.93830        1.66470        1.59050
H          2.78340        2.51260        2.60390
H          2.21000        0.08110        0.82630
H          1.06800        0.68470        2.01190
H          2.20700        2.21850       -0.42960
H          0.17870        3.39480       -0.51330
H         -0.76610        1.66440        1.87350
H         -0.84140        3.41780        1.90300
H         -2.99540        2.44440        1.30490
H         -2.37930        3.44570       -0.00460
H         -2.14120        0.38630        0.07230
H         -1.65350        1.44190       -1.25680
H         -4.07680        2.25340       -1.39960
H         -4.49030        1.07100       -0.16470
H         -5.07980        0.14250       -2.28240
H         -3.70120       -0.77820       -1.68450
H         -2.17630        0.40960       -3.19630
H         -3.43700        1.55650       -3.65800
H         -3.49640       -1.45280       -4.22390
H         -4.74840       -0.30430       -4.69320
H         -3.08740        0.92510       -6.10910
H         -1.83140       -0.23530       -5.63340
H         -3.22520       -0.77730       -6.58300
H         -0.90060       -3.66110       -0.24160
H         -2.56700       -3.10620       -0.15300
H         -4.28300       -3.22560       -3.12680
H         -3.36680       -6.84030       -2.27730
H         -4.14000       -6.59850       -3.84340
H         -2.25450       -7.68000       -5.00050
H         -3.07100       -8.79390       -3.89610
H         -0.28610       -8.93550       -1.51560
H         -1.88000       -9.60910       -1.90860
H         -1.71610       -7.95170       -1.29080
H          0.61980       -9.33940       -3.68360
H         -0.89240      -10.11470       -4.20570
H         -0.19460       -8.76300       -5.12580
H         -0.37780       -1.66730        3.22400
H         -1.27140       -2.42920        4.56690
H         -3.03290       -0.66710        4.38150
H         -2.18270        0.06010        3.02460
H         -1.09230       -0.22760        5.87730
H         -0.17940        0.44870        4.52590
H         -2.83570        1.57400        5.55920
H         -1.86660        2.23960        4.24300
H          0.04430        2.58530        5.86500
H         -0.94390        1.91400        7.14690
H         -2.59140        3.73190        6.93170
H         -0.98530        4.31990        7.32950
H         -2.14750        5.75510        5.69450
H         -2.28890        4.42910        4.55720
H          0.33370        5.66090        5.56970
H          0.24200        4.30550        4.44190
H         -0.95230        7.07110        3.91320
H         -1.00390        5.69280        2.81830
H          1.58810        5.68290        2.90360
H          1.47680        7.17740        3.82710
H          1.86230        7.86130        1.59890
H          0.15280        8.19150        1.87440
H         -0.41620        6.01730        0.70550
H          1.30550        5.72180        0.46590
H          1.45530        7.84340       -0.88390
H         -0.28120        8.08530       -0.66420
H          1.02180        5.65340       -2.00010
H         -0.71330        5.86890       -1.75660
H         -0.72350        7.85870       -3.22190
H          1.03370        7.82280       -3.33940
H          0.95010        5.62250       -4.47310
H          0.13840        6.89930       -5.37170
H         -2.07580        6.12730       -4.54480
H         -1.32270        4.83130       -3.63760
H         -1.31130        5.17650       -6.67260
H         -2.25900        4.02160       -5.75000
H         -0.39140        2.90150       -6.80300
H          0.77500        4.02090       -6.12400
H          0.29040        3.18990       -3.82820
H         -0.98640        2.14930       -4.45780
H          0.69320        0.88370       -5.79750
H          1.97320        1.95710       -5.22650
H          1.53450        1.24120       -2.86960
H          0.24610        0.17180       -3.42640
H          2.35300       -1.07730       -3.05340
H          3.19470       -0.05610       -4.23150
H          1.89460       -1.13890       -4.76400

