HF BASIS=def2-svp cutoff=1.0e-9 denserms=1.0e-6  zmake GRADIENT DIPOLE CHARGE=0

C         -0.07590        2.79990        3.05270
O          0.76260        2.15910        2.08740
C          1.25500        0.94830        2.53740
C          1.10890       -0.18300        1.70510
C          1.62860       -1.43960        2.06930
C          2.30110       -1.61150        3.28280
C          2.46950       -0.46590        4.06790
C          1.99920        0.80290        3.73360
C          2.45850        1.65310        4.78070
C          3.13130        0.85310        5.67670
O          3.13460       -0.43470        5.25500
C          0.41180       -0.10620        0.39390
O          1.08720       -0.43120       -0.58520
C         -1.02020        0.46120        0.29860
C         -1.85970       -0.11710       -0.87510
O         -1.10840       -0.75190       -1.91240
C         -0.51020        0.12570       -2.87470
C         -1.58830        0.86230       -3.65480
O         -1.05140        1.75370       -4.63750
C         -2.35000        1.70860       -2.63490
O         -3.45900        2.38890       -3.26390
C         -2.90260        0.85810       -1.48510
O         -3.45340        1.75300       -0.50070
C          0.36550       -0.73560       -3.76920
O          1.35980       -1.35570       -3.08070
O          0.20270       -0.86550       -4.96830
C         -1.81560        0.21470        1.57570
O         -2.82460        1.08380        1.79310
O         -1.58890       -0.68970        2.36580
H          0.50650        3.49220        3.66720
H         -0.82390        3.38340        2.50000
H         -0.62220        2.08620        3.68170
H          1.49920       -2.29900        1.41330
H          2.70100       -2.57180        3.59090
H          2.32040        2.71600        4.87970
H          3.64100        1.04140        6.61310
H         -0.89120        1.54350        0.16760
H         -2.45060       -0.93650       -0.44500
H          0.15280        0.85720       -2.39940
H         -2.27160        0.17790       -4.16330
H         -0.65100        1.19400       -5.33530
H         -1.71170        2.51160       -2.23630
H         -3.08320        2.79710       -4.07680
H         -3.74270        0.26340       -1.87380
H         -4.04420        2.33550       -1.02190
H          1.27770       -1.18230       -2.10200
H         -3.06680        1.62070        0.99460

