HF BASIS=def2-svp cutoff=1.0e-9 denserms=1.0e-6  zmake GRADIENT DIPOLE CHARGE=0

O          1.94240       -1.17520       -2.96870
C          1.02280       -0.97960       -1.97310
C         -0.09070       -0.22950       -2.01020
C         -0.73560       -0.33620       -0.66120
O         -1.79950        0.19410       -0.36940
C          0.07610       -1.21190        0.27020
C          1.19600       -1.60760       -0.64370
O          2.14700       -2.33780       -0.40500
C          0.46520       -0.51090        1.55460
C         -0.51020       -0.34940        2.55640
C         -0.21410        0.30670        3.75380
C          1.06430        0.80890        3.95760
O          1.39990        1.45700        5.10860
C          2.04420        0.66600        2.98490
C          1.74750        0.01180        1.78620
C         -0.59910        0.56750       -3.13510
C         -0.46000        0.12740       -4.46120
C         -0.95470        0.88590       -5.52630
C         -1.59720        2.08960       -5.27480
O         -2.06640        2.79630       -6.34110
C         -1.75330        2.54920       -3.97370
C         -1.25560        1.78840       -2.91000
H          2.63420       -1.75650       -2.58800
H         -0.50210       -2.11960        0.48290
H         -1.52100       -0.72620        2.40270
H         -0.99050        0.41760        4.50410
H          0.62100        1.48100        5.68820
H          3.04090        1.06260        3.15850
H          2.54460       -0.08260        1.05200
H          0.03350       -0.81520       -4.68830
H         -0.83860        0.53430       -6.54760
H         -2.49570        3.60350       -6.01310
H         -2.25640        3.48760       -3.76260
H         -1.39070        2.16950       -1.89900

