HF BASIS=def2-svp cutoff=1.0e-9 denserms=1.0e-6  zmake GRADIENT DIPOLE CHARGE=0

C         -2.06420        3.27280       -2.09020
C         -2.68750        1.98180       -2.52390
O         -3.85030        1.86030       -2.88470
O         -1.78600        0.96750       -2.42090
C         -2.32000       -0.32150       -2.75860
C         -1.26460       -1.41160       -2.55930
O         -0.11150       -1.14650       -3.37530
C         -0.82290       -1.65570       -1.09600
O          0.09990       -2.76570       -1.13080
C         -0.13820       -0.46900       -0.37300
O          0.96500       -0.02100       -1.18470
C          1.70020        1.06300       -0.62520
O          0.85580        2.21110       -0.54400
C          2.23700        0.73420        0.76140
C          1.10540        0.29740        1.67340
O          1.66360       -0.10490        2.92810
C          0.33280       -0.87300        1.04480
N         -0.83640       -1.15460        1.90120
C         -0.91510       -2.29610        2.47820
C          0.02650       -3.45210        2.45860
O         -1.99790       -2.50160        3.24060
C          2.90270        1.38270       -1.55340
O          3.71750        0.34090       -1.80600
O          3.11500        2.48060       -2.05580
H         -2.74270        4.09760       -2.33310
H         -1.12090        3.43750       -2.62260
H         -1.89630        3.25230       -1.00830
H         -2.61300       -0.30110       -3.81540
H         -3.19750       -0.53740       -2.13780
H         -1.67890       -2.35340       -2.94070
H          0.28240       -0.32570       -3.02070
H         -1.69220       -1.98510       -0.51860
H          0.70060       -2.57500       -1.88500
H         -0.86270        0.34740       -0.28190
H          1.19930        2.84620       -1.20310
H          2.74620        1.60000        1.20310
H          2.98650       -0.06810        0.71320
H          0.43450        1.14340        1.87300
H          0.90500       -0.23770        3.52440
H          1.02420       -1.72000        0.97590
H         -0.35600       -4.27100        3.07750
H          0.99690       -3.14240        2.85780
H          0.14420       -3.82330        1.43720
H         -2.54230       -1.69860        3.19840
H          4.39530        0.68760       -2.42250

