HF BASIS=def2-svp cutoff=1.0e-9 denserms=1.0e-6  zmake GRADIENT DIPOLE CHARGE=0

N         -2.41820        0.03870       -4.90100
C         -3.71280        0.02750       -4.18800
C         -3.49420       -0.10690       -2.67580
O         -4.29810        0.30330       -1.84480
N         -2.32080       -0.75440       -2.35630
C         -1.81020       -0.74210       -0.98520
C         -0.74370       -1.83810       -0.84500
C         -0.09840       -1.99270        0.53340
C         -1.03310       -2.52700        1.59860
N         -0.40920       -2.93890        2.74230
O         -2.25580       -2.53750        1.50880
C         -1.19380        0.66380       -0.76890
O         -0.58330        1.23120       -1.68610
N         -1.24130        1.23780        0.48460
C         -2.22950        0.91060        1.50960
C         -2.58560        2.25080        2.13480
C         -1.26920        3.00580        2.07750
C         -0.65930        2.57180        0.73350
C          0.89030        2.61350        0.80910
O          1.49840        3.25780        1.65960
N          1.54370        1.94410       -0.19630
C          2.99430        1.90640       -0.34720
C          3.73080        1.29060        0.85440
C          3.10190       -0.00650        1.37310
C          3.89220       -0.56660        2.55750
N          3.16670       -1.66380        3.17510
C          3.30290       -2.96690        2.84760
N          4.56460       -3.38430        2.64050
N          2.27760       -3.74700        2.79930
C          3.34200        1.15810       -1.63890
O          4.60700        1.37780       -2.05930
O          2.60230        0.42510       -2.28100
H         -1.95460        0.92840       -4.68170
H         -2.60740        0.07750       -5.90250
H         -4.31670       -0.82040       -4.52480
H         -4.25050        0.95860       -4.39230
H         -1.64460       -0.73110       -3.11930
H         -2.65790       -0.92130       -0.32680
H         -1.18400       -2.80000       -1.14360
H          0.06750       -1.64140       -1.56220
H          0.74200       -2.69350        0.43910
H          0.30830       -1.03990        0.88690
H          0.57250       -3.23750        2.72350
H         -0.99070       -3.39740        3.43360
H         -1.74130        0.25820        2.24240
H         -3.11640        0.41830        1.11180
H         -2.97810        2.14710        3.15190
H         -3.33620        2.76670        1.52280
H         -0.64000        2.68820        2.92030
H         -1.39930        4.09190        2.14460
H         -0.98250        3.24700       -0.07200
H          0.97710        1.62570       -0.98940
H          3.31890        2.94800       -0.47450
H          3.74820        2.01990        1.67600
H          4.77820        1.10890        0.59360
H          2.07870        0.19260        1.70070
H          3.05010       -0.75590        0.57130
H          4.88910       -0.87470        2.23410
H          4.03830        0.21850        3.30120
H          2.18420       -1.44170        3.34780
H          4.70250       -4.38430        2.75850
H          5.21990       -2.87660        3.22520
H          2.59980       -4.68250        2.53120
H          4.67580        0.85460       -2.88850

