HF BASIS=def2-svp cutoff=1.0e-9 denserms=1.0e-6  zmake GRADIENT DIPOLE CHARGE=0

O         -4.60100        0.52490        3.47180
C         -3.70100       -0.02720        2.51020
C         -4.00150        0.54990        1.13120
O         -3.09830        0.04550        0.13800
C         -2.72560        1.13830       -0.73150
C         -2.92110        0.70090       -2.20580
O         -2.80310        1.78690       -3.12760
O         -1.38580        1.55470       -0.40480
C         -0.38730        0.57380       -0.67370
O          0.22330        0.84000       -1.93840
C          0.91830        2.09620       -2.04830
C          0.03510        3.18260       -2.68230
O         -0.40500        2.78940       -3.97670
C          1.51170        2.59100       -0.71860
O          2.69550        3.37890       -0.91970
C          1.88880        1.38460        0.13300
O          2.52610        1.83430        1.34110
C          0.65430        0.54520        0.47340
O          1.14140       -0.80710        0.69290
C          0.35690       -1.59780        1.46280
O         -0.72050       -1.28220        1.93940
C          0.98010       -2.93700        1.63750
C          2.28230       -3.22080        1.18310
C          2.80970       -4.49420        1.37640
O          4.06670       -4.83030        0.95750
C          2.05790       -5.47520        2.01400
O          2.57000       -6.72930        2.20730
C          0.77580       -5.19330        2.46500
O          0.04300       -6.15910        3.09220
C          0.22750       -3.93100        2.28410
C         -3.64190        2.32990       -0.36260
O         -4.89640        2.32600       -1.06320
C         -3.88170        2.06960        1.11230
O         -5.06070        2.72700        1.57000
H         -4.41180        0.06440        4.31080
H         -2.67700        0.20730        2.81830
H         -3.80710       -1.11740        2.49960
H         -5.02030        0.25520        0.84650
H         -2.19300       -0.05860       -2.50220
H         -3.90510        0.23710       -2.34480
H         -3.62990        2.30300       -3.02260
H         -0.83450       -0.42310       -0.75010
H          1.73470        1.90190       -2.75570
H          0.60140        4.11110       -2.80230
H         -0.84540        3.40830       -2.07480
H         -1.16210        2.17870       -3.82740
H          0.80580        3.22270       -0.16540
H          2.45850        4.15340       -1.46080
H          2.64330        0.77930       -0.38610
H          3.16930        2.51190        1.04750
H          0.20930        0.91230        1.40790
H          2.87200       -2.45310        0.69040
H          4.47440       -4.05190        0.53660
H          3.46420       -6.69050        1.80970
H          0.62550       -6.94590        3.10430
H         -0.77800       -3.72620        2.64500
H         -3.17460        3.30500       -0.53420
H         -5.52610        2.74940       -0.43900
H         -3.02320        2.41230        1.70240
H         -5.25810        2.32550        2.44460

