HF BASIS=def2-svp cutoff=1.0e-9 denserms=1.0e-6  zmake GRADIENT DIPOLE CHARGE=0

N         -1.91660        2.29150        2.77260
C         -0.88020        1.27870        2.94590
C         -1.03110        0.15590        1.91880
C          0.05910       -0.90330        2.09870
C         -0.10240       -2.11290        1.16950
C         -0.07120       -1.80040       -0.33060
N          1.17410       -1.13130       -0.70460
C          1.21090       -0.84110       -2.13860
C          2.49890       -0.10760       -2.52380
C          2.59790        1.27850       -1.88700
N          3.80310        1.96360       -2.35220
H         -2.83480        1.85450        2.84120
H         -1.86020        2.67410        1.82910
H         -0.94640        0.87500        3.96200
H          0.10140        1.75460        2.84680
H         -2.01730       -0.31320        2.02260
H         -0.97680        0.58060        0.90960
H          1.04530       -0.44670        1.95170
H          0.03880       -1.26690        3.13380
H         -1.05040       -2.61490        1.39990
H          0.69150       -2.83440        1.40210
H         -0.16960       -2.74360       -0.88190
H         -0.93330       -1.17810       -0.59540
H          1.96610       -1.72530       -0.45740
H          0.34850       -0.22670       -2.42390
H          1.15700       -1.77650       -2.70850
H          3.36980       -0.71460       -2.24410
H          2.52300       -0.00880       -3.61680
H          1.72320        1.87980       -2.15710
H          2.62910        1.20510       -0.79480
H          4.62470        1.43940       -2.05360
H          3.86610        2.87080       -1.89120

