HF BASIS=def2-svp cutoff=1.0e-9 denserms=1.0e-6  zmake GRADIENT DIPOLE CHARGE=0

C         -0.39400       -4.13040        1.23570
C         -1.37790       -3.78700        0.12860
C         -2.71580       -3.30740        0.69430
C         -3.67500       -2.90550       -0.42780
C         -5.07130       -2.51420        0.06610
C         -5.12840       -1.35680        1.06880
C         -4.44140       -0.06070        0.62810
C         -5.04210        0.54680       -0.64200
C         -4.45640        1.92070       -0.99110
C         -2.93770        1.95940       -1.19680
C         -2.46300        1.09060       -2.36430
C         -0.94570        1.13930       -2.57030
C         -0.17320        0.40110       -1.47260
C          1.33340        0.39720       -1.75850
C          2.12290       -0.33100       -0.66710
O          1.70010       -1.70160       -0.62620
C          3.64510       -0.31970       -0.90510
O          4.25530       -1.08610        0.15540
C          4.31650        1.07010       -0.96480
N          5.78900        0.86930       -1.05560
C          4.00690        1.95150        0.25910
O          4.66340        3.20650        0.09560
P          4.06080        4.43760        0.91800
O          2.71350        4.80460        0.14680
O          5.01280        5.64970        0.50860
O          3.90320        4.26310        2.38600
H         -0.78950       -4.92150        1.88130
H         -0.18060       -3.25360        1.85630
H          0.55070       -4.48010        0.80720
H         -1.53610       -4.67100       -0.50070
H         -0.94250       -3.00940       -0.50970
H         -3.16640       -4.10440        1.29810
H         -2.53820       -2.45580        1.36060
H         -3.23970       -2.08460       -1.00840
H         -3.78550       -3.74680       -1.12370
H         -5.54000       -3.39150        0.52970
H         -5.69180       -2.26880       -0.80430
H         -6.18200       -1.14380        1.28920
H         -4.68420       -1.68070        2.01770
H         -3.37110       -0.24610        0.49220
H         -4.52850        0.66560        1.44580
H         -6.12460        0.66290       -0.50650
H         -4.91020       -0.13360       -1.48960
H         -4.95090        2.28980       -1.89810
H         -4.71360        2.62650       -0.19130
H         -2.43580        1.67120       -0.26830
H         -2.64530        2.99920       -1.39000
H         -2.76830        0.04890       -2.22240
H         -2.94990        1.44100       -3.28270
H         -0.71630        0.67430       -3.53720
H         -0.61020        2.18150       -2.63190
H         -0.34900        0.87670       -0.50160
H         -0.54320       -0.62820       -1.40140
H          1.67700        1.43330       -1.84840
H          1.50680       -0.09520       -2.72350
H          1.88870        0.08390        0.31930
H          2.36560       -2.15220       -0.06560
H          3.86410       -0.87090       -1.82890
H          5.20800       -0.85380        0.09600
H          4.00480        1.60470       -1.86960
H          6.02230        0.55090       -1.99780
H          6.22500        1.79260       -0.96450
H          2.92950        2.12090        0.34550
H          4.36270        1.49260        1.18790
H          2.25330        5.54190        0.58560
H          5.83870        5.63590        1.02520

