HF BASIS=def2-svp cutoff=1.0e-9 denserms=1.0e-6  zmake GRADIENT DIPOLE CHARGE=+1

C          1.11540       -1.32610       -3.19560
C          1.22310       -0.64230       -1.83990
N          2.68480       -0.38000       -1.37680
C          3.44120        0.36880       -2.48420
C          3.37510       -1.72490       -1.07550
C          4.76020       -1.58170       -0.46410
C          2.65230        0.58350       -0.13550
C          1.97930        0.00690        1.12330
O          0.55250       -0.08380        0.99510
C         -0.12990        1.09100        1.14850
O          0.43180        2.17150        1.29370
C         -1.63980        0.91800        0.98800
C         -2.13990       -0.36460        1.61210
C         -2.21820       -0.50920        3.00590
C         -2.63910       -1.71690        3.56410
C         -2.98020       -2.78760        2.73910
C         -2.90730       -2.65030        1.35350
C         -2.49580       -1.44070        0.79300
O         -2.45900       -1.38390       -0.58000
C         -2.37430       -0.14660       -1.17110
C         -2.66460       -0.09000       -2.53500
C         -2.59720        1.12640       -3.21280
C         -2.23820        2.28560       -2.52740
C         -1.94210        2.22980       -1.16480
C         -2.00480        1.00840       -0.47630
H          1.63510       -2.28700       -3.22050
H          1.49760       -0.69740       -4.00460
H          0.06190       -1.52510       -3.41880
H          0.72120        0.32970       -1.87450
H          0.75190       -1.27460       -1.08290
H          3.63280       -0.31890       -3.31180
H          2.82640        1.21320       -2.81020
H          4.38920        0.73430       -2.08040
H          2.71730       -2.29450       -0.41110
H          3.45590       -2.26850       -2.02210
H          5.20290       -2.57520       -0.33330
H          5.43650       -1.00800       -1.10320
H          4.73030       -1.11430        0.52370
H          3.69360        0.83790        0.08750
H          2.14720        1.49210       -0.48020
H          2.34950       -0.99430        1.35800
H          2.22670        0.62890        1.99270
H         -2.13070        1.74580        1.51780
H         -1.95760        0.31460        3.66780
H         -2.70660       -1.82390        4.64480
H         -3.31380       -3.72600        3.17610
H         -3.18730       -3.48260        0.71290
H         -2.96640       -0.98980       -3.06620
H         -2.84650        1.17470       -4.27070
H         -2.20570        3.23820       -3.05280
H         -1.67100        3.14740       -0.64350

