HF BASIS=def2-svp cutoff=1.0e-9 denserms=1.0e-6  zmake GRADIENT DIPOLE CHARGE=0

C         -5.24910        0.05620       -2.92130
C         -6.53730       -0.77620       -3.01450
O         -6.23920       -2.17870       -2.95780
C         -7.30990       -2.98200       -3.21240
O         -8.42890       -2.57620       -3.51730
C         -6.96020       -4.45200       -3.17050
C         -5.70270       -4.82540       -2.39240
C         -5.84480       -4.59560       -0.88550
C         -4.68740       -5.19620       -0.08220
C         -3.34210       -4.51300       -0.34450
C         -2.22920       -5.16270        0.47920
C         -0.89000       -4.43040        0.38610
C         -0.33420       -4.34670       -1.03870
C          1.06260       -3.71740       -1.09140
C          2.12300       -4.61880       -0.52470
C          2.92990       -4.37540        0.51860
C          2.99050       -3.13410        1.36360
C          2.35260       -3.30840        2.74610
C          3.07740       -4.33500        3.62350
C          2.49550       -4.36490        5.04030
C          3.15960       -5.40860        5.94350
C          4.61720       -5.07910        6.27460
C          5.21940       -6.11370        7.22790
C          6.67090       -5.78650        7.55200
C         -4.24070       -0.38750       -3.98650
O         -3.23270        0.60850       -4.13000
P         -1.73530        0.13410       -4.45550
O         -1.91790       -1.01680       -5.55510
O         -0.79450        1.19950       -4.90310
O         -1.24650       -0.67350       -3.15560
C         -0.87900        0.11960       -2.03200
C          0.63930        0.32660       -2.00660
N          1.02060        1.29890       -0.97700
C          2.46410        1.29830       -0.76960
O         -4.58220       -0.08900       -1.64090
C         -5.18000        0.49360       -0.56920
O         -6.29490        0.99150       -0.56770
C         -4.25230        0.50090        0.61830
C         -3.47070        1.80860        0.62990
C         -2.68230        2.04890        1.91710
C         -1.52450        1.06740        2.11020
C         -0.71810        1.31890        3.39080
C         -0.13660        2.72730        3.55370
C          0.82540        3.12290        2.43260
C          1.35720        4.54420        2.62990
C          2.37280        4.90500        1.54510
C          2.81690        6.36760        1.64610
C          3.84560        6.69260        0.56290
C          4.20760        8.14980        0.54940
C          3.80610        9.06720       -0.34540
C          2.83340        8.86540       -1.47320
C          3.49440        8.81130       -2.85270
C          4.34920        7.55510       -3.05510
C          4.84980        7.44340       -4.49450
C          5.81850        6.27530       -4.71050
C          5.28940        4.88680       -4.33760
C          4.04210        4.47540       -5.11880
C          3.61230        3.05970       -4.76930
H         -5.47780        1.11860       -3.06290
H         -7.22960       -0.53960       -2.19970
H         -7.02970       -0.54520       -3.96880
H         -7.82060       -4.98130       -2.74470
H         -6.84640       -4.77860       -4.21080
H         -4.84360       -4.26680       -2.78170
H         -5.49250       -5.88610       -2.57450
H         -5.92590       -3.52580       -0.66790
H         -6.77520       -5.06060       -0.53870
H         -4.60530       -6.26760       -0.30410
H         -4.92690       -5.11520        0.98550
H         -3.09460       -4.58950       -1.40680
H         -3.41580       -3.44760       -0.10000
H         -2.09970       -6.20410        0.16010
H         -2.52750       -5.19290        1.53340
H         -0.17720       -4.95580        1.03220
H         -0.99820       -3.41760        0.79370
H         -0.31300       -5.34500       -1.49170
H         -1.00060       -3.73050       -1.65380
H          1.03330       -2.74580       -0.59210
H          1.31940       -3.52260       -2.13910
H          2.22930       -5.57730       -1.02910
H          3.64600       -5.15250        0.79150
H          4.04350       -2.84830        1.47920
H          2.51270       -2.28810        0.86080
H          2.36660       -2.33510        3.25100
H          1.29960       -3.59130        2.63800
H          4.14080       -4.08280        3.65840
H          2.99100       -5.33450        3.18100
H          1.42390       -4.59350        4.97920
H          2.58220       -3.37340        5.49890
H          3.09790       -6.39640        5.47210
H          2.58680       -5.46810        6.87720
H          4.67280       -4.08390        6.72980
H          5.21600       -5.05090        5.35700
H          5.16970       -7.10940        6.77320
H          4.64110       -6.14680        8.15830
H          6.74980       -4.81640        8.05470
H          7.09120       -6.55000        8.21580
H          7.27910       -5.75320        6.64300
H         -3.78110       -1.34140       -3.70150
H         -4.72400       -0.50190       -4.95920
H         -1.10580       -1.10040       -6.08780
H         -1.40330        1.07940       -2.06900
H         -1.20940       -0.39830       -1.12310
H          1.11590       -0.64230       -1.82700
H          0.98980        0.66420       -2.98840
H          0.72700        2.22830       -1.27460
H          2.74130        2.11580       -0.09540
H          3.01200        1.43690       -1.71180
H          2.78810        0.36040       -0.30320
H         -3.59100       -0.37050        0.56780
H         -4.86030        0.39060        1.52340
H         -4.16760        2.64610        0.49610
H         -2.79470        1.84100       -0.23120
H         -2.29150        3.06940        1.86730
H         -3.35480        2.00520        2.77960
H         -1.91080        0.04240        2.15340
H         -0.85740        1.10430        1.24240
H         -1.36100        1.11350        4.25420
H          0.10050        0.58830        3.43500
H         -0.94740        3.46140        3.62890
H          0.39880        2.76630        4.51010
H          0.31890        3.07310        1.46310
H          1.66030        2.41300        2.40000
H          0.52090        5.25210        2.60230
H          1.82670        4.63420        3.61600
H          3.24790        4.24940        1.63060
H          1.93320        4.73040        0.55450
H          3.24280        6.56320        2.63770
H          1.93990        7.02020        1.53660
H          3.47210        6.37030       -0.41240
H          4.75920        6.11350        0.73970
H          4.89350        8.46840        1.33400
H          4.18540       10.08330       -0.23650
H          2.21820        7.97120       -1.32000
H          2.13080        9.70740       -1.45720
H          2.70450        8.83340       -3.61240
H          4.11090        9.70630       -3.00970
H          3.74850        6.67320       -2.80700
H          5.20650        7.57280       -2.37100
H          5.36750        8.36980       -4.76990
H          3.99830        7.35180       -5.17890
H          6.12120        6.26820       -5.76640
H          6.73240        6.46370       -4.13210
H          5.08840        4.83980       -3.26010
H          6.08780        4.15960       -4.53000
H          3.21410        5.15710       -4.89980
H          4.24130        4.53890       -6.19490
H          3.37900        2.97610       -3.70330
H          4.40440        2.33910       -5.00670
H          2.71830        2.78360       -5.33640

