HF BASIS=def2-svp cutoff=1.0e-9 denserms=1.0e-6  zmake GRADIENT DIPOLE CHARGE=0

C         -0.38210        0.47480        3.55120
C         -1.21210        0.16540        2.28800
C         -1.92430        1.45880        1.84680
C         -2.29210       -0.83420        2.66420
C         -2.67800       -1.86840        1.90710
C         -2.08280       -2.10760        0.57280
O         -2.44890       -3.09500       -0.06220
C         -1.08960       -1.09350        0.02890
C         -0.12910       -1.80630       -0.93300
C         -0.66820       -2.15030       -2.32100
O         -1.47130       -1.11470       -2.86390
O          0.49080       -2.31330       -3.14870
C          1.51390       -1.42870       -2.65430
C          1.05130       -0.97280       -1.31270
C          1.46580        0.09360       -0.61800
C          0.77840        0.54580        0.63900
C         -0.28300       -0.44520        1.18470
H         -1.01580        0.84400        4.36680
H          0.13600       -0.41910        3.91780
H          0.37260        1.24470        3.35880
H         -2.47480        1.32390        0.90980
H         -2.64850        1.78950        2.60220
H         -1.22110        2.28620        1.70870
H         -2.79900       -0.68530        3.61710
H         -3.45270       -2.55900        2.21990
H         -1.66440       -0.32110       -0.49600
H          0.26350       -2.72630       -0.47540
H         -1.24180       -3.08210       -2.32400
H         -1.86210       -1.50540       -3.66300
H          1.62590       -0.59830       -3.35780
H          2.44800       -1.99370       -2.59310
H          2.28400        0.70540       -0.99020
H          0.32580        1.51600        0.41240
H          1.54180        0.71800        1.40620
H          0.28010       -1.26380        1.66440

