HF BASIS=def2-svp cutoff=1.0e-9 denserms=1.0e-6  zmake GRADIENT DIPOLE CHARGE=0

C          0.46020        0.16250        4.37440
N          0.02620        0.99950        3.26990
C         -0.32990        0.49000        2.14750
N         -0.62320        1.24720        1.05800
C         -0.20120        2.62870        0.92900
C          1.29360        2.75740        0.61760
S          1.74700        2.26790       -1.09120
C          1.92010        0.46110       -0.89210
C          0.83330       -0.26440       -1.62040
C          0.75380       -0.60110       -2.96090
C          1.67030       -0.36370       -4.09940
N         -0.45220       -1.23960       -3.09980
C         -1.04840       -1.27530       -1.87280
N         -0.30310       -0.69940       -0.95600
N         -0.41340       -0.87880        1.84800
C         -1.28910       -1.52230        2.62510
N         -2.05020       -2.12150        3.26030
H          1.03330       -0.71280        4.05120
H          1.12320        0.74850        5.01950
H         -0.39170       -0.15180        4.98450
H         -0.68760        0.75040        0.17060
H         -0.79580        3.10990        0.14350
H         -0.42630        3.17270        1.85420
H          1.91310        2.20790        1.33380
H          1.56870        3.81410        0.70760
H          2.89210        0.17370       -1.30670
H          1.93460        0.17800        0.16390
H          1.52610       -1.10920       -4.88810
H          1.49230        0.62740       -4.52890
H          2.71510       -0.41640       -3.77800
H         -0.83850       -1.61330       -3.95660
H         -2.01870       -1.72940       -1.71470
H         -0.46040       -1.07820        0.83920

