HF BASIS=def2-svp cutoff=1.0e-9 denserms=1.0e-6  zmake GRADIENT DIPOLE CHARGE=0

C         -4.40090       -3.71060       -4.19420
C         -3.82620       -2.36310       -3.73080
O         -3.50150       -1.55560       -4.87890
C         -2.44850       -0.70720       -4.72820
O         -1.79010       -0.57930       -3.70710
C         -2.22420        0.03920       -6.02510
C         -1.02540        0.98650       -5.97990
C         -1.28190        2.22450       -5.11450
C         -0.06750        3.15490       -5.10170
C         -0.24500        4.37500       -4.18970
C         -0.48390        4.07050       -2.70700
C          0.63620        3.25010       -2.06470
C          0.35690        2.98220       -0.58390
C          1.48320        2.16330        0.04890
C          1.17040        1.80300        1.50140
C          2.30920        0.99620        2.12790
C          2.01000        0.65480        3.58880
C          3.13940       -0.16940        4.20920
C          2.96440       -0.39980        5.71120
C          1.75320       -1.25050        6.05860
C         -3.45030       -4.44020       -5.15440
O         -2.13500       -4.50000       -4.58480
C         -1.14730       -4.81370       -5.46720
O         -1.31990       -5.14970       -6.63090
C          0.20690       -4.64890       -4.82490
C          0.51310       -3.16840       -4.62720
C          1.95330       -2.87900       -4.20790
C          2.33340       -3.49750       -2.86070
C          3.67240       -2.94420       -2.36780
C          4.08500       -3.56770       -1.03330
C          5.39250       -2.98950       -0.47970
C          5.24730       -1.53910       -0.01580
C          6.54490       -1.00150        0.59180
C          6.34070        0.42950        1.08930
C          7.61680        1.01310        1.69880
C          7.43980        2.46570        2.15290
C          6.52640        2.60530        3.37270
C          6.28380        4.07180        3.73260
C          5.38660        4.18760        4.96670
C          5.05500        5.63310        5.34580
C          4.25740        6.42840        4.30600
C          2.91510        5.78850        3.94350
C          2.09740        6.68960        3.01610
C          0.77030        6.03380        2.63730
C         -0.04750        6.91620        1.70890
O         -5.65680       -3.43820       -4.85530
C         -6.55370       -4.45630       -4.90780
O         -6.35790       -5.58210       -4.47300
C         -7.81300       -4.02860       -5.62880
C         -8.36420       -2.68700       -5.14380
C         -8.92840       -2.77220       -3.72230
C         -9.19580       -1.37940       -3.14840
C         -9.92300       -1.39140       -1.80000
C         -9.32020       -2.29130       -0.71800
C         -7.86310       -1.96990       -0.37290
C         -7.35220       -2.91470        0.71820
C         -5.85090       -2.79350        0.98860
C         -5.44800       -1.44920        1.60030
C         -3.95480       -1.36540        1.93990
C         -3.54610       -2.28430        3.09390
C         -2.07390       -2.09690        3.46710
C         -1.65890       -3.05590        4.57250
H         -4.57150       -4.31390       -3.29300
H         -2.94990       -2.53580       -3.09530
H         -4.58010       -1.81520       -3.15440
H         -2.04190       -0.71260       -6.80340
H         -3.13610        0.59250       -6.27520
H         -0.80020        1.31020       -7.00380
H         -0.14150        0.45190       -5.61130
H         -1.51970        1.91080       -4.09470
H         -2.15420        2.76950       -5.49510
H          0.82960        2.59660       -4.80930
H          0.11810        3.51220       -6.12220
H          0.64860        5.00590       -4.28020
H         -1.08440        4.97590       -4.56070
H         -1.44270        3.55500       -2.58030
H         -0.57820        5.02550       -2.17320
H          1.58960        3.78280       -2.17070
H          0.74190        2.28820       -2.57910
H         -0.59270        2.44280       -0.48390
H          0.24650        3.93250       -0.04890
H          1.63990        1.24340       -0.52750
H          2.41910        2.73490        0.00470
H          0.24040        1.22240        1.54370
H          1.00540        2.71670        2.08210
H          3.23990        1.57330        2.06830
H          2.46110        0.07290        1.55560
H          1.06730        0.09960        3.64080
H          1.87450        1.58270        4.15810
H          4.09090        0.35190        4.05300
H          3.22060       -1.13350        3.69230
H          3.86320       -0.89930        6.09290
H          2.89510        0.56400        6.22850
H          1.73130       -1.45080        7.13480
H          0.81940       -0.74370        5.79860
H          1.78630       -2.21100        5.53540
H         -3.80540       -5.46160       -5.33220
H         -3.43340       -3.92270       -6.12270
H          0.94950       -5.11510       -5.48090
H          0.21890       -5.19990       -3.87920
H         -0.16960       -2.75350       -3.87600
H          0.30760       -2.62520       -5.55820
H          2.07370       -1.78950       -4.15360
H          2.64360       -3.23200       -4.98360
H          2.39600       -4.58800       -2.95620
H          1.55560       -3.27910       -2.11870
H          4.45050       -3.13390       -3.11800
H          3.58220       -1.85690       -2.26510
H          4.21400       -4.64890       -1.17190
H          3.28500       -3.43690       -0.29340
H          5.70630       -3.60450        0.37270
H          6.18330       -3.06620       -1.23580
H          4.96320       -0.89850       -0.85920
H          4.44090       -1.47440        0.72440
H          7.34340       -1.02620       -0.15890
H          6.85860       -1.64200        1.42530
H          6.00920        1.06320        0.25770
H          5.53690        0.42700        1.83250
H          8.41540        0.98110        0.94740
H          7.94730        0.39600        2.54290
H          7.04900        3.06440        1.32120
H          8.42660        2.87600        2.40090
H          5.55790        2.13560        3.17740
H          6.97400        2.08150        4.22540
H          7.23930        4.57490        3.92300
H          5.81780        4.57080        2.87580
H          4.46250        3.61910        4.81420
H          5.89410        3.71810        5.81850
H          5.98860        6.16970        5.55580
H          4.49000        5.62060        6.28670
H          4.07930        7.43180        4.71430
H          4.85850        6.56980        3.40060
H          3.08190        4.82590        3.44640
H          2.34360        5.58810        4.85780
H          1.90630        7.64970        3.50980
H          2.67440        6.90240        2.10800
H          0.18630        5.82150        3.54090
H          0.96100        5.07700        2.14110
H          0.49630        7.12010        0.78110
H         -0.28680        7.87120        2.18530
H         -0.98800        6.42200        1.44780
H         -7.57530       -3.97460       -6.69740
H         -8.56890       -4.81100       -5.49760
H         -7.58450       -1.91690       -5.19270
H         -9.16410       -2.36650       -5.82290
H         -8.21950       -3.30250       -3.07660
H         -9.85550       -3.35970       -3.73530
H         -9.80270       -0.80310       -3.85960
H         -8.24670       -0.83850       -3.04760
H        -10.95970       -1.70960       -1.96570
H         -9.97580       -0.36170       -1.42390
H         -9.40530       -3.33940       -1.02570
H         -9.93160       -2.19080        0.18840
H         -7.23020       -2.07030       -1.26060
H         -7.79160       -0.92880       -0.03720
H         -7.91060       -2.74380        1.64650
H         -7.55540       -3.94930        0.41440
H         -5.29320       -2.95710        0.05810
H         -5.57600       -3.60760        1.66880
H         -5.67610       -0.64510        0.89000
H         -6.04170       -1.25660        2.50180
H         -3.36060       -1.60160        1.04830
H         -3.72250       -0.32850        2.21070
H         -4.17210       -2.07450        3.96980
H         -3.71020       -3.33150        2.81890
H         -1.90260       -1.06450        3.79750
H         -1.44100       -2.26580        2.58730
H         -2.28720       -2.93160        5.45920
H         -0.62020       -2.87340        4.86000
H         -1.73980       -4.09510        4.23640

