HF BASIS=def2-svp cutoff=1.0e-9 denserms=1.0e-6  zmake GRADIENT DIPOLE CHARGE=0

C         -2.13400        3.45370        6.21140
C         -1.18150        2.65120        5.33190
C         -0.31080        3.50150        4.36520
C         -1.23140        4.16190        3.30030
C         -0.56450        4.37550        1.93360
C         -1.53230        4.53120        0.73850
C         -2.45580        5.74080        0.97560
C         -2.35780        3.26470        0.35050
C         -3.19950        3.52760       -0.92450
C         -3.30680        2.21440       -1.69780
C         -2.66130        1.15830       -0.80430
C         -2.07380       -0.02440       -1.54890
C         -2.57600       -1.26420       -1.38570
C         -1.95980       -2.50770       -1.95140
C         -0.50790       -2.28370       -2.40180
C          0.03490       -3.52920       -3.12010
C          1.48830       -3.33950       -3.55750
C          1.65850       -2.08150       -4.41000
C          1.12470       -0.84630       -3.68600
C         -0.35520       -0.97980       -3.24030
C         -1.24720       -1.03060       -4.51460
C         -0.83180        0.25830       -2.38880
C          0.22190        0.88000       -1.45500
C         -0.30670        2.15160       -0.77660
C         -1.60380        1.93090        0.03710
C         -1.30910        1.12360        1.31720
O          1.87980       -4.47190       -4.33750
C          3.08710       -5.07330       -3.84340
O          2.84460       -5.63480       -2.55240
C          3.99380       -6.29550       -2.00500
C          3.61990       -6.76110       -0.59030
O          4.68940       -7.46090        0.03180
C          4.44490       -7.46410       -2.90880
O          3.43890       -8.47820       -2.99280
C          4.72080       -6.93990       -4.31910
O          5.88410       -6.09620       -4.31210
C          3.52650       -6.14890       -4.85830
O          3.93510       -5.53440       -6.09410
C          0.63440        4.49370        5.12120
C          1.56430        3.74210        6.08530
C          1.49390        5.35440        4.19160
H         -1.59490        4.14010        6.87250
H         -2.71630        2.77670        6.85060
H         -2.84010        4.03890        5.61280
H         -0.54520        2.02960        5.97110
H         -1.77360        1.94210        4.74140
H          0.33050        2.77890        3.84230
H         -2.10620        3.52280        3.15100
H         -1.61310        5.11850        3.67960
H          0.03060        5.29430        1.97140
H          0.15570        3.58120        1.73140
H         -0.90160        4.79080       -0.12290
H         -3.22750        5.51980        1.72280
H         -2.96380        6.03940        0.04950
H         -1.87420        6.60720        1.31550
H         -3.07320        3.06310        1.15990
H         -4.19330        3.89900       -0.65580
H         -2.73800        4.28610       -1.56770
H         -2.80020        2.31640       -2.66410
H         -4.35220        1.96320       -1.91630
H         -3.44330        0.80440       -0.11760
H         -3.46410       -1.40870       -0.77410
H         -1.96990       -3.28880       -1.17970
H         -2.58540       -2.87520       -2.77270
H          0.09490       -2.16800       -1.48680
H         -0.58520       -3.79190       -3.98490
H         -0.03090       -4.40050       -2.45500
H          2.11010       -3.23700       -2.65700
H          2.72550       -1.94010       -4.63160
H          1.17480       -2.21020       -5.38620
H          1.76370       -0.70320       -2.80630
H          1.25410        0.03930       -4.31990
H         -2.31400       -1.03400       -4.27810
H         -1.06780       -0.14710       -5.13880
H         -1.04960       -1.91120       -5.13310
H         -1.08890        1.03820       -3.11580
H          1.11180        1.17650       -2.01850
H          0.54730        0.15530       -0.70090
H          0.48980        2.54440       -0.13730
H         -0.46770        2.90910       -1.55400
H         -0.99100        0.10240        1.08970
H         -2.20120        1.04530        1.94660
H         -0.51990        1.57340        1.91700
H          3.85090       -4.28960       -3.77400
H          4.81370       -5.56990       -1.92560
H          3.33970       -5.90920        0.03840
H          2.74160       -7.41560       -0.61680
H          5.28100       -6.79510        0.42590
H          5.35420       -7.92250       -2.50890
H          3.44180       -8.94380       -2.13740
H          4.94040       -7.76900       -5.00280
H          5.87490       -5.68010       -5.19950
H          2.69370       -6.82760       -5.07040
H          3.12560       -5.44360       -6.64020
H          0.02340        5.18550        5.71990
H          2.29280        4.42280        6.54530
H          1.00770        3.27850        6.90490
H          2.12550        2.95820        5.56380
H          1.97720        4.74500        3.41630
H          2.28230        5.88200        4.75010
H          0.88270        6.12670        3.71900

