HF BASIS=def2-svp cutoff=1.0e-9 denserms=1.0e-6  zmake GRADIENT DIPOLE CHARGE=0

O         -3.27610       -0.86090        0.30270
C         -2.28670       -1.80690        0.73730
C         -1.34910       -1.08030        1.64870
C         -0.11220       -0.72170        1.27410
C          0.41640       -0.98940       -0.06440
C         -0.28800       -1.80470       -0.88120
C         -1.59770       -2.43900       -0.50700
O         -2.44670       -2.33970       -1.65420
C          1.75470       -0.32130       -0.42900
N          2.18550       -0.71530       -1.75950
C          3.35150       -1.42920       -1.76350
O          3.92800       -1.81880       -2.76270
N          3.75430       -1.61840       -0.49100
C          2.90500       -1.00320        0.37740
O          3.06310       -1.00720        1.59240
C          1.70860        1.20770       -0.35470
C          0.79980        1.91340       -1.17210
C          0.72530        3.30720       -1.13640
C          1.55570        4.02580       -0.28290
C          2.45800        3.35140        0.53480
C          2.53490        1.95570        0.50080
H         -2.78500       -0.06800        0.01620
H         -2.81660       -2.59210        1.28700
H         -1.70700       -0.83680        2.64510
H          0.52330       -0.19490        1.98530
H          0.07610       -2.06310       -1.87180
H         -1.41260       -3.50320       -0.31960
H         -3.26230       -1.89890       -1.33960
H          1.75960       -0.40690       -2.62110
H          4.58960       -2.11230       -0.22970
H          0.13400        1.37640       -1.84600
H          0.01840        3.83120       -1.77490
H          1.49970        5.11090       -0.25310
H          3.10550        3.91250        1.20470
H          3.25190        1.47640        1.16420

