HF BASIS=def2-svp cutoff=1.0e-9 denserms=1.0e-6  zmake GRADIENT DIPOLE CHARGE=0

C         -1.52480       -1.42370       -0.28050
C         -1.68060       -2.93520       -0.33530
C         -1.39800       -3.62900        0.99980
C          0.00200       -3.40390        1.58050
C          1.12310       -3.92320        0.67710
C          2.50980       -3.84890        1.32690
C          2.96910       -2.45170        1.75690
C          3.04870       -1.45370        0.59920
C          3.53810       -0.08600        1.08060
C          3.72970        0.92770       -0.05190
C          2.49340        1.21810       -0.90880
C          1.30040        1.74180       -0.10680
C          0.13870        2.11980       -1.02890
C         -1.07160        2.60860       -0.22950
C         -2.22460        3.00400       -1.15680
C         -3.42510        3.62600       -0.41590
C         -4.46540        4.10810       -1.43280
C         -4.06500        2.71020        0.64650
C         -4.60210        1.38510        0.12380
H         -2.12690       -0.99490        0.52650
H         -1.85360       -0.97650       -1.22410
H         -0.48180       -1.13470       -0.12490
H         -1.03450       -3.34130       -1.12110
H         -2.71040       -3.16850       -0.63180
H         -1.56390       -4.70620        0.87470
H         -2.13560       -3.28820        1.73730
H          0.05610       -3.91930        2.54760
H          0.14190       -2.33830        1.78980
H          1.13380       -3.37570       -0.27100
H          0.92210       -4.97180        0.42440
H          2.52330       -4.50320        2.20760
H          3.24380       -4.26340        0.62470
H          2.30640       -2.06380        2.53900
H          3.96130       -2.54610        2.21600
H          3.72610       -1.83880       -0.17200
H          2.06090       -1.34360        0.14250
H          4.50040       -0.20780        1.59350
H          2.84210        0.31520        1.82650
H          4.53060        0.57250       -0.71230
H          4.08680        1.86880        0.38460
H          2.20180        0.31810       -1.46260
H          2.77330        1.96370       -1.66390
H          0.96090        0.97940        0.60300
H          1.60530        2.61820        0.47750
H          0.46330        2.90470       -1.72280
H         -0.14890        1.25180       -1.63440
H         -1.39210        1.81380        0.45280
H         -0.78190        3.46990        0.38430
H         -2.54560        2.13090       -1.73770
H         -1.85030        3.73480       -1.88590
H         -3.06180        4.51760        0.11330
H         -4.03540        4.87220       -2.08950
H         -4.82310        3.29030       -2.06650
H         -5.32880        4.55380       -0.92790
H         -4.88910        3.25060        1.12930
H         -3.33830        2.50670        1.44150
H         -3.81210        0.77940       -0.32740
H         -5.39120        1.53550       -0.61830
H         -5.03090        0.80670        0.94890

