HF BASIS=def2-svp cutoff=1.0e-9 denserms=1.0e-6  zmake GRADIENT DIPOLE CHARGE=0

C          3.38750        1.63870       -0.04980
C          2.43760        2.49470        0.77360
C          0.97080        2.07890        0.64280
C          0.68060        0.68880        1.21650
C         -0.82210        0.36990        1.15500
C         -1.18090       -1.02610        1.69540
O         -0.62450       -1.15670        3.01320
C         -2.70340       -1.25020        1.82670
C         -3.49950       -1.20180        0.54410
C         -3.72830       -2.37090       -0.19580
C         -4.44890       -2.32310       -1.39010
C         -4.95220       -1.10960       -1.85380
C         -4.74050        0.05640       -1.12130
C         -4.02030        0.01110        0.07320
C         -0.58440       -2.11340        0.80120
O         -0.01960       -3.10670        1.25830
H          4.40280        2.04440        0.00670
H          3.08830        1.62040       -1.10240
H          3.42230        0.60940        0.31890
H          2.53340        3.53610        0.44380
H          2.74110        2.46700        1.82660
H          0.35690        2.81970        1.17000
H          0.67180        2.11380       -0.41190
H          1.03020        0.64690        2.25460
H          1.23730       -0.06720        0.65290
H         -1.15750        0.47340        0.11620
H         -1.35050        1.12810        1.74770
H         -0.35070       -2.09300        3.10520
H         -2.88490       -2.21940        2.31390
H         -3.11930       -0.51970        2.53490
H         -3.35410       -3.33130        0.15450
H         -4.62310       -3.23480       -1.95630
H         -5.51650       -1.07400       -2.78220
H         -5.14110        1.00180       -1.47850
H         -3.87220        0.93110        0.63520
H         -0.71580       -1.98080       -0.28660

