HF BASIS=def2-svp cutoff=1.0e-9 denserms=1.0e-6  zmake GRADIENT DIPOLE CHARGE=0

C         -4.92120       -1.74520       -2.12540
C         -3.45900       -1.70210       -1.69150
O         -2.77060       -0.86670       -2.62510
C         -1.47220       -1.36330       -2.97100
O         -0.58410       -1.22870       -1.86590
C          0.75750       -1.64980       -2.15570
C          1.60180       -1.48820       -0.88110
O          1.68990       -0.10300       -0.52430
C          2.56520        0.12210        0.57470
O          3.92820       -0.15750        0.24750
C          4.44070        0.68020       -0.80010
C          5.87420        0.23830       -1.07550
C          4.37440        2.16260       -0.41060
O          4.78510        2.99970       -1.49760
C          2.94460        2.54000       -0.00200
O          2.96090        3.88590        0.50980
C          2.40880        1.57930        1.06150
O          3.13350        1.83900        2.28280
C          1.36020       -0.85880       -3.32680
O          2.63300       -1.40550       -3.69480
C          0.43190       -0.92440       -4.54410
O          0.94570       -0.05200       -5.56350
C         -0.99010       -0.52360       -4.17040
O         -0.99450        0.88580       -3.85760
C         -3.36800       -1.16770       -0.28460
C         -2.89100        0.03300        0.09330
C         -2.81220        0.58250        1.50900
C         -2.35450       -0.44080        2.55130
C         -1.20130       -1.34360        2.19200
C         -2.85990       -0.48790        3.79680
C         -3.83900        0.51700        4.26670
O         -4.37660        0.37100        5.36040
C         -4.06550        1.73330        3.40060
C         -4.12240        1.36140        1.90490
C         -4.22750        2.66940        1.09100
C         -5.41380        0.54570        1.65230
H         -5.52660       -2.36790       -1.45860
H         -5.35500       -0.73780       -2.15330
H         -5.00230       -2.14680       -3.14140
H         -3.06000       -2.72430       -1.71170
H         -1.54270       -2.41930       -3.26650
H          0.73600       -2.72100       -2.39810
H          1.12230       -2.02500       -0.05460
H          2.60350       -1.90260       -1.04160
H          2.29380       -0.54840        1.39920
H          3.86680        0.50700       -1.71970
H          6.32710        0.81400       -1.88830
H          6.49660        0.34480       -0.18090
H          5.89470       -0.82230       -1.34870
H          5.05750        2.36700        0.42410
H          4.51850        3.90430       -1.24070
H          2.29490        2.54740       -0.88490
H          3.22190        3.79380        1.44970
H          1.35640        1.80740        1.26420
H          3.09370        1.03570        2.83160
H          1.52420        0.19050       -3.05280
H          2.88740       -0.94040       -4.51900
H          0.44210       -1.93850       -4.96330
H          0.60760        0.84060       -5.33090
H         -1.66600       -0.64050       -5.02490
H         -1.77080        1.01060       -3.27210
H         -3.74160       -1.84440        0.48140
H         -2.54630        0.71830       -0.68000
H         -1.99300        1.31860        1.48730
H         -1.50220       -2.12930        1.49540
H         -0.78110       -1.83820        3.07490
H         -0.39350       -0.76010        1.73950
H         -2.53710       -1.20740        4.54080
H         -5.00160        2.21020        3.71510
H         -3.25150        2.44050        3.60350
H         -4.28440        2.47560        0.01610
H         -5.12320        3.23570        1.36910
H         -3.36060        3.31370        1.26990
H         -6.29440        1.08070        2.02920
H         -5.58760        0.37900        0.58560
H         -5.38960       -0.43010        2.14720

