HF BASIS=def2-svp cutoff=1.0e-9 denserms=1.0e-6  zmake GRADIENT DIPOLE CHARGE=0

C          1.18980        3.37100        0.97490
O          1.52570        2.08150        1.49840
C          1.11910        1.09870        0.62720
C          2.01600        0.64430       -0.35930
C          3.42660        1.18440       -0.44860
C          4.41710        0.15070       -0.00500
O          4.95030       -0.65390       -1.07020
C          5.88840        0.18900       -0.38330
C          6.45250        1.29090       -1.22500
C          6.86540       -0.56370        0.46640
C          1.55560       -0.33640       -1.24640
O          2.33500       -0.85420       -2.24570
C          0.26230       -0.85040       -1.16540
C         -0.60090       -0.41710       -0.16110
O         -1.86510       -0.91930        0.02070
C         -2.62690       -1.19630       -1.16490
O         -2.88140        0.03860       -1.85030
C         -3.68240       -0.13310       -3.02710
C         -5.05850       -0.72960       -2.70260
O         -5.77700       -1.05520       -3.90060
C         -4.88960       -2.02690       -1.91100
O         -4.33000       -3.03700       -2.77830
C         -3.95580       -1.84900       -0.71500
O         -3.73230       -3.13530       -0.11790
C         -3.88490        1.26100       -3.61310
O         -2.97390        2.15880       -3.15990
O         -4.77440        1.55170       -4.40240
C         -0.16680        0.54120        0.77410
C         -1.08100        0.94170        1.91510
C         -1.28470       -0.15950        2.94410
O         -0.49220       -1.08820        3.11280
C         -2.49770       -0.11140        3.81480
C         -2.88700       -1.25530        4.53170
O         -2.19730       -2.43840        4.48760
C         -4.02470       -1.24440        5.33850
C         -4.77330       -0.07790        5.44020
O         -5.89380       -0.01730        6.21430
C         -4.39950        1.07190        4.75330
C         -3.26120        1.05890        3.94220
H          0.10450        3.50170        0.91160
H          1.58520        4.12410        1.66330
H          1.64450        3.53910       -0.00760
H          3.56390        2.07510        0.17230
H          3.59990        1.51080       -1.48080
H          4.14450       -0.33160        0.92720
H          6.67390        2.16370       -0.60230
H          5.76980        1.60190       -2.02140
H          7.38380        0.97220       -1.70580
H          7.65960       -0.99740       -0.15160
H          7.32640        0.10800        1.19760
H          6.38690       -1.38130        1.01590
H          3.27350       -0.80760       -1.97550
H         -0.01700       -1.62580       -1.87230
H         -2.08760       -1.89690       -1.81270
H         -3.13050       -0.72020       -3.77240
H         -5.66150       -0.02710       -2.11170
H         -5.98020       -0.20520       -4.35310
H         -5.86090       -2.41970       -1.58760
H         -4.90660       -3.02640       -3.57300
H         -4.43450       -1.21490        0.04080
H         -3.60740       -3.76020       -0.86220
H         -2.39750        1.71500       -2.49230
H         -0.69400        1.81280        2.45310
H         -2.04270        1.23400        1.47680
H         -1.38370       -2.29320        3.95030
H         -4.30270       -2.14800        5.87180
H         -6.02690       -0.88830        6.62770
H         -4.99420        1.97740        4.85220
H         -2.99110        1.97860        3.43170

