HF BASIS=def2-svp cutoff=1.0e-9 denserms=1.0e-6  zmake GRADIENT DIPOLE CHARGE=0

C          1.75340       -3.51770        1.45920
C          0.90480       -3.19850        0.22540
C         -0.43380       -3.94350        0.32700
C         -1.31390       -3.65140       -0.86320
O         -1.88580       -4.55490       -1.48090
C         -1.52560       -2.17000       -1.24420
O         -2.11800       -2.09860       -2.53670
O         -2.40280       -1.49680       -0.35820
C         -2.12140       -0.08450       -0.46750
C         -0.72520        0.07880       -1.08540
C         -0.20600       -1.37430       -1.20140
C          0.59150       -1.62360       -2.50590
C          0.63310       -1.68540        0.06680
C          1.89380       -0.79930        0.11440
C          1.66200        0.63210       -0.43380
O          2.57040        1.54060        0.22080
C          2.26790        2.01460        1.45130
O          3.07810        2.61130        2.14680
C          0.89510        1.77650        1.92920
C         -0.10610        1.36670        1.12470
C         -1.46560        1.15900        1.62460
C         -1.82730        1.69870        2.99110
C         -2.36980        0.48810        0.89310
O         -3.63040        0.21850        1.40690
C          0.19170        1.11500       -0.35650
C          0.04100        2.47770       -1.08120
H          2.76050       -3.09940        1.36790
H          1.86300       -4.60040        1.58480
H          1.29730       -3.11640        2.37050
H          1.44910       -3.56370       -0.65420
H         -0.25850       -5.02470        0.36920
H         -0.98370       -3.65910        1.23160
H         -2.65000       -2.91630       -2.61570
H         -2.86460        0.34180       -1.15440
H         -0.88420        0.43860       -2.11320
H          1.58010       -1.16260       -2.50900
H          0.06470       -1.22810       -3.38180
H          0.74120       -2.69500       -2.67830
H          0.03570       -1.40850        0.94720
H          2.70990       -1.25910       -0.45790
H          2.26590       -0.75710        1.14560
H          1.97190        0.65340       -1.48460
H          0.76650        1.99760        2.98210
H         -1.58370        2.76480        3.06100
H         -1.28660        1.15780        3.77530
H         -2.89440        1.61160        3.21900
H         -3.98570       -0.53170        0.88910
H          0.35040        2.39990       -2.13010
H          0.65040        3.26610       -0.62510
H         -1.00060        2.82020       -1.06750

