HF BASIS=def2-svp cutoff=1.0e-9 denserms=1.0e-6  zmake GRADIENT DIPOLE CHARGE=0

C         -5.24210        9.17420       -6.64350
C         -4.34440        8.02060       -6.30430
O         -3.54290        7.53240       -7.09780
N         -4.49340        7.55870       -5.00700
C         -3.59690        6.53090       -4.45730
C         -4.17150        5.13470       -4.80850
O         -3.73930        4.72050       -6.10570
C         -3.71810        4.08290       -3.80710
C         -4.13240        4.44530       -2.36130
O         -3.13680        4.15170       -1.38050
C         -2.48200        2.88040       -1.40740
C         -1.02000        3.03300       -1.90060
O         -0.32320        3.98060       -1.06920
C         -0.32210        1.66200       -1.85250
C          1.11630        1.72350       -2.37420
O          1.10520        1.99450       -3.77420
O         -0.30340        1.20010       -0.49620
C         -1.61890        0.99430        0.01610
O         -1.52230        0.52400        1.36500
C         -1.30530       -0.89880        1.41370
C         -2.57730       -1.56080        1.96930
O         -2.74350       -1.15880        3.34680
C         -2.44870       -3.09380        1.90620
C         -3.08930       -3.67530        0.62730
O         -2.66140       -2.95630       -0.52170
O         -1.07010       -3.51410        1.91120
C         -0.22890       -2.75210        2.77730
O          1.05100       -3.38640        2.79270
C          1.07460       -4.64020        3.49840
C          2.24430       -4.61870        4.49850
O          2.14890       -5.77750        5.34180
C          3.59470       -4.56850        3.74440
C          4.80120       -4.64110        4.69240
O          4.80890       -3.54420        5.59580
O          3.68700       -5.68940        2.84200
C          2.66610       -5.69110        1.84440
O          2.84580       -6.86410        1.04110
C          3.67590       -6.69040       -0.12460
C          3.32720       -7.88750       -1.03740
O          3.44470       -9.11380       -0.28910
C          4.13740       -8.01340       -2.32720
O          3.62970       -9.10780       -3.09460
C          5.17220       -6.52610        0.23820
O          5.90750       -6.10700       -0.93080
C          5.88320       -7.74130        0.85570
O          7.29470       -7.42250        0.89770
C          5.39590       -8.06030        2.25670
O          6.14290       -8.03240        3.23970
C          1.26830       -5.78290        2.49080
O          0.23760       -5.81840        1.49750
C         -0.07330       -1.28110        2.26990
N          0.14410       -0.34080        3.37450
C          1.37250       -0.16980        3.97290
C          1.37900        0.81780        5.10570
O          2.38600       -0.75970        3.61260
C         -2.45340        2.29000        0.02180
O         -3.78500        1.99410        0.48530
O         -4.36950        5.87300       -2.25970
C         -3.35940        6.63180       -2.92820
C         -3.31170        8.06490       -2.37180
O         -2.23250        8.79620       -2.97360
C         -3.17090        8.15000       -0.83830
O         -3.11470        9.55230       -0.49130
C         -1.90940        7.47950       -0.27380
O         -1.83060        7.78500        1.12850
C         -5.51950        3.76140       -2.08420
O         -5.45150        2.40990       -1.97890
O         -6.61490        4.30360       -2.00820
H         -5.37440        9.22920       -7.73030
H         -4.78370       10.10090       -6.28570
H         -6.22810        9.05120       -6.18270
H         -5.27750        7.89280       -4.45470
H         -2.62540        6.66100       -4.95600
H         -5.27450        5.16730       -4.82040
H         -4.02410        5.41140       -6.74450
H         -2.63320        3.98600       -3.90810
H         -4.10860        3.09660       -4.10590
H         -3.02250        2.18180       -2.06190
H         -0.98980        3.44680       -2.90750
H          0.05410        3.49250       -0.31010
H         -0.87820        0.94480       -2.47000
H          1.69990        2.48960       -1.85820
H          1.62150        0.76580       -2.20990
H          2.01320        2.25930       -4.02080
H         -2.15580        0.24510       -0.58670
H         -1.10660       -1.28690        0.40470
H         -3.47520       -1.19470        1.44670
H         -3.66010       -1.37260        3.60930
H         -2.92920       -3.56370        2.77660
H         -2.80210       -4.72450        0.50740
H         -4.18060       -3.60560        0.68250
H         -2.84660       -3.51630       -1.29970
H         -0.64230       -2.75510        3.79490
H          0.12920       -4.79800        4.03390
H          2.15570       -3.73640        5.14420
H          2.66120       -6.49940        4.91600
H          3.66640       -3.63670        3.16310
H          5.73160       -4.62660        4.11130
H          4.81150       -5.57930        5.26120
H          5.53470       -3.69720        6.22610
H          2.73560       -4.78830        1.21190
H          3.35430       -5.78570       -0.65980
H          2.26210       -7.82490       -1.30650
H          2.78490       -9.02530        0.43110
H          5.18770       -8.23950       -2.12510
H          4.07100       -7.11290       -2.94280
H          3.60110       -9.86240       -2.47420
H          5.27160       -5.68790        0.93170
H          6.84540       -6.30910       -0.72670
H          5.80060       -8.63150        0.23570
H          7.57890       -7.56960        1.82800
H          4.34500       -8.37030        2.35050
H          1.19480       -6.73820        3.03110
H         -0.17370       -4.92240        1.45280
H          0.82010       -1.20810        1.63060
H         -0.67590        0.13830        3.73130
H          0.37460        1.19720        5.32140
H          1.75890        0.32880        6.00400
H          2.01950        1.65980        4.83970
H         -2.03990        3.02730        0.72320
H         -3.65700        1.64300        1.39020
H         -2.37840        6.17980       -2.73130
H         -4.23960        8.59750       -2.62570
H         -2.30250        9.69180       -2.58450
H         -4.05920        7.74180       -0.33810
H         -2.82070        9.55170        0.44770
H         -1.00170        7.88160       -0.73680
H         -1.93420        6.39600       -0.39470
H         -1.12980        7.21390        1.48810
H         -6.38420        2.14720       -1.81790

