HF BASIS=def2-svp cutoff=1.0e-9 denserms=1.0e-6  zmake GRADIENT DIPOLE CHARGE=0

O         -4.93480       -2.09890        0.31710
C         -3.54910       -1.84890        0.03160
C         -2.91340       -1.14420        1.22890
O         -2.94530       -2.03950        2.35210
C         -1.46940       -0.72480        0.88800
O         -0.98270        0.09230        1.96720
C          0.29520       -0.25450        2.32110
C          0.44990       -1.08400        3.43240
C          1.73070       -1.42710        3.85200
Cl          1.93930       -2.46130        5.21010
C          2.84960       -0.93360        3.18200
C          2.69070       -0.08590        2.08020
C          1.40830        0.25760        1.63680
O          1.14460        1.10140        0.57610
C          2.16540        1.39550       -0.29290
C          2.54410        0.52360       -1.32150
Cl          1.77800       -1.00760       -1.54030
C          3.55760        0.89100       -2.20760
C          4.17060        2.13590       -2.07230
Cl          5.42120        2.59260       -3.16140
C          3.77670        3.02000       -1.06730
C          2.76570        2.65250       -0.17840
O         -1.44720        0.06370       -0.30830
C         -1.95560       -0.63620       -1.45020
C         -3.42020       -1.02920       -1.25350
O         -3.91560       -1.84470       -2.32400
C         -1.84580        0.32670       -2.62540
O         -1.05210        1.39270       -2.35840
O         -2.41050        0.16360       -3.69830
H         -5.31200       -2.44090       -0.51890
H         -3.09680       -2.84030       -0.10140
H         -3.50670       -0.26550        1.51090
H         -3.87650       -2.33390        2.41600
H         -0.84550       -1.62060        0.74980
H         -0.42610       -1.45420        3.95800
H          3.84970       -1.19680        3.51830
H          3.58440        0.29770        1.59660
H          3.86150        0.21720       -3.00410
H          4.24880        3.99580       -0.97610
H          2.44760        3.33990        0.60120
H         -1.31830       -1.49930       -1.67550
H         -4.06660       -0.14490       -1.19150
H         -3.80920       -1.33370       -3.15620
H         -0.75830        1.33740       -1.41660

