HF BASIS=def2-svp cutoff=1.0e-9 denserms=1.0e-6  zmake GRADIENT DIPOLE CHARGE=0

C          2.96290       -4.51040       -3.07030
C          1.74920       -3.57080       -3.07150
C          1.88820       -2.59620       -4.25230
C          0.64930       -1.72580       -4.41060
C          0.22750       -0.96150       -3.13430
C          1.11600        0.29400       -2.92770
C          0.81930        1.05750       -1.62080
C          0.88140        0.14850       -0.37080
C         -0.05100       -1.00660       -0.64730
C         -1.18780       -1.18880        0.03410
C         -1.62740       -0.25890        1.09130
O         -2.60230       -0.62270        1.74800
C         -0.89340        1.10340        1.28120
C          0.64010        0.87640        1.02000
C          1.48550        2.17470        0.97450
C          1.19320       -0.00400        2.18430
C          0.86410        0.52430        3.59170
C         -0.64380        0.78820        3.81090
C         -1.02470        1.16720        5.28590
C         -1.02000       -0.10160        6.16710
C         -0.08420        2.19100        5.94450
C         -2.46290        1.70380        5.31890
O         -2.89680        2.36640        6.26240
C         -3.35600        1.32800        4.16230
C         -2.79920        1.91750        2.87390
C         -1.24320        1.73530        2.70430
C         -0.69590        3.18300        2.82550
C          0.26270       -1.87800       -1.87070
C          1.54680       -2.78190       -1.74560
C          1.40710       -3.72500       -0.53730
O          2.71060       -1.97830       -1.53440
C         -1.20820       -0.48740       -3.41580
O         -2.13390       -1.46520       -3.33720
O         -1.55970        0.63520       -3.74230
H          3.89940       -3.96960       -2.90240
H          2.86940       -5.28660       -2.30570
H          3.04870       -5.02490       -4.03410
H          0.86060       -4.19460       -3.24250
H          2.77740       -1.96580       -4.13280
H          2.03570       -3.15950       -5.18240
H          0.80800       -1.02000       -5.23670
H         -0.16960       -2.37970       -4.74140
H          2.17580        0.01600       -2.93270
H          0.99320        0.99050       -3.76760
H         -0.16260        1.54160       -1.68480
H          1.55570        1.86520       -1.55790
H          1.90420       -0.23520       -0.30640
H         -1.87410       -2.00160       -0.18080
H         -1.29510        1.77060        0.50630
H          2.45070        1.99380        0.48440
H          1.76470        2.55700        1.95450
H          0.97280        2.97060        0.42490
H          0.80510       -1.02710        2.10990
H          2.28330       -0.09700        2.09290
H          1.45130        1.42540        3.78880
H          1.21500       -0.22150        4.31480
H         -1.11140       -0.19310        3.65040
H         -1.34970        0.12420        7.18840
H         -0.02140       -0.54520        6.23280
H         -1.70420       -0.86340        5.77610
H         -0.08350        3.15260        5.42800
H         -0.39010        2.39920        6.97740
H          0.94670        1.82580        5.99190
H         -4.36520        1.71300        4.34570
H         -3.43190        0.23710        4.11700
H         -3.06220        2.98480        2.86150
H         -3.36190        1.52820        2.01980
H          0.35050        3.23500        3.11600
H         -1.22440        3.75490        3.59780
H         -0.83040        3.73390        1.88810
H         -0.55890       -2.60300       -1.97320
H          2.31030       -4.32440       -0.38430
H          0.55510       -4.40230       -0.65310
H          1.28020       -3.16120        0.39330
H          3.44550       -2.55810       -1.27070
H         -2.97110       -1.01070       -3.57200

