HF BASIS=def2-svp cutoff=1.0e-9 denserms=1.0e-6  zmake GRADIENT DIPOLE CHARGE=0

C          0.12150       -1.62510       -2.24000
C         -0.51150       -1.38280       -0.86170
C         -1.82070       -2.18870       -0.81510
C         -0.72230        0.14590       -0.54030
C         -1.64200        0.32780        0.69300
C         -1.89860        1.79030        1.04210
C         -0.59870        2.56200        1.24460
C         -0.88730        4.03390        1.53720
C          0.28680        2.41930        0.00480
C          0.61640        0.94500       -0.33300
O          1.32190        0.29270        0.72940
C          2.64780        0.77670        0.94170
C          3.45650        0.69040       -0.34580
O          3.64790       -0.69100       -0.67740
C          2.69230        1.37330       -1.47460
O          1.35090        0.89000       -1.55810
H          1.17390       -1.33860       -2.26540
H         -0.40990       -1.07400       -3.02290
H          0.09550       -2.68850       -2.50420
H          0.15510       -1.81700       -0.10600
H         -1.66070       -3.22090       -1.14650
H         -2.58380       -1.74200       -1.46120
H         -2.21560       -2.25330        0.20340
H         -1.23970        0.58330       -1.40690
H         -1.20790       -0.18450        1.56070
H         -2.62150       -0.12660        0.51010
H         -2.48860        2.25190        0.23960
H         -2.51010        1.84150        1.95110
H         -0.07050        2.14580        2.11200
H         -1.50900        4.13680        2.43280
H         -1.41280        4.51160        0.70330
H          0.04320        4.58470        1.71080
H         -0.19810        2.88450       -0.86470
H          1.20040        3.00060        0.16820
H          2.61710        1.79710        1.33560
H          3.09580        0.13990        1.71170
H          4.44740        1.13610       -0.21880
H          2.75010       -1.07530       -0.71980
H          2.68650        2.46110       -1.35490
H          3.16610        1.15180       -2.43670

