HF BASIS=def2-svp cutoff=1.0e-9 denserms=1.0e-6  zmake GRADIENT DIPOLE CHARGE=0

O          0.91090        2.20570        0.37850
C         -0.35430        2.63600        0.22040
O         -0.99660        3.10720        1.14930
C         -0.86800        2.40210       -1.17180
C         -2.01620        1.39230       -1.19030
C         -1.58810       -0.06170       -1.44300
C         -0.77420       -0.75210       -0.33440
C         -1.43210       -1.00850        1.01690
C         -2.76110       -0.97800        1.21540
C         -0.52340       -1.29630        2.13950
C          0.45950       -2.20690        2.02120
C         -0.70470       -0.52730        3.43540
C         -0.44620        0.94050        3.19280
O         -1.56970        1.68280        3.27920
O          0.62310        1.44040        2.86320
H          1.06770        2.16870        1.35700
H         -1.21870        3.37500       -1.53670
H         -0.05250        2.09670       -1.83640
H         -2.61700        1.46470       -0.27770
H         -2.68270        1.67110       -2.01700
H         -2.48380       -0.65810       -1.65710
H         -0.99330       -0.08950       -2.36560
H          0.14780       -0.18040       -0.18390
H         -0.45920       -1.72550       -0.73470
H         -3.46390       -0.77940        0.41400
H         -3.20700       -1.17660        2.18520
H          1.14030       -2.41700        2.84070
H          0.61210       -2.77970        1.11180
H         -0.00330       -0.85550        4.21180
H         -1.70570       -0.67440        3.85460
H         -1.37370        2.51480        2.77820

