HF BASIS=def2-svp cutoff=1.0e-9 denserms=1.0e-6  zmake GRADIENT DIPOLE CHARGE=0

C         -2.19280        1.42670       -3.45580
C         -3.21170        0.91250       -2.40220
C         -4.60570        0.99350       -3.05530
C         -2.87880       -0.55190       -2.02980
O         -2.68610       -1.33860       -3.19950
P         -1.41770       -2.32900       -3.20900
O         -1.43040       -2.75500       -4.75220
O         -1.53540       -3.45030       -2.22850
O         -0.17960       -1.34470       -3.08810
P          1.33300       -1.79940       -2.98370
O          2.05130       -0.87910       -4.09120
O          1.63470       -3.23570       -3.23600
O          1.92260       -1.18030       -1.63090
C          1.74900        0.19960       -1.34580
C          1.66350        0.38710        0.17620
O          2.87920       -0.11510        0.78830
C          3.62610        0.99930        1.32260
C          3.01480        2.26090        0.70700
O          3.21880        3.43310        1.48590
C          1.55000        1.85020        0.60360
O          0.94660        1.89550        1.90110
P         -0.02530        3.10860        2.25240
O          0.95380        4.36750        2.30750
O         -0.36590        2.91990        3.79310
O         -1.21780        3.28720        1.36730
N          5.02940        0.82100        1.01630
C          5.57030        0.06710        0.00830
N          6.88500        0.14150       -0.01030
C          7.20820        0.94150        1.06780
C          6.06510        1.37860        1.71540
N          5.99860        2.18090        2.78880
C          7.23250        2.55100        3.18920
N          8.42730        2.21340        2.65790
C          8.43570        1.38360        1.59140
N          9.66410        1.01930        1.05700
C         -3.10260        1.82100       -1.13830
O         -1.73240        1.81030       -0.71290
C         -4.05490        1.45280        0.03690
O         -5.02440        0.70760       -0.07260
N         -3.74670        2.07920        1.23360
C         -4.49330        1.84890        2.45830
C         -4.31860        0.44620        3.03050
C         -2.89870        0.16840        3.48420
O         -2.03030        1.02960        3.60030
N         -2.68780       -1.16220        3.77630
C         -1.36100       -1.71160        4.00600
C         -0.67280       -2.13160        2.70360
S         -1.64720       -3.41470        1.84690
C         -0.48600       -3.85050        0.58530
O          0.29640       -3.02370        0.13540
C         -0.58560       -5.28790        0.16890
C          0.49640       -5.71660       -0.76670
O          1.09110       -6.78400       -0.62680
H         -1.15760        1.35180       -3.09860
H         -2.38890        2.47940       -3.70130
H         -2.24910        0.85970       -4.39480
H         -5.38220        0.51400       -2.45040
H         -4.90730        2.03670       -3.21330
H         -4.61850        0.49950       -4.03430
H         -3.68180       -1.01480       -1.44470
H         -1.97350       -0.58720       -1.41000
H         -1.72960       -2.02170       -5.31630
H          2.81880       -1.36150       -4.45790
H          2.60600        0.73410       -1.77000
H          0.83450        0.57590       -1.81590
H          0.83880       -0.21660        0.56620
H          3.52560        0.98470        2.41300
H          3.43000        2.44230       -0.29050
H          2.61560        4.13120        1.16370
H          0.97780        2.47270       -0.09090
H          1.56010        4.26260        3.07500
H         -1.03850        2.19930        3.90260
H          4.96460       -0.51840       -0.67200
H          7.27180        3.20600        4.05460
H         10.39790        1.67090        1.29800
H          9.61580        0.68740        0.10050
H         -3.33970        2.85660       -1.42200
H         -1.61780        2.58190       -0.11800
H         -2.87410        2.60340        1.31830
H         -5.55420        2.01500        2.23980
H         -4.17080        2.60890        3.17850
H         -4.60870       -0.31600        2.29720
H         -4.97590        0.32890        3.90060
H         -3.40550       -1.82860        3.50410
H         -1.47180       -2.56860        4.68030
H         -0.74620       -0.96470        4.52090
H          0.32210       -2.52970        2.92540
H         -0.56760       -1.26640        2.04300
H         -0.52920       -5.92290        1.05900
H         -1.53940       -5.45580       -0.33300
H          0.66200       -5.08650       -1.65870

