HF BASIS=def2-svp cutoff=1.0e-9 denserms=1.0e-6  zmake GRADIENT DIPOLE CHARGE=0

C          0.45170       -0.63220       -1.14460
S          1.10190        1.08060       -1.29980
C          2.83150        0.44910       -1.55030
C          2.99600        0.09270       -3.03440
C          3.81110        1.55770       -1.15850
C          2.90740       -0.76010       -0.59550
N          1.58210       -1.38240       -0.56670
C          0.96570       -1.56390        0.64190
O          1.41110       -1.90460        1.71340
C         -0.37180       -0.99640        0.11480
N         -0.95940        0.12590        0.89580
C         -2.03170        0.83900        0.40560
O         -2.60270        0.48710       -0.62930
C         -2.51820        2.03230        1.22190
C         -1.42090        2.80580        1.91400
O         -1.72260        4.10760        2.10790
O         -0.35870        2.35580        2.32180
C         -3.58050        1.59950        2.21050
C         -4.92030        1.93350        2.10830
S         -5.86710        1.29570        3.38060
C         -4.50560        0.55240        4.09300
C         -3.35350        0.78850        3.37650
C          4.02340       -1.73720       -0.95460
O          3.61330       -2.98800       -1.24360
O          5.21250       -1.45960       -1.01510
H          0.09180       -1.07260       -2.07940
H          2.79070        0.95560       -3.67930
H          2.33250       -0.72260       -3.34310
H          4.02210       -0.22490       -3.25150
H          4.84760        1.22410       -1.27850
H          3.68650        1.86220       -0.11280
H          3.68400        2.44840       -1.78500
H          3.13210       -0.42210        0.42640
H         -1.11160       -1.79040       -0.04760
H         -0.41020        0.54200        1.65070
H         -2.95410        2.72200        0.48440
H         -0.95770        4.47860        2.59680
H         -5.39790        2.52650        1.33910
H         -4.61390       -0.02370        5.00190
H         -2.39010        0.39240        3.67850
H          4.43780       -3.48940       -1.41300

