HF BASIS=def2-svp cutoff=1.0e-9 denserms=1.0e-6  zmake GRADIENT DIPOLE CHARGE=0

C         -1.82410        0.20740        3.82140
C         -1.88240        0.09960        2.33840
C         -0.86030       -0.21390        1.53620
N         -1.01420       -0.29460        0.16510
C          0.11080       -0.58240       -0.70940
C          0.78370        0.67390       -1.25450
C          2.18030        0.16510       -1.54030
N          3.14340        1.24400       -1.71500
C          2.40900       -0.73130       -0.32130
C          3.44830       -1.82510       -0.54170
O          3.56510       -2.62440        0.63540
O          1.12990       -1.34180       -0.02230
C         -2.23410        0.00140       -0.45800
O         -2.33690       -0.00230       -1.68300
N         -3.31560        0.30340        0.33460
C         -3.11610        0.33770        1.59630
O         -4.15810        0.63190        2.38400
H         -2.09890        1.21630        4.14570
H         -0.81830       -0.00060        4.20160
H         -2.50920       -0.50810        4.28740
H          0.12720       -0.41800        1.93960
H         -0.23020       -1.21370       -1.53970
H          0.80460        1.46460       -0.49260
H          0.27590        1.07650       -2.13670
H          2.15430       -0.44290       -2.45420
H          2.86210        1.84200       -2.49320
H          4.06070        0.87140       -1.96100
H          2.67470       -0.14160        0.56580
H          4.43160       -1.40350       -0.76860
H          3.15150       -2.49220       -1.35750
H          2.64990       -2.83990        0.90070
H         -4.92670        0.77120        1.80430

