HF BASIS=def2-svp cutoff=1.0e-9 denserms=1.0e-6  zmake GRADIENT DIPOLE CHARGE=0

C          2.23730       -0.92610        6.64410
C          2.42620        0.44260        6.00950
C          2.18880        0.39760        4.49940
C          2.38410        1.77740        3.86700
C          2.05050        1.81370        2.37200
C          2.99280        0.95820        1.52110
C          2.80650        1.16800        0.01480
C          1.43980        0.70870       -0.49770
C          1.34780        0.83590       -2.02010
C         -0.01950        0.38020       -2.53530
C         -0.10960        0.51200       -4.05720
C         -1.41420       -0.03880       -4.64120
C         -2.65350        0.75790       -4.22010
C         -3.92390        0.23610       -4.88240
O         -3.85150        0.42460       -6.28830
H          1.21990       -1.29650        6.48230
H          2.41110       -0.87080        7.72330
H          2.93900       -1.65370        6.22390
H          3.44250        0.79780        6.21610
H          1.73300        1.15280        6.47500
H          1.17130        0.04130        4.29830
H          2.88080       -0.32320        4.04960
H          1.73720        2.50100        4.37860
H          3.41660        2.11340        4.02180
H          1.01330        1.49000        2.22920
H          2.10820        2.85580        2.03450
H          4.03070        1.20650        1.77460
H          2.85360       -0.10350        1.75410
H          3.59210        0.60780       -0.50750
H          2.95800        2.22620       -0.23070
H          1.26900       -0.33450       -0.20580
H          0.64590        1.30920       -0.03980
H          1.52160        1.87860       -2.31270
H          2.13590        0.23280       -2.48720
H         -0.80000        0.98360       -2.05870
H         -0.19140       -0.66340       -2.24550
H          0.00760        1.56350       -4.34610
H          0.72510       -0.03510       -4.51310
H         -1.32660       -0.02490       -5.73440
H         -1.53330       -1.08910       -4.34820
H         -2.78280        0.70790       -3.13400
H         -2.50900        1.81010       -4.49340
H         -4.79340        0.78510       -4.50720
H         -4.06480       -0.82950       -4.67510
H         -4.68040        0.08330       -6.66510

