HF BASIS=def2-svp cutoff=1.0e-9 denserms=1.0e-6  zmake GRADIENT DIPOLE CHARGE=0

O          0.28940        3.60270        0.47700
C          1.38670        3.43320       -0.41480
C          0.83650        3.02680       -1.79140
C          1.93410        2.52350       -2.74010
O          1.39170        2.20830       -4.00170
C          2.63510        1.32120       -2.14500
C          3.40230        2.01590       -1.03770
O          3.94900        3.17430       -1.69170
C          3.11010        3.50510       -2.73280
O          3.26980        4.44660       -3.49020
C          2.46280        2.44460        0.11130
O          1.87110        1.24760        0.65890
C          1.42560        1.34880        1.93630
O          1.47130        2.35190        2.63080
C          0.87310        0.04330        2.34160
C          0.36060       -0.11090        3.57200
C         -0.20110       -1.37110        4.07940
C         -0.88220       -2.27700        3.25550
C         -1.41010       -3.44070        3.80110
O         -2.06480       -4.31920        2.98510
C         -1.28500       -3.71710        5.15920
O         -1.83080       -4.88050        5.62490
C         -0.62910       -2.82520        5.99580
C         -0.09310       -1.65110        5.45330
H          0.64320        3.68720        1.38690
H          1.85400        4.42090       -0.51520
H          0.06310        2.25500       -1.67620
H          0.30920        3.88070       -2.23720
H          1.23240        3.05360       -4.46400
H          3.31830        0.87400       -2.87900
H          1.95450        0.53340       -1.80810
H          4.21120        1.37720       -0.66830
H          3.06010        2.94960        0.88190
H          0.91460       -0.75840        1.61510
H          0.36120        0.72390        4.27170
H         -1.02200       -2.08880        2.19540
H         -2.34880       -5.04180        3.58010
H         -1.67160       -4.92790        6.58340
H         -0.52410       -3.01650        7.05880
H          0.41940       -0.95520        6.11530

