HF BASIS=def2-svp cutoff=1.0e-9 denserms=1.0e-6  zmake GRADIENT DIPOLE CHARGE=0

C          2.25340       -4.27340        2.36840
C          1.45110       -3.12360        1.77820
C          2.27890       -2.32700        0.76890
C          1.55450       -1.09000        0.22950
C          0.32210       -1.42890       -0.61570
C         -0.29060       -0.18720       -1.25990
O         -0.75720        0.69220       -0.22900
C         -1.29630        1.85670       -0.68730
O         -1.40900        2.16250       -1.86640
C         -1.76270        2.70750        0.48020
C         -3.25600        2.46800        0.68280
C         -1.47080        4.19520        0.23860
C          0.02130        4.50240        0.22260
H          1.64330       -4.83270        3.08450
H          3.14030       -3.90460        2.89350
H          2.57990       -4.96590        1.58590
H          1.11690       -2.46570        2.58860
H          0.55550       -3.53240        1.29840
H          3.20780       -1.99580        1.24980
H          2.57060       -2.97580       -0.06590
H          2.26300       -0.52080       -0.38510
H          1.27040       -0.44070        1.06630
H         -0.43370       -1.90440        0.01940
H          0.59650       -2.14120       -1.40210
H          0.45570        0.32540       -1.87830
H         -1.13770       -0.48670       -1.88790
H         -1.22660        2.39110        1.38410
H         -3.83190        2.77630       -0.19700
H         -3.46110        1.40560        0.85410
H         -3.62770        3.02750        1.54740
H         -1.93620        4.79140        1.03300
H         -1.91350        4.52650       -0.70860
H          0.18240        5.57700        0.09020
H          0.52890        3.98420       -0.59660
H          0.49290        4.20330        1.16410

