HF BASIS=def2-svp cutoff=1.0e-9 denserms=1.0e-6  zmake GRADIENT DIPOLE CHARGE=0

C         -3.13010        2.66520        0.38420
C         -2.91300        2.00030        1.53100
C         -3.18480        2.52520        2.87610
C         -4.38150        3.19050        3.18830
C         -4.63180        3.62470        4.50140
O         -5.79840        4.26740        4.81710
C         -3.72450        3.40090        5.52770
C         -2.57000        2.72330        5.21550
C         -2.28880        2.30830        3.92060
C         -0.93050        1.68370        3.89580
C         -0.70940        1.48710        5.41890
O         -1.61620        2.37490        6.13300
C         -0.90240        0.02230        5.82670
C         -2.09510       -0.45260        6.39050
C         -2.26800       -1.81020        6.66630
C         -1.24810       -2.71760        6.38410
C         -0.04870       -2.26720        5.84100
C          0.12060       -0.90770        5.55090
C          0.10430        2.55740        3.21040
C          0.67850        2.09220        2.01590
C          1.57350        2.87600        1.29930
O          2.06060        2.36130        0.13340
C          1.93150        4.14460        1.75120
C          1.37770        4.61800        2.94210
C          0.46830        3.83690        3.67100
C         -2.84000        2.05660       -0.92210
C         -1.62410        1.40290       -1.18430
C         -1.43330        0.80610       -2.42470
C         -2.42200        0.85890       -3.39120
O         -2.12510        0.18800       -4.54930
C         -0.77500       -0.33140       -4.36390
C         -0.28420       -0.00720       -2.92120
C          1.08860        0.62250       -2.87100
C          1.36160        1.88780       -3.42760
O          0.39530        2.65960       -4.01790
C          2.65430        2.43240       -3.46370
O          2.86130        3.64590       -4.05780
C          3.73080        1.76520       -2.91880
C          3.47470        0.53460       -2.35330
C          2.19690       -0.05550       -2.32590
C          2.39840       -1.45960       -1.81060
C          3.76190       -1.26290       -1.08430
O          4.48480       -0.23930       -1.81660
C          4.56350       -2.54650       -0.97860
C          4.42730       -3.35290        0.16150
C          5.12760       -4.55400        0.28300
C          5.97570       -4.95420       -0.74220
O          6.68920       -6.11460       -0.66280
C          6.12120       -4.18150       -1.88670
C          5.41770       -2.97680       -2.00660
C          1.35390       -2.10450       -0.93030
C          0.82080       -3.34960       -1.30210
C         -0.12960       -3.97400       -0.50160
O         -0.67190       -5.16760       -0.87140
C         -0.55710       -3.39500        0.68860
C         -0.02360       -2.16920        1.06290
O         -0.39430       -1.53930        2.21860
C          0.92340       -1.52570        0.27060
C         -0.74130       -1.83490       -4.62160
C          0.42590       -2.42850       -5.12180
C          0.50940       -3.81520       -5.25810
C         -0.57530       -4.60940       -4.90680
O         -0.45300       -5.96010       -5.03340
C         -1.74350       -4.04220       -4.41180
C         -1.82640       -2.65660       -4.27190
C         -3.61450        1.52540       -3.17710
C         -3.81540        2.13760       -1.93230
H         -3.55880        3.66370        0.38010
H         -2.48880        0.99510        1.50700
H         -5.12300        3.36910        2.41030
H         -6.43070        4.10330        4.10400
H         -3.93220        3.72750        6.53820
H         -0.98290        0.71190        3.39090
H          0.30570        1.77260        5.72420
H         -2.91680        0.23540        6.60620
H         -3.19840       -2.16020        7.09280
H         -1.38380       -3.77060        6.59790
H          0.74600       -2.97480        5.61110
H          1.06690       -0.57720        5.10490
H          0.39320        1.11660        1.62970
H          2.64420        3.02350       -0.27720
H          2.62230        4.77030        1.19540
H          1.63520        5.61520        3.30500
H          0.03770        4.24930        4.58780
H         -0.84820        1.34090       -0.42980
H         -0.16410        0.15770       -5.13500
H         -0.30130       -0.91570       -2.32690
H         -0.33120        2.76400       -3.36780
H          2.00000        3.87240       -4.46260
H          4.73870        2.16660       -2.95680
H          2.54990       -2.07930       -2.71050
H          3.62940       -0.85340       -0.07180
H          3.76220       -3.05400        0.96930
H          5.00130       -5.16040        1.17120
H          6.53860       -6.50290        0.21520
H          6.79230       -4.50480       -2.68220
H          5.55420       -2.37940       -2.90770
H          1.14980       -3.82270       -2.22150
H         -0.32960       -5.38170       -1.76190
H         -1.29440       -3.90130        1.30030
H         -1.08290       -2.06920        2.66100
H          1.33580       -0.57420        0.59610
H          1.29060       -1.82460       -5.38530
H          1.41660       -4.27140       -5.63520
H         -1.34330       -6.34990       -5.03400
H         -2.59300       -4.65120       -4.12380
H         -2.73740       -2.21520       -3.86380
H         -4.38120        1.55360       -3.95040
H         -4.75460        2.65940       -1.74820

