HF BASIS=def2-svp cutoff=1.0e-9 denserms=1.0e-6  zmake GRADIENT DIPOLE CHARGE=0

C          4.38730       -1.72360       -2.19160
O          3.20700       -1.25700       -1.53650
C          2.55180       -0.27940       -2.21090
O          2.89140        0.19770       -3.28270
C          1.33600        0.15430       -1.46830
C          0.97630       -0.41740       -0.23730
C         -0.18630        0.03550        0.41750
C         -0.94030        1.03950       -0.18370
N         -2.00620        1.29330        0.65000
C         -1.96680        0.49130        1.76440
C         -2.84030        0.41680        2.85560
C         -2.54330       -0.50960        3.85950
C         -1.41840       -1.32640        3.77280
C         -0.55590       -1.23820        2.67400
C         -0.83300       -0.31150        1.64740
C         -0.61210        1.63270       -1.41030
O         -1.44800        2.60680       -1.87630
C         -1.10720        3.20360       -3.12230
C          0.54730        1.16480       -2.03990
H          4.83440       -2.50320       -1.56880
H          5.11160       -0.91040       -2.30190
H          4.13930       -2.15780       -3.16530
H          1.57430       -1.19980        0.21950
H         -2.71620        1.98360        0.45240
H         -3.71750        1.05170        2.92620
H         -3.20180       -0.59280        4.72130
H         -1.20650       -2.04010        4.56520
H          0.31850       -1.87940        2.61570
H         -1.86840        3.95550       -3.35140
H         -1.11630        2.46390       -3.92970
H         -0.14090        3.71530       -3.06350
H          0.86240        1.57950       -2.99410

