HF BASIS=def2-svp cutoff=1.0e-9 denserms=1.0e-6  zmake GRADIENT DIPOLE CHARGE=0

C          0.99910       -6.53820       -0.22550
C          0.41750       -5.66580       -1.30980
C          0.55570       -6.03020       -2.59700
C         -0.28400       -4.40220       -0.82550
C         -1.59750       -4.73710       -0.12420
C         -2.30300       -3.39820        0.03680
C         -1.76820       -2.45430       -1.09900
C         -2.97760       -2.11500       -2.00030
C         -0.75330       -3.35540       -1.87010
C          0.39540       -2.61740       -2.55470
C          1.01960       -1.51070       -1.70880
C          0.00480       -0.42810       -1.23900
C         -0.57770        0.26900       -2.50370
C         -1.09990       -1.18710       -0.42920
C         -2.13840       -0.20560        0.11660
C         -1.50300        0.84690        1.01320
C         -0.35850        1.67650        0.35490
C          0.21300        2.77010        1.39170
C         -0.97190        3.47450        2.11840
C          1.02670        3.93580        0.71790
C          0.37350        4.70090       -0.44350
C         -0.36310        5.95290       -0.03230
O         -1.01940        6.49940       -1.07560
O         -0.38300        6.49420        1.05870
C          1.09210        2.01780        2.47740
C          2.14190        1.07970        1.84990
C          1.56360        0.07740        0.84380
C          0.72530        0.71360       -0.30480
C          1.70540        1.52150       -1.20590
C          1.71710        2.88880        3.58380
C          3.10070        3.45760        3.39150
C          1.06820        3.08850        4.74530
H          1.57480       -7.37510       -0.63440
H          1.67560       -5.96150        0.41460
H          0.20690       -6.96260        0.39760
H          0.16850       -5.43460       -3.41910
H          1.07110       -6.94730       -2.87230
H          0.39100       -3.90610       -0.10980
H         -1.44130       -5.21760        0.84770
H         -2.20930       -5.41110       -0.73540
H         -2.07850       -3.00330        1.03380
H         -3.38870       -3.53990        0.00500
H         -3.35130       -3.01160       -2.50960
H         -2.75730       -1.38330       -2.77750
H         -3.81490       -1.72490       -1.41210
H         -1.29630       -3.89950       -2.65520
H          1.19400       -3.31890       -2.82970
H          0.05060       -2.20610       -3.51370
H          1.82020       -1.06730       -2.30690
H          1.50880       -1.98100       -0.85010
H         -1.08380       -0.42060       -3.17720
H         -1.29080        1.06210       -2.26140
H          0.21120        0.71860       -3.11440
H         -0.57630       -1.59590        0.44730
H         -2.88350       -0.74390        0.71080
H         -2.68800        0.28700       -0.69000
H         -2.32070        1.50960        1.31330
H         -1.14730        0.35620        1.92300
H         -0.84920        2.22680       -0.45440
H         -1.48500        2.81320        2.81860
H         -0.63410        4.33120        2.71220
H         -1.71110        3.84670        1.40260
H          1.28860        4.67110        1.49070
H          1.99240        3.56670        0.37390
H         -0.30530        4.07500       -1.02540
H          1.17480        5.03670       -1.11700
H         -1.40140        7.32200       -0.70790
H          0.40810        1.34630        3.01490
H          2.94280        1.65360        1.37110
H          2.62930        0.50250        2.64720
H          2.40790       -0.49490        0.43190
H          0.95840       -0.63340        1.41550
H          1.18820        2.31370       -1.75250
H          2.53060        1.97070       -0.65720
H          2.20410        0.89420       -1.94610
H          3.17460        4.01750        2.45380
H          3.37650        4.14220        4.20200
H          3.84820        2.65960        3.37060
H          1.49580        3.66640        5.55780
H          0.08350        2.66720        4.91470

