HF BASIS=def2-svp cutoff=1.0e-9 denserms=1.0e-6  zmake GRADIENT DIPOLE CHARGE=0

C          1.88560       -2.26310       -3.18150
C          0.63870       -1.45270       -3.56390
C          1.05150       -0.40500       -4.62090
C         -0.09690        0.33590       -5.30830
C         -1.02080       -0.56260       -6.10830
C         -1.60770        0.40920       -7.11460
C         -1.98710       -0.26970       -8.42180
O         -2.75390        1.03600       -6.54940
C         -0.45420        1.39370       -7.29230
O         -0.35370        2.21990       -8.18680
O          0.44870        1.24430       -6.27630
C         -0.20590       -0.88780       -2.38500
C         -0.78480       -2.00120       -1.46500
C         -0.99490       -1.36970       -0.08120
C         -0.79680        0.12760       -0.31370
C         -0.56340        1.09240        0.83420
C         -0.44210        2.52040        0.32550
C          0.58800        2.65590       -0.80340
C          0.39680        1.62130       -1.92340
C          0.33880        0.17730       -1.38120
C          1.71140       -0.20570       -0.78620
C         -0.49520        0.70150        2.12400
C         -0.29350        1.55530        3.27760
C         -0.18940        1.17350        4.56740
C         -0.28970       -0.24420        5.10520
C         -1.29670       -0.36450        6.26260
O         -2.63900       -0.26160        5.78110
C         -1.05800        0.68800        7.34620
C         -0.98700        2.09800        6.76070
C          0.00200        2.17230        5.62260
C          1.00470        3.06500        5.60010
H          1.69340       -2.99030       -2.38960
H          2.71700       -1.62520       -2.87480
H          2.23770       -2.83190       -4.05090
H         -0.01880       -2.17270       -4.07180
H          1.74380        0.32210       -4.18400
H          1.64870       -0.89900       -5.40050
H         -0.65900        0.93650       -4.58620
H         -1.77310       -1.04010       -5.47280
H         -0.43990       -1.34300       -6.61580
H         -2.43750        0.44910       -9.11590
H         -1.11720       -0.71300       -8.91750
H         -2.73280       -1.05410       -8.25250
H         -3.03990        1.72560       -7.17920
H         -1.09230       -0.43690       -2.85770
H         -0.12940       -2.87100       -1.36720
H         -1.73650       -2.36530       -1.87290
H         -1.99090       -1.59420        0.31540
H         -0.25980       -1.77920        0.62020
H         -1.73110        0.47510       -0.78660
H         -1.42540        2.83270       -0.05000
H         -0.17450        3.23270        1.11040
H          1.59880        2.56870       -0.38730
H          0.52010        3.66330       -1.23190
H         -0.53350        1.86000       -2.45310
H          1.20990        1.73930       -2.64510
H          1.77080       -1.26480       -0.52070
H          1.94500        0.35500        0.12430
H          2.51520        0.01130       -1.49580
H         -0.60340       -0.35680        2.33870
H         -0.22910        2.62050        3.07230
H         -0.57710       -0.95620        4.32720
H          0.70360       -0.54680        5.46110
H         -1.20910       -1.36130        6.70940
H         -2.65540        0.41840        5.08260
H         -0.11940        0.46540        7.86950
H         -1.86470        0.65390        8.08720
H         -1.97690        2.39900        6.39380
H         -0.72600        2.80330        7.55890
H          1.72360        3.09620        4.78740
H          1.13630        3.78830        6.39880

