HF BASIS=def2-svp cutoff=1.0e-9 denserms=1.0e-6  zmake GRADIENT DIPOLE CHARGE=0

O         -4.62790        5.23150        0.67550
C         -3.66500        4.17950        0.62110
C         -3.63130        3.53040       -0.77290
O         -2.63170        2.49730       -0.74780
C         -2.53980        1.76960       -2.00380
C         -3.88650        1.15830       -2.45220
O         -3.79410        0.59000       -3.76750
C         -4.95660        2.24660       -2.47550
O         -6.23370        1.65150       -2.77840
C         -5.02290        2.97280       -1.13670
O         -6.02330        3.99620       -1.25460
C         -1.46100        0.71990       -1.80290
C         -1.49100       -0.15190       -0.69670
O         -2.62500       -0.15090        0.07860
C         -0.39810       -0.96680       -0.34970
C         -0.33950       -1.70910        0.98360
O         -1.60250       -2.37840        1.18600
C         -1.63670       -3.21080        2.36060
C         -0.88330       -4.55300        2.19540
O          0.52130       -4.46470        2.00140
C         -1.31220       -2.39450        3.63080
O         -1.19230       -3.22630        4.78850
C         -0.03080       -1.55720        3.48760
O          1.10860       -2.41670        3.57800
C         -0.03730       -0.75960        2.17740
O         -1.09680        0.19810        2.30230
S         -0.75050        1.76840        2.49510
O         -0.33840        2.23380        1.01450
O          0.40440        1.88700        3.35140
O         -1.98740        2.44530        2.80680
C          0.68630       -1.01290       -1.24370
O          1.77570       -1.77650       -0.89190
C          2.89100       -1.76360       -1.70830
C          2.95120       -1.17150       -2.90670
C          1.77620       -0.43420       -3.37310
O          1.72410        0.03790       -4.50340
C          0.65940       -0.28010       -2.43080
C         -0.38800        0.61200       -2.68900
O         -0.36770        1.43360       -3.78870
C          4.05560       -2.46840       -1.14390
C          3.93320       -3.82290       -0.80650
C          5.01220       -4.48810       -0.24010
O          4.88940       -5.80810        0.07660
C          6.21150       -3.82940        0.00610
O          7.22620       -4.55130        0.58090
C          6.35760       -2.48660       -0.31630
C          5.27430       -1.81040       -0.88400
O          5.38690       -0.47620       -1.17350
H         -4.61160        5.55200        1.59660
H         -3.93020        3.43230        1.37420
H         -2.68080        4.58550        0.87230
H         -3.34740        4.30120       -1.50320
H         -2.21100        2.49560       -2.75900
H         -4.21680        0.35340       -1.78330
H         -4.71840        0.42500       -4.03930
H         -4.76890        2.95730       -3.29090
H         -6.88270        2.35080       -2.56410
H         -5.36670        2.27080       -0.36640
H         -5.84630        4.64180       -0.53510
H         -2.59500       -0.95880        0.62810
H          0.43870       -2.46850        0.90330
H         -2.68820       -3.50640        2.46460
H         -1.05890       -5.19410        3.06220
H         -1.27670       -5.07860        1.32060
H          0.88770       -3.82240        2.63500
H         -2.14460       -1.69720        3.81090
H         -2.06530       -3.62050        4.96260
H          0.03670       -0.87040        4.33890
H          1.04500       -2.81740        4.47500
H          0.93140       -0.27150        2.01260
H         -1.15220        2.25430        0.45090
H          3.82470       -1.18110       -3.54320
H          0.17700        0.99830       -4.48850
H          3.00340       -4.35740       -0.97340
H          5.74800       -6.04580        0.47790
H          7.97890       -3.95530        0.73950
H          7.28990       -1.97300       -0.12900
H          6.22140       -0.13020       -0.81710

