HF BASIS=def2-svp cutoff=1.0e-9 denserms=1.0e-6  zmake GRADIENT DIPOLE CHARGE=0

C         -1.65010       -0.28450       -0.67160
C         -2.44550       -0.05100       -1.92970
C         -3.64770       -0.98970       -2.03020
O         -3.22670       -2.32780       -2.27630
C         -0.37180       -0.69780       -0.66200
C          0.42180       -0.93000        0.52870
C          1.69840       -1.32860        0.47730
C          2.41920       -1.53880        1.72350
C          3.75610       -1.95420        1.72020
C          4.43450       -2.15150        2.92560
C          3.78370       -1.93570        4.13960
C          2.45180       -1.52180        4.15030
C          1.77050       -1.32360        2.94150
C          0.35550       -0.88460        2.96240
O         -0.23510       -0.69180        4.01900
O         -0.25090       -0.70950        1.75150
H         -2.17010       -0.08650        0.26460
H         -2.79630        0.98720       -1.92350
H         -1.80810       -0.17910       -2.81280
H         -4.28380       -0.68770       -2.86810
H         -4.25720       -0.97410       -1.12030
H         -2.67350       -2.59470       -1.52070
H          0.12590       -0.87950       -1.61370
H          2.21370       -1.49880       -0.46170
H          4.28210       -2.12810        0.78410
H          5.47320       -2.47430        2.91740
H          4.31260       -2.08960        5.07740
H          1.94660       -1.35430        5.09970

