HF BASIS=def2-svp cutoff=1.0e-9 denserms=1.0e-6  zmake GRADIENT DIPOLE CHARGE=0

C         -0.72660        3.82630       -2.02010
C         -1.80940        3.03870       -1.94170
C         -2.26000        2.57260       -0.62310
C         -1.94660        1.28370       -0.16480
O         -1.31060        0.36560       -0.95070
C         -2.26700        0.93170        1.13560
C         -2.93880        1.82530        1.95600
O         -3.22950        1.33190        3.20350
C         -2.45840        0.09660        3.29320
C         -2.08700       -0.35930        1.85880
C         -0.72120       -0.99980        1.76350
C         -0.57700       -2.36210        1.49660
C         -1.61420       -3.41000        1.24500
C         -0.72700       -4.68800        1.27180
O          0.66430       -4.28160        1.10190
C          0.67970       -2.93960        1.38170
C          1.84450       -2.20840        1.50480
C          1.71550       -0.84970        1.77610
O          2.81000       -0.04380        1.88010
C          0.45870       -0.25120        1.92270
C         -0.90560       -5.52320        2.54120
C         -2.18420       -5.97020        2.91330
C         -2.37540       -6.72180        4.07730
C         -1.28300       -7.06590        4.86760
C          0.00040       -6.66650        4.49300
C          0.18710       -5.90140        3.34130
C         -2.37830       -3.22900       -0.05660
C         -1.72120       -2.99810       -1.27840
C         -2.45720       -2.73620       -2.43100
O         -1.83210       -2.46180       -3.61380
C         -3.84590       -2.73220       -2.41070
C         -4.49800       -2.99470       -1.21360
O         -5.86320       -2.99040       -1.13320
C         -3.78260       -3.24660       -0.04500
C         -3.23660       -0.98310        4.02680
C         -2.54730       -1.95150        4.77510
C         -3.23450       -2.99790        5.39390
C         -4.62000       -3.08740        5.27240
C         -5.31890       -2.13380        4.52820
C         -4.63070       -1.08950        3.90930
C         -3.29450        3.08860        1.53140
C         -2.93850        3.46580        0.23240
C         -0.12090        4.28490       -3.27050
C         -0.88680        4.84620       -4.30360
C         -0.26980        5.37870       -5.44670
O         -1.08160        5.89480       -6.41560
C          1.11530        5.40610       -5.57820
C          1.85350        4.86990       -4.54600
C          1.26250        4.27640       -3.43220
C          2.35060        3.67410       -2.58480
C          3.49340        4.61100       -3.08400
O          3.22950        4.88450       -4.49650
C          4.93120        4.20850       -2.80650
C          5.30700        3.74880       -1.53340
C          6.63990        3.43820       -1.24290
C          7.60820        3.59290       -2.22870
O          8.92050        3.31520       -1.98630
C          7.26490        4.05110       -3.49300
C          5.93350        4.36600       -3.77930
C          2.48000        2.17430       -2.83360
C          1.76210        1.27620       -2.02150
C          1.82380       -0.09800       -2.25970
O          1.09210       -0.98400       -1.52620
C          2.62450       -0.61380       -3.26700
C          3.33860        0.25680       -4.08310
C          3.24890        1.63950       -3.88200
H         -0.21640        4.14120       -1.11280
H         -2.33400        2.66820       -2.81100
H         -1.48960        0.59870       -1.88680
H         -1.56830        0.35330        3.88880
H         -2.85990       -1.02620        1.46830
H         -2.32460       -3.40440        2.07630
H         -0.95940       -5.35730        0.43240
H          2.80670       -2.68760        1.37530
H          3.59170       -0.56770        1.62970
H          0.41470        0.81710        2.12550
H         -3.05490       -5.72720        2.30540
H         -3.37500       -7.04020        4.35950
H         -1.42660       -7.65110        5.77030
H          0.85780       -6.94770        5.10210
H          1.20080       -5.60920        3.06980
H         -0.63230       -2.98040       -1.31370
H         -0.87860       -2.64090       -3.50110
H         -4.39190       -2.53020       -3.32580
H         -6.21040       -2.64890       -1.97250
H         -4.32900       -3.41570        0.87960
H         -1.46410       -1.90420        4.87400
H         -2.68700       -3.74850        5.95880
H         -5.15890       -3.90080        5.74950
H         -6.39770       -2.20750        4.42700
H         -5.19110       -0.36760        3.31580
H         -3.82140        3.76900        2.18990
H         -3.18290        4.46830       -0.10940
H         -1.96980        4.89530       -4.22450
H         -0.53270        6.14460       -7.17600
H          1.61250        5.84240       -6.43730
H          2.19280        3.85900       -1.51420
H          3.38200        5.58940       -2.58300
H          4.56550        3.63560       -0.74380
H          6.89780        3.09250       -0.24990
H          9.00680        3.00940       -1.06850
H          8.03250        4.17480       -4.25170
H          5.69020        4.73900       -4.77190
H          1.14730        1.64820       -1.20380
H          0.43150       -0.49290       -0.99490
H          2.68640       -1.68750       -3.42830
H          3.96120       -0.13260       -4.88450
H          3.79470        2.28550       -4.56410

