HF BASIS=def2-svp cutoff=1.0e-9 denserms=1.0e-6  zmake GRADIENT DIPOLE CHARGE=0

C         -0.10440        3.99840       -2.47450
C         -0.27970        3.01790       -1.35330
C         -0.27990        1.64120       -1.60880
C         -0.48090        0.71750       -0.57940
O         -0.45400       -0.59150       -0.97670
C         -0.62460       -1.58160        0.03710
C         -0.54000       -2.96440       -0.61090
C          0.83750       -3.27980       -1.16000
N          1.42720       -4.00470       -0.08590
C          0.44720       -4.52760        0.71110
O          0.61830       -5.37430        1.56910
O         -0.76100       -3.98070        0.38350
C         -0.69230        1.17730        0.72120
C         -0.69540        2.55300        0.99830
C         -0.96410        3.04380        2.39110
C         -0.50600        3.46550       -0.04720
H          0.37190        4.91800       -2.11840
H         -1.07740        4.24870       -2.90830
H          0.53730        3.58400       -3.25920
H         -0.12540        1.27830       -2.62260
H          0.14730       -1.48290        0.81130
H         -1.60810       -1.47550        0.51200
H         -1.29270       -3.05290       -1.40240
H          0.77410       -3.95860       -2.01720
H          1.44590       -2.41300       -1.42790
H          2.31850       -4.48210       -0.11950
H         -0.86290        0.48830        1.54240
H         -0.47380        4.00690        2.56810
H         -2.04110        3.16160        2.54470
H         -0.57420        2.34060        3.13460
H         -0.53410        4.53410        0.15850

