HF BASIS=def2-svp cutoff=1.0e-9 denserms=1.0e-6  zmake GRADIENT DIPOLE CHARGE=0

C          1.51710        3.75660       -2.64330
C          0.64250        2.59110       -3.08750
C         -0.50520        2.21760       -2.12210
C         -1.56340        3.32870       -2.09990
C         -0.03350        1.87690       -0.68800
C         -1.16510        1.34170        0.20750
C         -0.53620        0.28150        1.13340
C         -1.49180       -0.88710        1.50770
C         -2.08640       -1.62090        0.29270
C         -2.65420       -0.43940        2.41960
C         -2.20820        0.08180        3.77960
C          0.73470       -0.09190        0.39700
C          0.98270        0.77370       -0.59850
C          1.63220       -1.17980        0.91840
O          1.23160       -2.43320        0.37030
C          3.12890       -1.00340        0.63020
C          4.01020       -2.14220        1.17190
O          3.79420       -3.34550        0.40860
C          3.83260       -2.52160        2.64630
O          4.69830       -3.65230        2.92880
C          4.24440       -1.38410        3.57170
O          5.25470       -1.75930        4.40450
O          3.73650       -0.27110        3.58370
H          2.02240        3.54460       -1.69360
H          2.29230        3.94390       -3.39230
H          0.93480        4.67670       -2.53420
H          1.28240        1.71600       -3.25300
H          0.21440        2.83660       -4.06950
H         -0.98500        1.32480       -2.54570
H         -1.17600        4.24200       -1.63490
H         -1.89160        3.57450       -3.11610
H         -2.45260        3.02150       -1.53960
H          0.39440        2.77230       -0.21940
H         -1.96680        0.91610       -0.40560
H         -1.61500        2.15150        0.79360
H         -0.20880        0.77810        2.05780
H         -0.90600       -1.62910        2.07030
H         -2.91360       -1.06390       -0.16070
H         -1.34490       -1.80660       -0.48930
H         -2.49220       -2.59410        0.60500
H         -3.25810        0.32820        1.92000
H         -3.32010       -1.29680        2.59310
H         -1.54950       -0.63500        4.28610
H         -1.68260        1.04250        3.69660
H         -3.08770        0.23920        4.41590
H          1.88030        0.76690       -1.20010
H          1.49310       -1.23490        2.00120
H          0.76560       -2.24520       -0.46750
H          3.47060       -0.04400        1.03240
H          3.28070       -0.97750       -0.45490
H          5.05840       -1.87590        0.99610
H          2.82760       -3.37860        0.21490
H          2.82120       -2.85130        2.89010
H          4.69580       -4.16930        2.09590
H          5.46290       -2.70570        4.19680

