HF BASIS=def2-svp cutoff=1.0e-9 denserms=1.0e-6  zmake GRADIENT DIPOLE CHARGE=0

C         -3.76400       -3.81850        5.12980
O         -2.64130       -2.96710        5.33280
C         -2.18520       -2.27850        4.23880
C         -1.07440       -1.45740        4.47860
O         -0.52990       -1.38930        5.73220
C         -0.49440       -0.69570        3.47150
C         -1.03820       -0.75400        2.18780
C         -0.45620        0.03620        1.08780
O          0.52040        0.75140        1.27870
C         -1.11750       -0.08490       -0.24360
C         -2.16880       -0.91560       -0.32830
O         -2.71710       -1.65990        0.68780
C         -2.14330       -1.56450        1.93080
C         -2.72030       -2.32850        2.95200
C         -0.63410        0.64180       -1.43260
C          0.72550        0.62730       -1.76990
C          1.20140        1.33130       -2.88590
O          2.54700        1.30850       -3.14950
C          3.26710        2.05930       -2.16770
C          0.31050        2.01240       -3.72160
O          0.60620        2.72060       -4.85470
C          1.74840        2.29910       -5.59020
C         -1.04330        2.04730       -3.37330
C         -1.51330        1.37290       -2.24190
H         -3.53240       -4.61180        4.41120
H         -4.64240       -3.24430        4.81730
H         -3.99960       -4.29400        6.08670
H         -1.07300       -1.98590        6.28350
H          0.36610       -0.06830        3.68760
H         -2.71650       -1.10480       -1.24430
H         -3.57860       -2.94590        2.71010
H          1.43080        0.07070       -1.15630
H          4.28020        2.21860       -2.54950
H          2.81260        3.04250       -1.99640
H          3.34540        1.50210       -1.22810
H          2.66020        2.72960       -5.16620
H          1.64780        2.69100       -6.60740
H          1.81340        1.20820       -5.66610
H         -1.74110        2.60460       -3.99430
H         -2.57240        1.43480       -2.00180

