HF BASIS=def2-svp cutoff=1.0e-9 denserms=1.0e-6  zmake GRADIENT DIPOLE CHARGE=0

C          0.19730        2.98270       -1.51780
C          0.06990        4.47690       -1.19500
O          0.95540        5.25660       -1.99040
C          1.56550        2.44690       -1.08160
O          1.69050        1.08500       -1.53460
C          2.89280        0.50960       -1.25000
O          3.81140        1.06770       -0.67220
C          2.91330       -0.90050       -1.79310
C          4.11220       -1.73620       -1.34070
C          3.85340       -2.56440       -0.07600
C          3.61090       -1.76660        1.20490
C          4.85610       -1.03370        1.71150
C          4.53070       -0.22340        2.96830
C          5.75570        0.53180        3.48570
C          5.43490        1.43970        4.67840
C          5.05040        0.67030        5.94690
C          4.85900        1.58690        7.16070
C          3.57250        2.41220        7.09120
C          3.44890        3.35540        8.29310
C          2.13290        4.14470        8.31590
C          1.97360        5.06180        7.13520
C          0.87640        5.23630        6.37970
C         -0.47750        4.61290        6.56770
C         -0.83380        3.60350        5.47290
C          0.00270        2.32520        5.55570
C         -0.42000        1.30080        4.50140
C          0.36450       -0.00270        4.65730
C         -0.01160       -1.01890        3.57930
C          0.71050       -2.34840        3.79610
C          0.41190       -3.33290        2.67850
O         -0.81730        2.23800       -0.80770
C         -2.05060        2.23360       -1.38990
O         -2.34670        2.85090       -2.40230
C         -2.98110        1.35970       -0.58460
C         -4.36200        1.26410       -1.23260
C         -5.36180        0.44280       -0.41470
C         -4.95000       -1.00200       -0.11280
C         -4.55490       -1.84290       -1.32750
C         -5.70270       -2.08540       -2.30800
C         -5.22040       -2.87000       -3.53120
C         -6.37650       -3.22550       -4.46330
C         -5.97940       -4.12320       -5.64140
C         -5.16480       -3.42840       -6.73750
C         -3.65120       -3.56580       -6.56300
C         -2.91730       -2.98630       -7.73950
C         -2.40740       -1.74710       -7.84710
C         -2.48900       -0.63080       -6.84400
C         -1.11810       -0.20200       -6.39970
C         -0.55750       -0.34350       -5.18640
C         -1.16060       -0.98210       -3.96840
C         -0.44760       -2.29530       -3.63580
C         -1.05480       -2.95630       -2.39860
C         -0.29320       -4.22150       -2.00980
C         -0.93130       -4.90280       -0.81140
H          0.10080        2.80760       -2.59810
H         -0.95000        4.84110       -1.35720
H          0.30070        4.66010       -0.13940
H          0.56010        5.32380       -2.87790
H          2.37170        3.04770       -1.51820
H          1.64270        2.45740        0.01220
H          2.94860       -0.80580       -2.88440
H          1.97690       -1.40000       -1.52050
H          4.34010       -2.45110       -2.14270
H          5.00860       -1.12050       -1.22560
H          2.98110       -3.20620       -0.25180
H          4.70030       -3.24530        0.07660
H          3.29400       -2.47310        1.98250
H          2.78030       -1.06570        1.06850
H          5.64510       -1.76180        1.93480
H          5.25160       -0.36540        0.94360
H          3.73110        0.49160        2.74260
H          4.15260       -0.90240        3.74000
H          6.54530       -0.17880        3.76090
H          6.15850        1.15550        2.67690
H          6.32090        2.05020        4.88850
H          4.63590        2.13380        4.39540
H          5.84760       -0.04680        6.17920
H          4.13520        0.08970        5.78440
H          4.82750        0.96230        8.06340
H          5.72680        2.24990        7.26480
H          3.55250        2.99580        6.16510
H          2.70970        1.73480        7.06700
H          4.29550        4.05310        8.29950
H          3.51720        2.77170        9.22000
H          1.30250        3.43700        8.39480
H          2.11130        4.75600        9.22750
H          2.86160        5.63660        6.86990
H          0.94900        5.93400        5.54430
H         -0.57880        4.14390        7.55260
H         -1.21690        5.42410        6.54670
H         -0.71620        4.06460        4.48310
H         -1.89390        3.34220        5.58070
H         -0.10050        1.88750        6.55530
H          1.06050        2.56360        5.41220
H         -1.49350        1.09520        4.59240
H         -0.25500        1.71540        3.50070
H          0.17190       -0.42910        5.64830
H          1.44120        0.20310        4.60350
H         -1.09400       -1.19110        3.59020
H          0.24360       -0.61340        2.59080
H          0.39930       -2.78620        4.75310
H          1.79290       -2.18010        3.85550
H          0.95210       -4.27030        2.84580
H          0.72220       -2.93260        1.70760
H         -0.65780       -3.55960        2.62630
H         -2.52460        0.36640       -0.51610
H         -3.06610        1.78790        0.41950
H         -4.77320        2.27360       -1.35780
H         -4.27270        0.84770       -2.24350
H         -5.54170        0.95390        0.54120
H         -6.32250        0.43970       -0.94230
H         -5.77640       -1.49270        0.41420
H         -4.10920       -0.99430        0.59130
H         -4.19030       -2.81390       -0.96760
H         -3.71290       -1.37710       -1.84790
H         -6.12650       -1.13310       -2.64430
H         -6.50360       -2.63770       -1.80030
H         -4.49030       -2.25440       -4.06370
H         -4.71500       -3.78700       -3.20800
H         -6.84780       -2.30930       -4.83950
H         -7.13980       -3.75340       -3.87980
H         -6.91650       -4.46980       -6.10110
H         -5.46350       -5.02190       -5.28260
H         -5.43750       -3.88770       -7.69940
H         -5.44940       -2.36970       -6.81140
H         -3.31090       -3.10170       -5.63400
H         -3.38070       -4.62730       -6.48000
H         -2.79130       -3.66240       -8.58430
H         -1.89630       -1.49460       -8.77580
H         -3.12990       -0.89160       -5.99840
H         -2.97470        0.22690       -7.32580
H         -0.52150        0.28840       -7.16850
H          0.45480        0.03910       -5.05320
H         -1.06330       -0.28480       -3.12760
H         -2.23080       -1.16750       -4.09070
H          0.61890       -2.10620       -3.46950
H         -0.51880       -2.98360       -4.48610
H         -1.04400       -2.25050       -1.56000
H         -2.10200       -3.20810       -2.59930
H          0.74610       -3.96910       -1.77090
H         -0.27290       -4.91900       -2.85450
H         -0.35350       -5.78570       -0.52310
H         -0.97260       -4.22980        0.05000
H         -1.95220       -5.22180       -1.04470

