HF BASIS=def2-svp cutoff=1.0e-9 denserms=1.0e-6  zmake GRADIENT DIPOLE CHARGE=0

C         -1.04850        3.67650       -1.25770
C         -1.97180        2.70110       -1.22160
C         -3.20700        2.62890       -1.96930
C         -4.26780        1.83580       -1.70240
C         -5.47680        1.89000       -2.60780
C         -4.44260        0.89150       -0.51580
C         -4.72580        1.71300        0.76070
C         -5.18910        0.84610        1.93960
C         -5.68200        1.71330        3.09750
C         -6.05520        0.84470        4.29570
C         -4.91080       -0.11760        4.66920
C         -5.38910       -1.05420        5.78130
C         -4.40890       -0.87110        3.42070
O         -5.43360       -1.75240        2.94740
O         -4.08660        0.06070        2.38520
C         -3.12780       -1.69800        3.59970
O         -2.99570       -2.81490        3.09900
C         -2.00320       -1.09900        4.42780
O         -2.15080       -1.10870        5.64580
N         -0.87240       -0.57700        3.79560
C          0.19150       -0.02640        4.62340
C          0.17830        1.49830        4.54750
C         -0.19710        2.01100        3.15350
C          0.07360        0.95660        2.08630
C         -0.74290       -0.33340        2.33930
C         -0.14800       -1.54770        1.59040
O         -0.36540       -2.71580        1.87930
O          0.58340       -1.14790        0.51900
C          0.95390       -2.07490       -0.51690
C          1.40370       -1.21660       -1.72230
C          2.60310       -0.31150       -1.46770
O          2.54090        0.55580       -0.59000
C          3.80810       -0.34900       -2.43360
C          4.06510       -1.67900       -3.14260
C          5.06860        0.01810       -1.67200
C          5.73180        1.19850       -1.66060
C          7.01300        1.30640       -0.86790
C          5.30300        2.44480       -2.41410
O          6.47780        3.05040       -2.97780
C          4.46280        3.46800       -1.58280
O          5.17850        3.96630       -0.45040
C          4.65230        3.47760        0.77900
C          4.09270        4.65310       -2.48680
O          4.11550        4.55020       -3.72180
C          3.65750        5.96410       -1.82680
C          4.68170        7.03830       -2.19510
C          2.24030        6.35680       -2.29250
C          1.14150        5.92570       -1.29220
C          1.07350        6.89740       -0.10690
C         -0.19880        5.90050       -1.98730
C         -1.12500        4.92600       -1.98380
C          1.99990       -3.16380       -0.14620
C          2.98420       -2.70140        0.93770
C          1.44340       -4.56450        0.25480
C          0.45570       -5.30840       -0.69020
C          0.75910       -5.10740       -2.18350
C         -0.25360       -5.79740       -3.08890
C         -1.66990       -5.33680       -2.73920
O         -2.59050       -5.96440       -3.62940
S         -3.72530       -5.01680       -4.30150
O         -4.65540       -6.07910       -5.06970
O         -3.08250       -4.23260       -5.33200
O         -4.49650       -4.40410       -3.24440
C         -2.01610       -5.70020       -1.29020
O         -1.97730       -7.12100       -1.11490
C         -1.02330       -5.05590       -0.31960
O         -3.28090        0.07460       -0.33620
C         -3.28010       -1.07630       -1.17010
H         -0.17450        3.52590       -0.62600
H         -1.75440        1.85620       -0.57120
H         -3.26110        3.27480       -2.84310
H         -5.37150        2.63050       -3.41030
H         -5.63470        0.91350       -3.07870
H         -6.37450        2.14980       -2.03400
H         -5.30760        0.23720       -0.69450
H         -5.50330        2.45800        0.54350
H         -3.81770        2.24920        1.06040
H         -6.00030        0.19280        1.59510
H         -6.54630        2.30870        2.79030
H         -4.89020        2.40710        3.40400
H         -6.96180        0.27790        4.05570
H         -6.30430        1.48390        5.15010
H         -4.09720        0.50540        5.06170
H         -6.31350       -1.57500        5.50510
H         -4.64060       -1.81260        6.02830
H         -5.59160       -0.48400        6.69590
H         -4.95420       -2.46480        2.47870
H          1.14350       -0.42680        4.25450
H          0.09780       -0.35010        5.66580
H         -0.53500        1.90600        5.27400
H          1.16290        1.87990        4.83840
H         -1.26370        2.27020        3.13340
H          0.35360        2.93280        2.93260
H         -0.16250        1.35580        1.09300
H          1.15150        0.73910        2.07920
H         -1.74070       -0.19300        1.92130
H          0.03330       -2.54890       -0.85560
H          1.57080       -1.86040       -2.58620
H          0.58620       -0.54150       -2.00870
H          3.58500        0.38630       -3.21100
H          3.25560       -1.93160       -3.83720
H          4.98320       -1.63770       -3.73770
H          4.16920       -2.50560       -2.42990
H          5.47700       -0.79380       -1.06760
H          7.23240        0.40230       -0.28850
H          6.97920        2.14130       -0.16170
H          7.86430        1.46790       -1.54250
H          4.70740        2.14170       -3.28240
H          6.15330        3.68040       -3.65150
H          3.51310        3.00600       -1.28160
H          5.25810        3.88790        1.59350
H          3.61510        3.81020        0.91550
H          4.70170        2.38410        0.82400
H          3.67560        5.84890       -0.74020
H          5.69820        6.71690       -1.93650
H          4.47570        7.96760       -1.65500
H          4.66580        7.25950       -3.27080
H          2.17900        7.44450       -2.43790
H          2.03500        5.91340       -3.27560
H          1.39770        4.93190       -0.91060
H          0.81970        7.91150       -0.45060
H          2.02870        6.95920        0.42410
H          0.30960        6.58910        0.61620
H         -0.44180        6.79770       -2.55970
H         -2.03650        5.10780       -2.55150
H          2.59820       -3.35800       -1.04500
H          2.49590       -2.59670        1.91120
H          3.79110       -3.43320        1.05560
H          3.44770       -1.74530        0.68550
H          1.02360       -4.54160        1.26510
H          2.32020       -5.22380        0.34200
H          0.61440       -6.38270       -0.49440
H          0.74910       -4.04450       -2.43880
H          1.76740       -5.47280       -2.41230
H         -0.03570       -5.56290       -4.13880
H         -0.16970       -6.88840       -3.00390
H         -1.71230       -4.24450       -2.85620
H         -4.23820       -6.27870       -5.93160
H         -3.03540       -5.38290       -1.04520
H         -2.63990       -7.49800       -1.72160
H         -1.19980       -5.45150        0.68790
H         -1.24390       -3.98860       -0.27680
H         -2.34170       -1.61100       -1.00430
H         -3.34160       -0.79670       -2.22550
H         -4.10800       -1.74060       -0.90440

