HF BASIS=def2-svp cutoff=1.0e-9 denserms=1.0e-6  zmake GRADIENT DIPOLE CHARGE=0

C         -4.35980       -3.21630        1.16790
C         -4.21420       -1.70570        1.30810
C         -3.35380       -1.07430        0.19130
C         -3.69750        0.41920        0.07140
C         -1.83310       -1.35430        0.37260
N         -1.06410       -0.93450       -0.82280
C         -1.23390       -0.61060        1.60300
O         -1.10860        0.62110        1.60040
N         -0.82350       -1.33880        2.69270
C         -0.84070       -2.78700        2.83800
C         -0.24460       -3.05100        4.21210
C         -0.62980       -1.79910        4.99440
C         -0.44650       -0.68600        3.95730
C          1.00210       -0.13550        3.95120
O          1.82740       -0.41780        4.81650
N          1.27680        0.76060        2.94270
C          2.56630        1.44150        2.83860
C          3.71560        0.52620        2.35710
C          3.52990       -0.14260        1.01080
C          2.60700       -1.18180        0.83870
C          2.38640       -1.74000       -0.42130
C          3.10970       -1.27520       -1.51370
O          2.90790       -1.78010       -2.76380
C          4.05700       -0.27450       -1.35970
C          4.27140        0.28600       -0.09910
C          2.42880        2.72520        1.99120
O          2.86350        3.81000        2.37540
N          1.84100        2.56400        0.75160
C          1.77560        3.68860       -0.18740
C          0.75930        3.44210       -1.33510
C         -0.67150        3.42740       -0.78330
C          1.08000        2.16720       -2.14470
C          0.23130        2.00910       -3.39950
C          3.16330        4.03760       -0.75430
O          3.16100        5.18280       -1.47190
O          4.20740        3.41940       -0.61090
H         -4.95580       -3.61200        1.99640
H         -3.39880       -3.73320        1.16580
H         -4.87790       -3.46620        0.23630
H         -5.22450       -1.27820        1.27970
H         -3.80660       -1.46160        2.29540
H         -3.66310       -1.53480       -0.75810
H         -3.08280        0.92310       -0.68070
H         -4.74030        0.54380       -0.23600
H         -3.57880        0.94210        1.02650
H         -1.67300       -2.43060        0.46340
H         -0.98110        0.08580       -0.79020
H         -1.60080       -1.13760       -1.66360
H         -1.87860       -3.12450        2.79460
H         -0.26880       -3.26090        2.03520
H         -0.62650       -3.97150        4.66170
H          0.84680       -3.13110        4.14300
H         -0.03890       -1.67460        5.90620
H         -1.68750       -1.86370        5.28340
H         -1.11770        0.15680        4.16240
H          0.51820        1.02870        2.31200
H          2.81760        1.78040        3.85340
H          3.88690       -0.26700        3.09650
H          4.64250        1.11490        2.33640
H          2.03990       -1.55750        1.68540
H          1.63920       -2.51970       -0.53280
H          2.24600       -2.48740       -2.69840
H          4.62640        0.07610       -2.21680
H          5.01360        1.07660        0.00290
H          1.86320        1.62560        0.36840
H          1.46650        4.56890        0.39290
H          0.81910        4.29300       -2.02770
H         -0.87010        4.32900       -0.19220
H         -0.84230        2.55880       -0.14160
H         -1.41080        3.40580       -1.58950
H          0.94350        1.27400       -1.52600
H          2.13070        2.18650       -2.45270
H          0.32500        2.88290       -4.05270
H          0.55980        1.12820       -3.96330
H         -0.82420        1.86240       -3.15540
H          4.10510        5.30230       -1.70470

