HF BASIS=def2-svp cutoff=1.0e-9 denserms=1.0e-6  zmake GRADIENT DIPOLE CHARGE=0

C         -0.43950       -0.07020        3.64850
C         -0.72210        0.94910        2.54470
C         -1.83340        0.40560        1.60060
C         -1.18070        0.31970        0.22480
C         -2.06660        0.21800       -1.04400
C         -3.08560       -0.94710       -0.97570
O         -4.00160       -0.71330        0.09670
C         -3.90930       -1.08030       -2.26330
C         -3.05130       -1.11740       -3.49920
C         -3.14620       -2.13830       -4.37020
C         -2.29430       -2.21910       -5.57520
O         -2.39970       -3.14660       -6.36750
C         -1.31410       -1.13720       -5.78550
C         -1.21410       -0.11800       -4.92110
C         -2.06540        0.05510       -3.66150
C         -2.91800        1.32250       -3.92690
C         -1.16400        0.13360       -2.34100
Cl         -0.17800       -1.44940       -2.25140
C         -0.08810        1.27600       -2.35100
O         -0.65790        2.53690       -2.69270
C          0.68720        1.42680       -1.02100
C         -0.22830        1.54260        0.22290
C         -0.99370        2.89780        0.19830
C          0.49260        1.34160        1.62700
O          1.38880        0.20930        1.44980
C          2.42640        0.01680        2.31240
O          2.61670        0.69620        3.31350
C          3.22790       -1.09540        1.86280
C          3.13720       -1.93320        0.76380
C          4.22280       -2.83790        0.84520
C          4.91060       -2.50640        1.98720
O          4.31740       -1.45700        2.61110
C          1.29370        2.62700        1.99500
O          2.07960        3.12290        1.17590
C          1.15520        3.23410        3.37170
Cl          0.00550        4.58140        3.30220
H         -1.35210       -0.26980        4.22170
H          0.30740        0.29620        4.35650
H         -0.09650       -1.02660        3.24130
H         -1.13340        1.84130        3.02920
H         -2.68280        1.09770        1.59260
H         -2.20860       -0.56970        1.92700
H         -0.58050       -0.59980        0.25760
H         -2.66280        1.13570       -1.08630
H         -2.57020       -1.89040       -0.75950
H         -4.58580       -1.48930        0.16300
H         -4.53870       -1.97640       -2.18590
H         -4.61990       -0.24770       -2.33590
H         -3.84170       -2.96000       -4.24230
H         -0.69700       -1.21140       -6.67320
H         -0.48870        0.66240       -5.14130
H         -2.32730        2.14740       -4.33860
H         -3.42000        1.69370       -3.02940
H         -3.70310        1.12250       -4.66920
H          0.65070        1.06850       -3.13540
H          0.05280        3.20500       -2.67230
H          1.33110        2.31180       -1.08360
H          1.36130        0.56940       -0.91940
H         -0.30180        3.73400        0.04940
H         -1.73560        2.95930       -0.59970
H         -1.53820        3.09400        1.12560
H          2.38030       -1.88500       -0.00930
H          4.47560       -3.63030        0.15410
H          5.79720       -2.89370        2.46890
H          2.12720        3.62390        3.68790
H          0.82430        2.51220        4.11780

