HF BASIS=def2-svp cutoff=1.0e-9 denserms=1.0e-6  zmake GRADIENT DIPOLE CHARGE=0

C          5.29080       -1.61770       -0.74040
C          4.22640       -2.47570       -0.07550
C          3.17930       -1.61830        0.63460
C          2.10910       -2.48530        1.29900
C          1.05160       -1.62740        1.99590
C         -0.05400       -2.49630        2.60140
C         -1.10210       -1.67560        3.34890
O         -1.68470       -0.72420        2.44930
C         -2.80540       -0.11140        2.91080
O         -3.31240       -0.31350        4.00730
C         -3.32440        0.92480        1.93900
C         -3.05070        0.63970        0.46120
C         -3.78630       -0.60400       -0.04650
C         -3.64880       -0.81400       -1.55830
C         -2.21810       -0.96540       -2.08490
C         -1.46760       -2.15120       -1.47890
C         -0.09050       -2.31390       -2.10390
H          6.02920       -2.25090       -1.24210
H          5.81600       -1.00250       -0.00280
H          4.84790       -0.95350       -1.48940
H          4.70530       -3.15050        0.64340
H          3.74260       -3.10080       -0.83520
H          2.70760       -0.94230       -0.08900
H          3.66720       -0.99210        1.39150
H          2.57830       -3.15500        2.02990
H          1.62960       -3.11880        0.54350
H          1.52460       -1.02970        2.78440
H          0.61960       -0.92570        1.27240
H          0.38150       -3.23110        3.28830
H         -0.54590       -3.05180        1.79360
H         -0.63850       -1.13820        4.18380
H         -1.87240       -2.35230        3.73720
H         -2.86280        1.88020        2.21310
H         -4.40560        1.01730        2.09400
H         -1.97230        0.53740        0.29740
H         -3.37670        1.50970       -0.12220
H         -4.85440       -0.50780        0.18580
H         -3.43780       -1.49680        0.48380
H         -4.11940        0.03090       -2.07660
H         -4.22560       -1.70460       -1.83750
H         -1.65430       -0.04110       -1.91450
H         -2.27060       -1.09430       -3.17350
H         -1.34720       -2.01410       -0.39970
H         -2.04250       -3.07200       -1.62990
H          0.42180       -3.17910       -1.67220
H          0.52780       -1.42830       -1.92490
H         -0.16490       -2.46960       -3.18490

