HF BASIS=def2-svp cutoff=1.0e-9 denserms=1.0e-6  zmake GRADIENT DIPOLE CHARGE=0

C         -0.79550        1.47850        3.79720
C         -0.07770        0.27580        4.34950
O         -0.28800       -0.13500        5.49030
C          0.91210       -0.44750        3.50460
C          1.22540       -0.11590        2.24330
C          2.23780       -0.86620        1.41000
C          1.66270       -1.56780        0.14290
C          2.81980       -2.28380       -0.58620
C          0.62930       -2.63630        0.55600
C          1.04930       -0.56010       -0.80030
C         -0.17230       -0.45020       -1.43610
C         -0.12830        0.74150       -2.19870
C          1.11700        1.28910       -1.98830
C          1.79220        2.50460       -2.48230
O          1.83630        0.50410       -1.14150
H         -1.47350        1.87520        4.55920
H         -0.07700        2.26070        3.53920
H         -1.39000        1.19470        2.92490
H          1.37660       -1.29620        3.99830
H          0.76370        0.73950        1.75540
H          2.74380       -1.61580        2.03410
H          3.01740       -0.14870        1.11960
H          3.28100       -3.04460        0.05380
H          3.60570       -1.57890       -0.88230
H          2.46860       -2.78180       -1.49790
H          1.06280       -3.34970        1.26640
H          0.27940       -3.20920       -0.31130
H         -0.25510       -2.19240        1.02710
H         -0.99730       -1.14490       -1.36160
H         -0.90730        1.14940       -2.82760
H          1.13890        3.07230       -3.15200
H          2.07110        3.15380       -1.64680
H          2.69980        2.24090       -3.03390

