HF BASIS=def2-svp cutoff=1.0e-9 denserms=1.0e-6  zmake GRADIENT DIPOLE CHARGE=0

C         -5.38970       -0.81470        0.40190
C         -4.40930        0.32780        0.61470
C         -3.73620        0.31180        1.98850
C         -2.84820       -0.91460        2.21540
C         -2.08830       -0.80730        3.54030
C         -1.27700       -2.06010        3.88780
C         -0.25080       -2.50500        2.84150
C          0.79750       -1.43740        2.51990
C          1.80300       -1.95050        1.48640
C          2.88710       -0.93060        1.12430
C          2.39050        0.41220        0.57660
C          1.46310        0.27560       -0.63380
C          1.08310        1.64380       -1.20080
C          0.22800        1.57070       -2.46870
C         -1.17510        1.04100       -2.19750
C         -2.17870        1.25350       -3.37480
C         -2.66920       -0.20670       -3.26460
C         -1.41370       -0.48060       -2.41790
O         -0.84910       -1.49850       -2.07990
H         -4.87960       -1.78210        0.38050
H         -5.90580       -0.69240       -0.55590
H         -6.14500       -0.83750        1.19360
H         -3.64710        0.30240       -0.17140
H         -4.94800        1.27620        0.50240
H         -4.50100        0.36450        2.77290
H         -3.12620        1.21920        2.08000
H         -2.14110       -1.00190        1.38290
H         -3.45970       -1.82370        2.22450
H         -1.43040        0.06930        3.51990
H         -2.80480       -0.63210        4.35280
H         -1.97100       -2.89170        4.06340
H         -0.76090       -1.88480        4.83990
H         -0.76580       -2.80920        1.92270
H          0.25540       -3.40220        3.21950
H          0.29970       -0.54340        2.13350
H          1.32480       -1.14800        3.43650
H          1.27480       -2.26660        0.57910
H          2.29610       -2.84820        1.88030
H          3.50340       -0.73560        2.01080
H          3.55310       -1.38820        0.38200
H          1.88090        0.97120        1.37020
H          3.26720        1.00970        0.29650
H          0.55350       -0.24900       -0.32930
H          1.95270       -0.32480       -1.40920
H          2.00080        2.19500       -1.44130
H          0.55710        2.22460       -0.43310
H          0.73270        0.97670       -3.23980
H          0.14680        2.59160       -2.86330
H         -1.59040        1.38900       -1.24300
H         -1.70660        1.47610       -4.33950
H         -2.94800        2.00940       -3.18860
H         -2.71180       -0.75620       -4.20690
H         -3.59930       -0.34040       -2.70570

