HF BASIS=def2-svp cutoff=1.0e-9 denserms=1.0e-6  zmake GRADIENT DIPOLE CHARGE=0

C          3.80880       -1.50340        1.63940
C          5.20940       -1.24010        1.12510
C          5.25360       -0.05950        0.16240
O          6.62360        0.22290       -0.11920
C          4.53430        1.21270        0.71070
C          5.07230        1.58760        2.11900
C          5.01100        2.38530       -0.20710
O          5.85680        3.20970        0.18260
C          4.51490        2.53060       -1.65690
O          5.11000        3.65430       -2.29580
C          3.02340        2.72160       -1.73610
C          2.23680        1.91030       -2.49950
C          2.74510        0.94900       -3.54390
C          0.72880        1.96320       -2.33000
C          0.33220        2.14010       -0.85080
C          1.30990        2.98680        0.03370
O          0.45790        3.96340        0.68170
C          1.99360        2.06980        1.17640
O          0.89250        1.48030        1.93390
C          0.38760        2.20070        2.96690
O          0.79180        3.29660        3.32180
C         -0.68930        1.44240        3.65140
C         -1.07940        1.85490        4.93250
C         -2.07000        1.15480        5.62440
C         -2.67370        0.04200        5.03980
C         -2.29390       -0.37000        3.76250
C         -1.30790        0.33050        3.06440
C          2.97040        0.90590        0.71860
C          2.65270       -0.45590        1.44450
C          2.63080       -0.47090        3.00110
O          3.76780       -1.34750        3.07820
O          1.43010       -1.03570        0.88550
C          1.56440       -1.72640       -0.27820
C          0.32940       -2.52080       -0.55540
O          2.57640       -1.75130       -0.96460
C          2.34160        3.78720       -0.83430
C          1.66230        4.87510       -1.73170
C          3.23770        4.67410        0.07930
O          0.10760        0.75840       -2.83410
C         -1.10970        0.96320       -3.41370
O         -1.72360        2.02650       -3.43310
C         -1.64620       -0.28950       -4.09750
O         -2.62290        0.10870       -5.08240
C         -2.27750       -1.23750       -3.05340
N         -3.50560       -0.67770       -2.50480
C         -3.53620        0.01240       -1.33340
O         -2.59560        0.08890       -0.55940
O         -4.74960        0.58440       -1.19200
C         -5.05100        1.39920       -0.03060
C         -6.45680        1.95430       -0.29570
C         -4.08170        2.57910        0.11180
C         -5.09170        0.53610        1.23220
C         -2.55530       -2.66340       -3.51460
C         -2.77090       -3.65080       -2.53400
C         -3.03380       -4.97350       -2.88820
C         -3.09570       -5.33220       -4.23050
C         -2.89940       -4.36810       -5.21560
C         -2.63570       -3.04250       -4.86230
H          3.51360       -2.53430        1.40060
H          5.91690       -1.08360        1.94970
H          5.58980       -2.13080        0.60900
H          4.79840       -0.34730       -0.79230
H          7.06600       -0.60780       -0.36890
H          4.88430        0.83850        2.88310
H          6.16120        1.72000        2.10530
H          4.64750        2.53060        2.47820
H          4.87820        1.64350       -2.17910
H          5.86880        3.90510       -1.72890
H          2.69100       -0.07980       -3.17700
H          2.13910        1.02630       -4.45370
H          3.77100        1.15430       -3.85890
H          0.38540        2.79630       -2.94850
H          0.19380        1.14500       -0.41220
H         -0.67530        2.57640       -0.82610
H          0.82680        4.18240        1.56150
H          2.54150        2.71000        1.87070
H         -0.61450        2.72320        5.39590
H         -2.36920        1.47850        6.61900
H         -3.44360       -0.50420        5.58090
H         -2.77380       -1.23110        3.30360
H         -1.04640        0.00840        2.05890
H          2.72320        0.70110       -0.32080
H          2.81330        0.47620        3.51450
H          1.74760       -0.94080        3.44730
H          0.27860       -2.74270       -1.62460
H         -0.55730       -1.94610       -0.27780
H          0.36100       -3.45320        0.01310
H          2.35480        5.22960       -2.50490
H          1.36050        5.75350       -1.14620
H          0.74900        4.55450       -2.22820
H          2.64890        5.46030        0.56900
H          4.02070        5.18300       -0.49360
H          3.70790        4.14030        0.90220
H         -0.81910       -0.76460       -4.63510
H         -3.06630        0.89920       -4.71470
H         -1.55180       -1.32040       -2.23860
H         -4.34020       -0.65790       -3.07570
H         -6.81310        2.57620        0.53050
H         -6.47420        2.55680       -1.21040
H         -7.17640        1.14360       -0.44900
H         -3.08440        2.25600        0.42510
H         -3.95970        3.10280       -0.84330
H         -4.43640        3.29640        0.85990
H         -5.41590        1.11370        2.10340
H         -5.77430       -0.31090        1.10160
H         -4.11200        0.10890        1.45600
H         -2.74130       -3.38750       -1.47780
H         -3.19800       -5.72260       -2.11890
H         -3.30640       -6.35930       -4.51260
H         -2.95800       -4.64230       -6.26550
H         -2.50230       -2.31670       -5.66030

