HF BASIS=def2-svp cutoff=1.0e-9 denserms=1.0e-6  zmake GRADIENT DIPOLE CHARGE=0

C          2.12660        1.70350       -0.05320
O          1.37420        2.86310       -0.42270
C          0.55760        3.27570        0.61320
C          0.98440        4.11490        1.57020
C          2.35650        4.71180        1.64090
C          0.05720        4.50200        2.65890
O          0.41650        5.25410        3.56080
O         -1.20180        3.97700        2.63200
C         -1.63190        3.14940        1.57480
C         -3.01770        2.76700        1.72370
C         -3.50690        1.53930        1.96420
C         -2.74260        0.32170        2.13630
C         -3.31370       -0.84770        2.46230
C         -2.57050       -2.05610        2.72550
C         -1.85170       -2.83110        1.89700
C         -1.63090       -2.77720        0.44880
C         -2.57880       -1.97140       -0.39900
C         -0.64290       -3.54880       -0.05980
C         -0.13780       -3.73950       -1.48410
C         -0.79690       -4.98520       -2.08020
O         -0.50210       -2.60070       -2.30530
C          0.68260       -2.08780       -2.94950
C          0.49090       -0.61350       -3.25810
C          1.81760       -2.41840       -1.98200
C          3.20880       -2.31890       -2.58610
O          1.79320       -1.58510       -0.80760
C          1.41720       -3.83960       -1.58880
O          2.08630       -4.27310       -0.40730
C         -0.81930        2.81650        0.55630
C         -1.25340        2.03160       -0.65220
H          2.65200        1.34710       -0.94390
H          1.47300        0.90260        0.30700
H          2.87170        1.94900        0.71060
H          2.89690        4.32150        2.50940
H          2.29970        5.80180        1.72760
H          2.95510        4.49540        0.75100
H         -3.71760        3.59880        1.67930
H         -4.58720        1.44750        2.07130
H         -1.66270        0.37290        2.02420
H         -4.38560       -0.91360        2.63710
H         -2.61690       -2.35900        3.77180
H         -1.34570       -3.66250        2.39270
H         -2.65810       -2.35460       -1.41940
H         -2.26290       -0.92640       -0.44720
H         -3.60000       -2.02160       -0.00910
H         -0.09490       -4.17830        0.64560
H         -0.50860       -5.89420       -1.54140
H         -1.89000       -4.90110       -2.05940
H         -0.52410       -5.10510       -3.13490
H          0.80150       -2.63980       -3.89190
H          0.29660       -0.03570       -2.35130
H          1.36780       -0.19280       -3.75810
H         -0.38010       -0.47250       -3.90740
H          3.44280       -1.28370       -2.85600
H          3.97040       -2.62980       -1.86310
H          3.30750       -2.93930       -3.48200
H          0.85250       -1.44930       -0.57490
H          1.69090       -4.53680       -2.39090
H          2.27240       -3.45800        0.10370
H         -0.80970        1.03310       -0.63280
H         -0.94670        2.53460       -1.57540
H         -2.33860        1.90970       -0.71670

