HF BASIS=def2-svp cutoff=1.0e-9 denserms=1.0e-6  zmake GRADIENT DIPOLE CHARGE=0

C         -3.07700        0.83540        1.39780
C         -3.22280        0.73470       -0.12480
C         -3.80480       -0.60810       -0.57900
O         -3.61740       -0.70000       -2.01040
C         -4.48800       -0.05460       -2.81260
O         -5.47620        0.57120       -2.46610
C         -4.12440       -0.26010       -4.23270
C         -2.88450       -0.35340       -4.74300
C         -1.63560       -0.20020       -3.98690
C         -0.90150       -1.33090       -3.60410
C          0.26430       -1.18710       -2.85160
O          1.05300       -2.22040       -2.41660
C          0.49120       -3.52470       -2.44510
C          0.69960        0.10410       -2.51030
O          1.82910        0.23830       -1.73360
C          2.96700        0.44870       -2.57180
C         -0.03610        1.24480       -2.87050
O          0.45870        2.44680       -2.43920
C         -0.25580        3.62310       -2.79500
C         -1.20180        1.08200       -3.61920
C         -3.09260       -1.83730        0.03730
O         -3.94820       -2.99870       -0.08360
C         -3.86990       -3.65320       -1.34130
C         -2.82970       -1.67310        1.54020
C         -1.95370       -2.81120        2.03940
O         -1.07950       -3.36670        1.38650
O         -2.24750       -3.08700        3.34420
C         -1.43800       -4.10920        3.92230
C         -2.21030       -0.31910        1.92570
C         -0.73160       -0.14850        1.48750
C         -0.29600        1.32850        1.37410
N         -1.11820        2.13240        2.30340
C         -0.54980        3.47130        2.57160
C          0.84190        3.39850        3.25530
C          1.71190        2.43600        2.52580
C          1.15730        1.49850        1.68140
N          2.17600        0.80080        1.09560
C          3.38520        1.22850        1.60140
C          3.12070        2.26150        2.50290
C          4.20650        2.88230        3.14810
C          5.51470        2.44970        2.87460
C          5.75490        1.41480        1.97150
O          6.98670        0.91660        1.63370
C          8.11510        1.50370        2.26950
C          4.68530        0.79000        1.31960
C         -2.50990        2.20650        1.84430
H         -4.08330        0.74030        1.83000
H         -2.26250        0.89320       -0.62530
H         -3.86690        1.54600       -0.48630
H         -4.87650       -0.66100       -0.34740
H         -4.98370       -0.30370       -4.89430
H         -2.75590       -0.51790       -5.80880
H         -1.26990       -2.31180       -3.88770
H         -0.45560       -3.56080       -1.89800
H          1.19120       -4.20030       -1.94220
H          0.37180       -3.87580       -3.47650
H          2.85690        1.34790       -3.18780
H          3.15580       -0.42550       -3.20400
H          3.83580        0.59170       -1.92460
H          0.28510        4.48280       -2.38560
H         -0.29700        3.74190       -3.88340
H         -1.25870        3.62150       -2.35520
H         -1.80110        1.93570       -3.91970
H         -2.15520       -2.03530       -0.49740
H         -4.40410       -4.60260       -1.26200
H         -2.83410       -3.86490       -1.61290
H         -4.35730       -3.06420       -2.12220
H         -3.79950       -1.77630        2.05160
H         -1.49080       -5.03000        3.33370
H         -1.82330       -4.31720        4.92430
H         -0.40460       -3.76590        4.00900
H         -2.22050       -0.26440        3.02490
H         -0.55030       -0.63290        0.52010
H         -0.10700       -0.68280        2.21760
H         -0.44450        1.69100        0.34960
H         -1.21780        4.03500        3.23460
H         -0.46890        4.03850        1.63430
H          0.72590        3.05970        4.29080
H          1.29390        4.39570        3.27570
H          2.06710        0.10300        0.36750
H          4.03530        3.69030        3.85240
H          6.32440        2.95020        3.39370
H          8.07900        1.35800        3.35440
H          8.20380        2.56520        2.01520
H          9.00990        0.99790        1.89550
H          4.86370       -0.01750        0.61760
H         -2.62230        2.94610        1.03900
H         -3.11910        2.56460        2.68650

