HF BASIS=def2-svp cutoff=1.0e-9 denserms=1.0e-6  zmake GRADIENT DIPOLE CHARGE=0

C         -3.20490        7.57180        0.73950
O         -2.51860        7.20690        1.93090
C         -1.74720        6.07950        1.87910
C         -1.13860        5.73020        3.08600
C         -0.32070        4.59890        3.17500
C         -0.08750        3.79800        2.04900
C         -0.70840        4.15320        0.84260
C         -1.52950        5.28500        0.75550
C          0.76290        2.59260        2.11420
C          1.91330        2.57230        2.80020
C          2.72370        1.34220        2.82940
O          3.73660        1.31370        3.51420
C          2.23220        0.20470        2.02160
C          2.91890       -1.00960        1.91230
O          4.14080       -1.18900        2.50780
C          3.99220       -1.86030        3.76080
C          2.39610       -2.03400        1.10420
O          3.06570       -3.23080        0.98960
C          4.05380       -3.14130       -0.03650
C          1.16320       -1.88310        0.44890
O          0.73290       -2.96160       -0.27570
C         -0.43750       -2.81460       -1.09810
O         -1.61360       -2.76190       -0.28210
C         -2.85610       -2.75530       -1.00610
C         -3.14530       -1.38730       -1.65140
O         -2.24560       -1.08230       -2.71460
C         -2.96350       -3.95850       -1.95480
O         -4.14810       -3.89920       -2.75620
C         -1.72840       -4.09240       -2.85220
O         -1.81840       -5.34810       -3.55510
C         -0.45460       -4.05570       -2.01550
O         -0.41000       -5.27950       -1.24120
C          0.48130       -0.67440        0.57730
C          1.01830        0.36160        1.35090
O          0.27470        1.51660        1.39460
H         -3.77430        8.48320        0.94780
H         -2.50180        7.79610       -0.07010
H         -3.91720        6.79370        0.44170
H         -1.30670        6.34170        3.96960
H          0.11820        4.35130        4.13790
H         -0.55060        3.55450       -0.05230
H         -1.97910        5.51560       -0.20580
H          2.30650        3.41790        3.35000
H          3.20180       -1.41350        4.37710
H          4.93820       -1.76610        4.30330
H          3.79250       -2.92640        3.60680
H          4.86670       -2.46850        0.25370
H          3.61630       -2.82050       -0.98870
H          4.47660       -4.14060       -0.18050
H         -0.32900       -1.91350       -1.70880
H         -3.63550       -2.88100       -0.24310
H         -4.16600       -1.35670       -2.04610
H         -3.03640       -0.59630       -0.90170
H         -2.59640       -0.28800       -3.15480
H         -3.05240       -4.87090       -1.34970
H         -4.02580       -4.58600       -3.44230
H         -1.71800       -3.31480       -3.62220
H         -1.44230       -6.01020       -2.93490
H          0.43550       -4.08280       -2.65260
H          0.17400       -5.08510       -0.47870
H         -0.47730       -0.50500        0.09770

