HF BASIS=def2-svp cutoff=1.0e-9 denserms=1.0e-6  zmake GRADIENT DIPOLE CHARGE=0

C          2.16660        1.56590       -0.00020
C          0.88080        0.68250       -0.00960
C          1.22980       -0.66720        0.66590
C          1.49750       -0.57680        2.16560
C          0.34760        0.07100        2.92550
C         -0.06380        1.45660        2.37920
C          0.97800        2.51070        2.83190
C         -0.26750        1.42370        0.80030
C         -1.67990        0.89480        0.41890
O         -1.90750       -0.42010        0.91440
C         -1.94780        0.94700       -1.08710
O         -3.29960        0.52570       -1.31510
C         -0.97110        0.08820       -1.89530
C         -1.19170        0.32720       -3.41320
C         -0.35910       -0.78840       -4.03780
C          1.12860       -0.47330       -3.85560
C          1.52540       -0.32060       -2.37850
C          0.50290        0.51610       -1.55690
C         -0.76690       -1.95580       -3.17720
C         -0.75730       -3.24090       -3.55030
C         -1.23870       -1.44330       -1.83520
C         -1.34580        1.96200        3.05610
O         -1.72370        1.27790        4.14970
O         -1.98250        2.94980        2.71410
H          2.60140        1.69520        0.98660
H          2.97060        1.12730       -0.59730
H          1.96160        2.56410       -0.40320
H          0.42240       -1.38630        0.52790
H          2.11750       -1.10990        0.19920
H          2.43290       -0.04120        2.35600
H          1.65400       -1.58930        2.55820
H         -0.50630       -0.61650        2.91270
H          0.63390        0.15250        3.98290
H          2.00260        2.13650        2.83130
H          0.93480        3.40960        2.20700
H          0.79250        2.83610        3.86420
H         -0.26370        2.47030        0.45890
H         -2.45640        1.51320        0.87700
H         -2.71120       -0.74290        0.45990
H         -1.87680        1.98880       -1.42640
H         -3.88370        1.23320       -0.98740
H         -2.24910        0.21850       -3.69020
H         -0.87030        1.32320       -3.73870
H         -0.60770       -0.92890       -5.09430
H          1.36570        0.45740       -4.38660
H          1.74240       -1.25960       -4.31180
H          2.52160        0.12990       -2.35050
H          1.62960       -1.32130       -1.94490
H          0.58540        1.53860       -1.96230
H         -0.42160       -3.53850       -4.53840
H         -1.08580       -4.02380       -2.87390
H         -0.71400       -1.94540       -1.02480
H         -2.30750       -1.66460       -1.73940
H         -2.53020        1.73820        4.45970

