HF BASIS=def2-svp cutoff=1.0e-9 denserms=1.0e-6  zmake GRADIENT DIPOLE CHARGE=0

O         -1.71420       -4.61200        0.16650
C         -2.29070       -3.40010        0.40500
C         -2.16390       -2.76830        1.63750
C         -2.76460       -1.52220        1.83320
C         -3.48580       -0.91030        0.79900
C         -4.11280        0.40270        0.98770
C         -3.47250        1.55630        1.24390
C         -2.04470        1.75710        1.36810
C         -1.15060        1.36400        0.44910
C          0.29540        1.61600        0.66290
O          0.65910        2.60240        1.30000
N          1.17800        0.69790        0.09250
C          0.80970       -0.70350       -0.14610
C          1.68530       -1.35880       -1.20970
C          3.16650       -1.17850       -0.89990
C          3.48970        0.29990       -0.72000
C          2.59880        0.93770        0.34090
C         -3.61530       -1.56790       -0.42950
C         -3.01130       -2.81120       -0.62770
H         -1.31720       -4.93500        0.99220
H         -1.60570       -3.22090        2.45060
H         -2.66380       -1.02670        2.79640
H         -5.19810        0.40590        0.91070
H         -4.06990        2.45220        1.40930
H         -1.71490        2.29430        2.25610
H         -1.45320        0.88570       -0.47210
H          0.91350       -1.22950        0.81110
H         -0.23400       -0.80000       -0.44830
H          1.44580       -2.42550       -1.28190
H          1.46460       -0.91100       -2.18670
H          3.42430       -1.72860        0.01320
H          3.77120       -1.59670       -1.71210
H          3.34420        0.81870       -1.67580
H          4.54280        0.42170       -0.44360
H          2.83230        0.53220        1.33320
H          2.79850        2.01480        0.37370
H         -4.17540       -1.11270       -1.24280
H         -3.10530       -3.31860       -1.58360

