HF BASIS=def2-svp cutoff=1.0e-9 denserms=1.0e-6  zmake GRADIENT DIPOLE CHARGE=0

C          2.71370        1.00580       -0.21300
O          1.68350        0.22870       -0.82770
C          0.53690        0.24710       -0.03690
C          0.21870       -0.83240        0.70980
C         -1.01930       -0.83940        1.58790
C         -1.53340        0.56140        1.93700
O         -0.60930        1.19200        2.84450
C         -2.88580        0.45360        2.67270
O         -3.28290        1.75900        3.09880
C         -1.65170        1.44110        0.69480
C         -0.39290        1.42910       -0.15740
N         -0.10310        2.33680       -1.04140
C         -0.98500        3.51700       -1.25410
C         -2.22350        3.14840       -2.07940
O         -1.99350        2.01410       -2.92650
C         -0.16130        4.55140       -2.02920
O          1.08550        4.09360       -2.31780
O         -0.55380        5.66360       -2.34740
N          1.01630       -1.99450        0.67290
C          1.25900       -2.88690        1.83280
C          0.22190       -4.00860        1.85550
O         -0.50150       -4.04690        0.70350
O          0.05750       -4.79550        2.77460
H          2.42670        2.05880       -0.11960
H          2.98060        0.59330        0.76600
H          3.59690        0.95400       -0.85580
H         -1.79890       -1.41270        1.07030
H         -0.80020       -1.35630        2.52920
H         -1.12250        1.89560        3.29630
H         -2.78930       -0.16520        3.57170
H         -3.66530        0.03690        2.02730
H         -4.13810        1.65860        3.55640
H         -1.85840        2.46980        1.00430
H         -2.47590        1.09410        0.06090
H         -1.24140        4.00930       -0.30990
H         -2.57340        3.97880       -2.70500
H         -3.04890        2.87600       -1.40930
H         -1.06650        1.72850       -2.77120
H          1.13810        3.18060       -1.94070
H          1.88050       -1.80450        0.15100
H          1.23290       -2.32500        2.76960
H          2.24370       -3.35050        1.71410
H         -0.17160       -3.29350        0.15100

