HF BASIS=def2-svp cutoff=1.0e-9 denserms=1.0e-6  zmake GRADIENT DIPOLE CHARGE=0

C          0.92490        3.76580        3.42830
N          0.10740        3.07620        2.42570
C         -1.07690        2.50190        3.06850
C          0.91530        2.04410        1.74800
C          0.24670        1.44260        0.50280
O          1.16740        0.53640       -0.11460
C          0.61670       -0.10370       -1.27740
C         -0.21870       -1.30630       -0.86420
C         -1.49760       -1.50190       -1.41010
C         -2.26670       -2.60670       -1.03950
C         -1.76770       -3.52950       -0.12230
C         -0.49950       -3.35020        0.42570
C          0.27090       -2.24660        0.05690
C          1.74030       -0.48630       -2.23640
C          1.45370       -0.69640       -3.59720
C          2.46170       -1.06270       -4.49290
C          3.76670       -1.22590       -4.03510
Br          5.13100       -1.72210       -5.24590
C          4.07280       -1.02840       -2.69130
C          3.06330       -0.66280       -1.79700
H          0.34930        4.56210        3.91350
H          1.78720        4.24990        2.95620
H          1.29250        3.08320        4.20320
H         -1.64470        3.27990        3.59190
H         -1.76180        2.07610        2.32880
H         -0.81740        1.72190        3.79340
H          1.86470        2.48620        1.41590
H          1.19380        1.23820        2.44060
H         -0.00590        2.24020       -0.20570
H         -0.66510        0.90260        0.77620
H         -0.01180        0.62980       -1.80170
H         -1.90440       -0.79440       -2.12890
H         -3.25540       -2.74920       -1.46820
H         -2.36630       -4.39030        0.16400
H         -0.10770       -4.07050        1.13900
H          1.26020       -2.11720        0.49140
H          0.43740       -0.58030       -3.96770
H          2.21760       -1.22050       -5.53990
H          5.08860       -1.15630       -2.32770
H          3.31560       -0.51460       -0.74870

