HF BASIS=def2-svp cutoff=1.0e-9 denserms=1.0e-6  zmake GRADIENT DIPOLE CHARGE=0

C         -5.17990        2.07040       -1.48870
O         -4.77040        0.71450       -1.29110
C         -3.47300        0.55330       -1.70030
C         -3.17140        0.06370       -2.97760
O         -4.13570       -0.21600       -3.91350
C         -5.09380       -1.17210       -3.46440
C         -1.82680       -0.06570       -3.36780
O         -1.54530       -0.44800       -4.65530
C         -1.50450       -1.87020       -4.76280
C         -0.79720        0.27690       -2.47730
C          0.63710        0.16140       -2.81800
O          1.06660       -0.29340       -3.86760
C          1.59580        0.60980       -1.79340
C          1.16620        1.05230       -0.60000
O         -0.18390        1.11010       -0.26830
C         -1.11990        0.73980       -1.20020
C         -2.45240        0.86620       -0.80390
C          2.09380        1.53040        0.53150
O          1.53840        1.21160        1.81940
C          1.36430       -0.17710        2.12610
O          2.55090       -0.66620        2.75540
C          2.46600       -2.00850        3.25340
C          1.30910       -2.15620        4.24890
O          1.14820       -3.49940        4.71120
C         -0.00730       -1.65850        3.64000
O         -1.01150       -1.66900        4.66940
C          0.15720       -0.24760        3.08560
O          0.34190        0.64690        4.20960
C          2.37920       -3.06860        2.15260
O          3.21070       -4.11170        2.34070
O          1.65480       -3.02340        1.16990
C          3.50580        0.98450        0.43290
C          4.61370        1.73270        0.31300
C          4.53570        3.20890        0.27600
O          5.53910        3.89680        0.14960
C          3.19450        3.81700        0.39920
C          2.10080        3.04830        0.51890
H         -4.74700        2.71360       -0.71390
H         -4.91320        2.44120       -2.48640
H         -6.26910        2.10730       -1.39090
H         -5.44430       -1.72500       -4.34120
H         -4.66930       -1.89650       -2.76000
H         -5.95880       -0.66700       -3.02550
H         -1.13240       -2.11940       -5.76150
H         -2.50560       -2.29990       -4.65800
H         -0.82630       -2.31560       -4.02650
H          2.63950        0.55610       -2.07780
H         -2.69680        1.22580        0.19230
H          1.14700       -0.75060        1.22240
H          3.40870       -2.19180        3.78260
H          1.53320       -1.55340        5.13920
H          0.30420       -3.50470        5.20860
H         -0.35270       -2.34660        2.86130
H         -0.90550       -0.81380        5.13970
H         -0.75870        0.09030        2.58670
H          0.83150        1.41640        3.84590
H          3.01610       -4.73090        1.60720
H          3.62600       -0.09560        0.45950
H          5.60550        1.30100        0.24650
H          3.15170        4.89940        0.39930
H          1.13520        3.53750        0.62710

